Date,Adj Close,Volume,LogReturn
2019-01-02,62.470619201660156,4549300,
2019-01-03,61.614986419677734,4562200,-0.013696563167084527
2019-01-04,62.461219787597656,4825900,0.013734213331736833
2019-01-07,65.51705932617188,7630600,0.04892378901606063
2019-01-08,65.45123291015625,6756000,-0.0010047217731173346
2019-01-09,66.09062194824219,6025100,0.009768938026937025
2019-01-10,64.21009826660156,13913700,-0.028453714403131613
2019-01-11,65.45123291015625,5025900,0.01932927494366186
2019-01-14,64.72723388671875,4568000,-0.01106165600320044
2019-01-15,64.13488006591797,3770000,-0.009151539239842677
2019-01-16,63.7963752746582,4888700,-0.00527801394361149
2019-01-17,65.22557067871094,4133200,0.022402454652003603
2019-01-18,66.45730590820312,4484100,0.018884238446291054
2019-01-22,66.08119201660156,5763900,-0.0056594814740321435
2019-01-23,66.11880493164062,4446600,0.0005691924417709205
2019-01-24,66.39149475097656,4057000,0.00412423998918111
2019-01-25,68.06514739990234,5544200,0.02520884121081132
2019-01-28,67.81127166748047,3511100,-0.003729893229060123
2019-01-29,67.4163589477539,3320600,-0.005823703198828914
2019-01-30,68.00873565673828,3789300,0.008786839251337395
2019-01-31,68.63870239257812,6699400,0.009263026723794516
2019-02-01,66.91803741455078,5916200,-0.025068436873792045
2019-02-04,68.11215209960938,3622300,0.017844436734765077
2019-02-05,68.42245483398438,3526200,0.0045557617078550595
2019-02-06,68.17798614501953,3399300,-0.0035729306929721547
2019-02-07,67.56678771972656,3711600,-0.008964747418512851
2019-02-08,66.6453628540039,4146200,-0.013637245410345892
2019-02-11,65.95896911621094,6661000,-0.01029919724942621
2019-02-12,66.20343780517578,4505500,0.0037063752244842155
2019-02-13,68.23438262939453,7186900,0.030677331745149507
2019-02-14,67.86769104003906,4624800,-0.005374000250681576
2019-02-15,68.4882583618164,3835800,0.009143781264213561
2019-02-19,69.5317153930664,6868000,0.015235560900636779
2019-02-20,68.97203826904297,5005600,-0.008049235098825817
2019-02-21,68.32699584960938,3985000,-0.009352230782530188
2019-02-22,68.53569793701172,3144800,0.003054460170643327
2019-02-25,69.34199523925781,7782000,0.011764632542111525
2019-02-26,68.57362365722656,5370900,-0.0110808980817477
2019-02-27,69.26611328125,5164400,0.010098483747700567
2019-02-28,68.9056396484375,5375600,-0.005204184495654074
2019-03-01,69.19021606445312,6833800,0.004129943753044865
2019-03-04,68.9341049194336,7383800,-0.003701551456075158
2019-03-05,72.09290313720703,17015100,0.045823445759762424
2019-03-06,72.94664001464844,7874200,0.011842176418066787
2019-03-07,72.2541732788086,5617900,-0.00949278452990829
2019-03-08,71.91266632080078,4581900,-0.0047264668947222315
2019-03-11,72.34902954101562,3435900,0.006067960521283376
2019-03-12,72.26364135742188,3646200,-0.0011802256939098582
2019-03-13,73.15533447265625,3796600,0.012339443439114672
2019-03-14,72.5577163696289,3779500,-0.008169166436532656
2019-03-15,72.71897888183594,5274100,0.0022225411751593143
2019-03-18,73.87625885009766,3923500,0.01591441444938646
2019-03-19,74.42643737792969,4192300,0.007447298176649669
2019-03-20,73.5537338256836,4325300,-0.01172571982472567
2019-03-21,75.40349578857422,5322000,0.0251484440922389
2019-03-22,74.29364013671875,3174500,-0.014718888564098158
2019-03-25,74.49283599853516,2911400,0.002681196687224322
2019-03-26,75.53628540039062,3493600,0.014007379204571933
2019-03-27,75.71652221679688,3609400,0.002386095840573568
2019-03-28,76.1908187866211,5394100,0.006264109284710402
2019-03-29,76.13390350341797,3886600,-0.0007470097330561721
2019-04-01,75.85881805419922,4733900,-0.0036131793663568067
2019-04-02,75.37504577636719,2909200,-0.006377271492503193
2019-04-03,75.23274230957031,3251700,-0.0018879387114281833
2019-04-04,77.19631958007812,4396200,0.02610003583849192
2019-04-05,76.77894592285156,4234600,-0.005406652279498997
2019-04-08,77.7180404663086,4609000,0.012231146601057081
2019-04-09,76.51334381103516,4863800,-0.015500862451565327
2019-04-10,76.59871673583984,2265400,0.0011157913189042271
2019-04-11,76.31412506103516,2627800,-0.003715358258365308
2019-04-12,76.57975006103516,3517200,0.0034806793603091983
2019-04-15,77.76548767089844,3306200,0.01548369652444976
2019-04-16,77.75599670410156,2663600,-0.00012204600113922682
2019-04-17,78.42949676513672,3045000,0.008661712145471472
2019-04-18,78.97966766357422,3162700,0.007014846723867551
2019-04-22,77.80342102050781,3331200,-0.014893031052964236
2019-04-23,77.93623352050781,6238500,0.0017070264810719906
2019-04-24,78.61920928955078,2660000,0.008763263737440602
2019-04-25,77.53781127929688,3797000,-0.013754882808235443
2019-04-26,73.15533447265625,12352800,-0.0565205121776603
2019-04-29,73.80036163330078,9097000,0.008817226594536688
2019-04-30,73.43989562988281,5339800,-0.004884339255802731
2019-05-01,71.77986145019531,5463200,-0.02260398337238417
2019-05-02,72.49131774902344,4456300,0.00991164212989978
2019-05-03,72.0359878540039,5774300,-0.006281164547124889
2019-05-06,72.07394409179688,4008600,0.0005269066049305113
2019-05-07,71.18225860595703,4437200,-0.012371814767125133
2019-05-08,71.53324127197266,3997700,0.004930760457581945
2019-05-09,71.24866485595703,4549300,-0.0039782401993173
2019-05-10,70.80282592773438,5200300,-0.006257505724830156
2019-05-13,67.99498748779297,6055200,-0.03965715214258898
2019-05-14,68.20556640625,8063100,0.0030969770895955553
2019-05-15,67.77484130859375,5578900,-0.006315101836274475
2019-05-16,67.74613952636719,4476200,-0.0004234872656636255
2019-05-17,67.8514175415039,3891200,0.0015540075917646044
2019-05-20,68.99041748046875,5750100,0.016786678602081245
2019-05-21,68.87555694580078,7705900,-0.0016648766432017298
2019-05-22,74.23552703857422,20777800,0.07782107804937649
2019-05-23,75.99666595458984,11619600,0.023723666905476445
2019-05-24,78.07365417480469,7851700,0.027329991311143872
2019-05-28,77.30793762207031,6522700,-0.009807617701868512
2019-05-29,76.22635650634766,5772200,-0.013990557101783043
2019-05-30,76.94422149658203,3996900,0.009417543001344892
2019-05-31,77.00164794921875,4137000,0.0007463387310932728
2019-06-03,79.39449310302734,7071800,0.03107524601793761
2019-06-04,82.17019653320312,7952700,0.03496090625043543
2019-06-05,81.82562255859375,6744500,-0.004193417919721543
2019-06-06,82.02661895751953,4558400,0.0024563992627352343
2019-06-07,83.12733459472656,5214100,0.013419005332611318
2019-06-10,83.79733276367188,3019500,0.008059901983045369
2019-06-11,84.0844497680664,4285000,0.0034263262913662
2019-06-12,84.47689056396484,3650900,0.004667222024772988
2019-06-13,84.51518249511719,3200300,0.00045328291437703405
2019-06-14,84.02704620361328,4300800,-0.005775723096049731
2019-06-17,83.40489959716797,4194500,-0.0074041232502417694
2019-06-18,82.76361846923828,4389100,-0.007688770456255814
2019-06-19,82.46690368652344,4088200,-0.003585087121645451
2019-06-20,82.51476287841797,3814800,0.0005803442321110486
2019-06-21,83.84516906738281,7847600,0.016123250465194226
2019-06-24,83.00289916992188,3059000,-0.010045538780940865
2019-06-25,82.02661895751953,5061300,-0.011762001353756601
2019-06-26,81.92134094238281,2978100,-0.0012834615942324868
2019-06-27,82.18933868408203,2941600,0.003271403258495339
2019-06-28,82.89761352539062,5284100,0.008617599954551872
2019-07-01,83.21347045898438,4780700,0.00381020538663645
2019-07-02,83.30917358398438,2323600,0.0011500917396201104
2019-07-03,84.13232421875,1532900,0.009880672191950182
2019-07-05,84.84060668945312,2032000,0.008418672338844942
2019-07-08,85.09902954101562,4734400,0.003045980711906267
2019-07-09,84.03661346435547,3986900,-0.012484467594875428
2019-07-10,82.17019653320312,5638400,-0.02220956859409849
2019-07-11,82.76361846923828,5307700,0.007221863413644968
2019-07-12,83.77819061279297,4732000,0.012258673102019885
2019-07-15,83.07947540283203,3174200,-0.008340060878018573
2019-07-16,84.52474212646484,5276900,0.017396194627193638
2019-07-17,84.09402465820312,3671100,-0.0050957560759816905
2019-07-18,84.70660400390625,3847300,0.007284457465235251
2019-07-19,84.23761749267578,3420400,-0.005536599144133336
2019-07-22,83.4814682006836,2850200,-0.008976385069982927
2019-07-23,84.74488830566406,4304000,0.015134138536510827
2019-07-24,85.27130126953125,3204700,0.0062117370662934
2019-07-25,84.19932556152344,3603500,-0.012571353926210645
2019-07-26,83.32831573486328,5315900,-0.010344617618388402
2019-07-29,83.49103546142578,3328800,0.0019527542963936396
2019-07-30,83.15603637695312,2733400,-0.004012395853294109
2019-07-31,82.69661712646484,4470600,-0.005524785337358988
2019-08-01,79.0786361694336,7100500,-0.04375004785864949
2019-08-02,78.0257797241211,5134500,-0.013314044049225301
2019-08-05,77.32707977294922,7255600,-0.008954732059612818
2019-08-06,79.22220611572266,5546300,0.024507925921138898
2019-08-07,79.4519271850586,4762100,0.0028997055320622587
2019-08-08,80.20806884765625,4464100,0.009516970693945019
2019-08-09,78.87765502929688,4966300,-0.016587032171118666
2019-08-12,78.513916015625,5194200,-0.004611432902471231
2019-08-13,80.62919616699219,8412100,0.026941467942399242
2019-08-14,78.37992095947266,7011500,-0.02789653518138799
2019-08-15,79.02120208740234,5389000,0.008181701640924978
2019-08-16,80.60049438476562,4861100,0.019985677965471675
2019-08-19,82.868896484375,7353800,0.02814377401682697
2019-08-20,82.49275207519531,8797200,-0.004539030023775082
2019-08-21,99.3423843383789,41449400,0.20425591145055394
2019-08-22,102.54447174072266,17105700,0.032232842242207876
2019-08-23,99.8149642944336,8989600,-0.026617792260810052
2019-08-26,101.04952239990234,5583100,0.012368467135118716
2019-08-27,100.98199462890625,5319900,-0.0006682641282444993
2019-08-28,102.62165069580078,6641000,0.0162371130905071
2019-08-29,104.09729766845703,5196600,0.014379489733901081
2019-08-30,103.2389144897461,5309000,-0.008245969856439798
2019-09-03,102.9206314086914,3992100,-0.003082975858742684
2019-09-04,103.54754638671875,3963700,0.0060912469098436004
2019-09-05,104.6856460571289,4144400,0.010991082938457068
2019-09-06,105.9491195678711,5274400,0.012069214437026892
2019-09-09,104.11658477783203,5005500,-0.01729636638334818
2019-09-10,104.96534729003906,3949200,0.008152039504735517
2019-09-11,105.10037231445312,3704700,0.0012863771511274372
2019-09-12,105.07144927978516,3185700,-0.0002751944073179209
2019-09-13,104.15518188476562,2508300,-0.008720422163205217
2019-09-16,103.16175079345703,4642500,-0.009537990077226288
2019-09-17,103.47039031982422,4325800,0.0029918019420310457
2019-09-18,103.17139434814453,2950900,-0.002889676657790687
2019-09-19,104.03944396972656,2938700,0.008413665697420542
2019-09-20,102.88203430175781,4199800,-0.011124719854380743
2019-09-23,104.91712951660156,4945300,0.01978086095065656
2019-09-24,103.63435363769531,5397700,-0.012226562857910347
2019-09-25,103.00743865966797,3934100,-0.006049296936988987
2019-09-26,102.51553344726562,5166600,-0.00477543387936843
2019-09-27,102.3515853881836,3188600,-0.0015992508995367686
2019-09-30,103.11353302001953,3639000,0.007444414553483836
2019-10-01,102.177978515625,3557400,-0.009073052556669675
2019-10-02,101.42567443847656,5637600,-0.007362683115064716
2019-10-03,102.83382415771484,3512600,0.013883562786584631
2019-10-04,105.22576141357422,4116400,0.023260218857473328
2019-10-07,104.11658477783203,3755600,-0.01054092287707697
2019-10-08,104.6663589477539,4339800,0.005280370760287655
2019-10-09,106.4410171508789,5832000,0.01695538299952569
2019-10-10,106.64356231689453,3647000,0.0019028864195136314
2019-10-11,107.85881805419922,4563100,0.011395490837914048
2019-10-14,107.20295715332031,2356300,-0.006080735100855037
2019-10-15,107.91667175292969,2706100,0.0066576017916057054
2019-10-16,108.2060317993164,2315700,0.0026813284887917542
2019-10-17,109.20911407470703,4100800,0.009270114232180557
2019-10-18,108.80400848388672,3887700,-0.003709448558873856
2019-10-21,109.64311981201172,2886500,0.007712136159480446
2019-10-22,109.17052459716797,3509100,-0.0043103043369619246
2019-10-23,107.40550994873047,5157800,-0.0161675017588336
2019-10-24,106.33491516113281,3840100,-0.009967782733946329
2019-10-25,105.14860534667969,5659700,-0.011156352667940446
2019-10-28,105.82374572753906,4448200,0.006420821071600586
2019-10-29,104.30949401855469,3004700,-0.014309186455023708
2019-10-30,104.09729766845703,3567800,-0.002034295651553161
2019-10-31,103.11353302001953,6467400,-0.009450434069582911
2019-11-01,103.9912109375,3104000,0.008511762634591013
2019-11-04,104.907470703125,3195600,0.00881093466808155
2019-11-05,106.15166473388672,3292400,0.011859918292021661
2019-11-06,106.585693359375,3234400,0.004088759479904102
2019-11-07,106.66284942626953,3494300,0.0007238876481704175
2019-11-08,106.23848724365234,2805400,-0.003978537840492692
2019-11-11,106.52782440185547,3082700,0.0027234683560539183
2019-11-12,104.50238800048828,5429600,-0.01901321474215622
2019-11-13,104.72423553466797,3653900,0.0021228943991083815
2019-11-14,107.16439056396484,5968400,0.023300767170452007
2019-11-15,109.18980407714844,5340300,0.018900060948647435
2019-11-18,107.98420715332031,6898000,-0.011041295787803652
2019-11-19,107.547607421875,7377500,-0.004043181340632623
2019-11-20,122.66344451904297,32365500,0.1405501940910071
2019-11-21,123.84710693359375,10804300,0.009649675330672968
2019-11-22,123.23587036132812,7537100,-0.0049354126018734314
2019-11-25,121.46039581298828,8365300,-0.01440712467185199
2019-11-26,123.10975646972656,7581400,0.013579411179243894
2019-11-27,122.14923095703125,3430400,-0.007802188390580657
2019-11-29,121.28575134277344,2660000,-0.007069054856035573
2019-12-02,120.28644561767578,4194400,-0.008239267300850981
2019-12-03,120.34465789794922,4237200,0.0004839471311544296
2019-12-04,120.81035614013672,3935200,0.003869704316932841
2019-12-05,120.96558380126953,2614100,0.0012848870419084988
2019-12-06,121.30516052246094,4305300,0.002807217644229171
2019-12-09,122.68284606933594,3508700,0.011357188275761005
2019-12-10,122.02310180664062,3573800,-0.005377640671316418
2019-12-11,122.05221557617188,2816200,0.00023859227556257383
2019-12-12,123.7209701538086,3677400,0.013672464442853654
2019-12-13,123.42991638183594,2970000,-0.0023525015331743787
2019-12-16,122.20745086669922,4488100,-0.009904126576209996
2019-12-17,124.55535888671875,5617300,0.01921247848120627
2019-12-18,124.26428985595703,3940200,-0.0023368647753360954
2019-12-19,124.86582946777344,3292700,0.004840808348993027
2019-12-20,125.30240631103516,6224900,0.003496367622131519
2019-12-23,124.51654052734375,4051800,-0.006271753327231964
2019-12-24,124.72028350830078,1643400,0.0016362724188622108
2019-12-26,125.05015563964844,2197900,0.0026448956181670444
2019-12-27,125.36064147949219,2233600,0.002482890471071971
2019-12-30,125.05015563964844,2546500,-0.002476740994457519
2019-12-31,124.39042663574219,4059800,-0.005275715176295839
