Date,Adj Close,Volume,LogReturn
2019-01-02,1.190000057220459,77400,
2019-01-03,1.2000000476837158,33400,0.008403352926397583
2019-01-04,1.149999976158142,13000,-0.04166672461562456
2019-01-07,1.149999976158142,21500,0.0
2019-01-08,1.1799999475479126,8300,0.026086932184114293
2019-01-09,1.159999966621399,9600,-0.01694913713180618
2019-01-10,1.1699999570846558,72700,0.00862068168189925
2019-01-11,1.190000057220459,1900,0.01709410330718167
2019-01-14,1.1699999570846558,12800,-0.016806806028663922
2019-01-15,1.159999966621399,6700,-0.008547000709448131
2019-01-16,1.1699999570846558,37000,0.00862068168189925
2019-01-17,1.2100000381469727,24900,0.03418810472607793
2019-01-18,1.2000000476837158,8400,-0.008264454667762735
2019-01-22,1.2000000476837158,8000,0.0
2019-01-23,1.3600000143051147,441000,0.1333333002196431
2019-01-24,1.2899999618530273,577500,-0.051470626261613375
2019-01-25,1.3700000047683716,149000,0.062015538977557606
2019-01-28,1.2400000095367432,161800,-0.0948905071380695
2019-01-29,1.2100000381469727,68500,-0.02419352512826054
2019-01-30,1.2000000476837158,63200,-0.008264454667762735
2019-01-31,1.25,16500,0.041666625274553885
2019-02-01,1.2300000190734863,18800,-0.015999984741210938
2019-02-04,1.2799999713897705,44800,0.040650367106455254
2019-02-05,1.3300000429153442,85300,0.03906255675247066
2019-02-06,1.3200000524520874,56800,-0.007518789579387513
2019-02-07,1.2699999809265137,45600,-0.03787884055965869
2019-02-08,1.2599999904632568,43500,-0.00787400835704065
2019-02-11,1.2899999618530273,15200,0.02380950128320286
2019-02-12,1.2899999618530273,15300,0.0
2019-02-13,1.2799999713897705,22600,-0.0077519308209066115
2019-02-14,1.3300000429153442,18300,0.03906255675247066
2019-02-15,1.3700000047683716,55400,0.030075158317550053
2019-02-19,1.2999999523162842,34200,-0.05109492861930496
2019-02-20,1.309999942779541,35900,0.007692300638503318
2019-02-21,1.3899999856948853,17400,0.061068737717347665
2019-02-22,1.3300000429153442,21900,-0.04316542690433626
2019-02-25,1.2599999904632568,9500,-0.05263161668675448
2019-02-26,1.2999999523162842,34900,0.03174600171093715
2019-02-27,1.2100000381469727,21400,-0.06923070574652987
2019-02-28,1.2899999618530273,27800,0.06611563734210188
2019-03-01,1.2699999809265137,14800,-0.015503861641813223
2019-03-04,1.2300000190734863,20800,-0.0314960334281626
2019-03-05,1.2300000190734863,15700,0.0
2019-03-06,1.25,8600,0.0162601468425821
2019-03-07,1.4500000476837158,374000,0.16000003814697267
2019-03-08,1.3899999856948853,1153000,-0.041379351734971946
2019-03-11,1.2799999713897705,110200,-0.07913670175336283
2019-03-12,1.2599999904632568,114100,-0.015624985448084446
2019-03-13,1.2999999523162842,101700,0.03174600171093715
2019-03-14,1.2799999713897705,51900,-0.015384601277006636
2019-03-15,1.3799999952316284,116900,0.07812502037268178
2019-03-18,1.3300000429153442,43400,-0.036231849629747175
2019-03-19,1.340000033378601,16300,0.007518789579387513
2019-03-20,1.3300000429153442,4200,-0.007462679264300777
2019-03-21,1.3200000524520874,22100,-0.007518789579387513
2019-03-22,1.3300000429153442,6000,0.007575750049918888
2019-03-25,1.3200000524520874,11500,-0.007518789579387513
2019-03-26,1.2899999618530273,14700,-0.022727340459820916
2019-03-27,1.25,28800,-0.031007723283626446
2019-03-28,1.2899999618530273,28100,0.031999969482421876
2019-03-29,1.340000033378601,49000,0.03875974651483777
2019-04-01,1.3600000143051147,53000,0.014925358528601555
2019-04-02,1.440000057220459,51500,0.05882356034843122
2019-04-03,1.3600000143051147,9000,-0.05555558315029741
2019-04-04,1.25,123600,-0.08088236260888476
2019-04-05,1.309999942779541,32600,0.04799995422363281
2019-04-08,1.25,27300,-0.04580148503841451
2019-04-09,1.2799999713897705,17300,0.023999977111816406
2019-04-10,1.3300000429153442,13800,0.03906255675247066
2019-04-11,1.350000023841858,63000,0.015037579158775027
2019-04-12,1.3200000524520874,8900,-0.02222220063700145
2019-04-15,1.3600000143051147,11300,0.03030300019967555
2019-04-16,1.3600000143051147,8000,0.0
2019-04-17,1.3200000524520874,6600,-0.029411736347271383
2019-04-18,1.350000023841858,51700,0.022727250149756663
2019-04-22,1.3300000429153442,6300,-0.014814800424667634
2019-04-23,1.350000023841858,8700,0.015037579158775027
2019-04-24,1.3200000524520874,5200,-0.02222220063700145
2019-04-25,1.2999999523162842,6800,-0.015151590409902028
2019-04-26,1.3300000429153442,800,0.023076993614966818
2019-04-29,1.350000023841858,11900,0.015037579158775027
2019-04-30,1.3200000524520874,300,-0.02222220063700145
2019-05-01,1.2599999904632568,22500,-0.04545459060957758
2019-05-02,1.25,89200,-0.007936500427734288
2019-05-03,1.2599999904632568,12900,0.007999992370605469
2019-05-06,1.25,6000,-0.007936500427734288
2019-05-07,1.2599999904632568,5400,0.007999992370605469
2019-05-08,1.2799999713897705,9100,0.015873000855468576
2019-05-09,1.2899999618530273,35600,0.007812492724042223
2019-05-10,1.2699999809265137,6100,-0.015503861641813223
2019-05-13,1.25,8300,-0.0157480167140813
2019-05-14,1.2599999904632568,5500,0.007999992370605469
2019-05-15,1.25,10600,-0.007936500427734288
2019-05-16,1.2799999713897705,105800,0.023999977111816406
2019-05-17,1.2799999713897705,24800,0.0
2019-05-20,1.2100000381469727,2800,-0.05468744906829556
2019-05-21,1.2400000095367432,22100,0.024793364003288205
2019-05-22,1.2000000476837158,13200,-0.03225803350434739
2019-05-23,1.2100000381469727,18300,0.008333325054910776
2019-05-24,1.2100000381469727,4700,0.0
2019-05-28,1.2100000381469727,8700,0.0
2019-05-29,1.190000057220459,35200,-0.01652890933552547
2019-05-30,1.25,37100,0.050420117558385505
2019-05-31,1.2200000286102295,24000,-0.023999977111816406
2019-06-03,1.2599999904632568,17200,0.03278685320900652
2019-06-04,1.2400000095367432,3900,-0.015873000855468576
2019-06-05,1.2300000190734863,40600,-0.008064508376086847
2019-06-06,1.2400000095367432,5600,0.00813007342129105
2019-06-07,1.2400000095367432,14700,0.0
2019-06-10,1.2599999904632568,19200,0.016129016752173694
2019-06-11,1.25,5900,-0.007936500427734288
2019-06-12,1.25,1800,0.0
2019-06-13,1.2000000476837158,10500,-0.039999961853027344
2019-06-14,1.2799999713897705,2200,0.06666660043928621
2019-06-17,1.2100000381469727,3200,-0.05468744906829556
2019-06-18,1.25,4800,0.03305781867105094
2019-06-19,1.2100000381469727,12700,-0.031999969482421876
2019-06-20,1.25,6600,0.03305781867105094
2019-06-21,1.149999976158142,9700,-0.08000001907348633
2019-06-24,1.2599999904632568,24600,0.09565218833533967
2019-06-25,1.2699999809265137,2100,0.007936500427734288
2019-06-26,1.2699999809265137,1200,0.0
2019-06-27,1.2699999809265137,19800,0.0
2019-06-28,1.2200000286102295,20300,-0.03937004178520326
2019-07-01,1.2699999809265137,400,0.040983566511258146
2019-07-02,1.2400000095367432,6700,-0.023622025071121953
2019-07-03,1.2799999713897705,400,0.03225803350434739
2019-07-05,1.2799999713897705,5900,0.0
2019-07-08,1.2599999904632568,7300,-0.015624985448084446
2019-07-09,1.2599999904632568,100,0.0
2019-07-10,1.2599999904632568,5800,0.0
2019-07-11,1.25,15200,-0.007936500427734288
2019-07-12,1.2000000476837158,68200,-0.039999961853027344
2019-07-15,1.2000000476837158,68200,0.0
2019-07-16,1.2699999809265137,63200,0.05833327538437544
2019-07-17,1.2999999523162842,19900,0.023622025071121953
2019-07-18,1.2300000190734863,5700,-0.053846104469523225
2019-07-19,1.2599999904632568,10900,0.02439022026387315
2019-07-22,1.2599999904632568,800,0.0
2019-07-23,1.2300000190734863,7700,-0.02380950128320286
2019-07-24,1.2699999809265137,5100,0.0325202936851642
2019-07-25,1.25,300,-0.0157480167140813
2019-07-26,1.2400000095367432,800,-0.007999992370605469
2019-07-29,1.2400000095367432,2400,0.0
2019-07-30,1.2400000095367432,5400,0.0
2019-07-31,1.2999999523162842,4300,0.04838705025652108
2019-08-01,1.2400000095367432,3100,-0.046153803831019906
2019-08-02,1.2200000286102295,5900,-0.016129016752173694
2019-08-05,1.25,10100,0.024590139906754887
2019-08-06,1.2300000190734863,9600,-0.015999984741210938
2019-08-07,1.2599999904632568,3100,0.02439022026387315
2019-08-08,1.2300000190734863,1700,-0.02380950128320286
2019-08-09,1.190000057220459,20000,-0.0325202936851642
2019-08-12,1.25,12300,0.050420117558385505
2019-08-13,1.2100000381469727,1200,-0.031999969482421876
2019-08-14,1.2300000190734863,5400,0.01652890933552547
2019-08-15,1.2100000381469727,1700,-0.0162601468425821
2019-08-16,1.2100000381469727,2600,0.0
2019-08-19,1.2100000381469727,3700,0.0
2019-08-20,1.2000000476837158,6900,-0.008264454667762735
2019-08-21,1.2000000476837158,1500,0.0
2019-08-22,1.2200000286102295,5200,0.016666650109821553
2019-08-23,1.25,4000,0.024590139906754887
2019-08-26,1.2799999713897705,5700,0.023999977111816406
2019-08-27,1.2200000286102295,10900,-0.046874956344253337
2019-08-28,1.2000000476837158,111600,-0.01639342660450326
2019-08-29,1.1399999856948853,63400,-0.05000004967053534
2019-08-30,1.1399999856948853,13600,0.0
2019-09-03,1.1299999952316284,34000,-0.008771921569070334
2019-09-04,1.1100000143051147,61400,-0.017699098239742965
2019-09-05,1.0499999523162842,151600,-0.05405410920322552
2019-09-06,1.0099999904632568,124200,-0.038095203494807814
2019-09-09,0.9800000190734863,112800,-0.029702942250534495
2019-09-10,0.9700000286102295,73100,-0.01020407170268328
2019-09-11,0.949999988079071,184900,-0.020618597877583123
2019-09-12,0.9599999785423279,198200,0.0105263058828844
2019-09-13,1.0,145900,0.04166668994973155
2019-09-16,1.0,143000,0.0
2019-09-17,0.949999988079071,84100,-0.050000011920928955
2019-09-18,0.9399999976158142,45600,-0.0105263058828844
2019-09-19,0.9399999976158142,14200,0.0
2019-09-20,0.9200000166893005,32000,-0.02127657550770317
2019-09-23,0.9200000166893005,69900,0.0
2019-09-24,0.9100000262260437,54600,-0.010869554654186491
2019-09-25,0.8700000047683716,40300,-0.04395606626909715
2019-09-26,0.8500000238418579,30700,-0.022988483697581656
2019-09-27,0.8299999833106995,21000,-0.023529458788438158
2019-09-30,0.8500000238418579,14000,0.024096434859410952
2019-10-01,0.8799999952316284,900,0.035294082997992936
2019-10-02,0.8199999928474426,34500,-0.06818182126057051
2019-10-03,0.8199999928474426,35500,0.0
2019-10-04,0.8100000023841858,14700,-0.01219511042741837
2019-10-07,0.8199999928474426,5100,0.012345667202249964
2019-10-08,0.8500000238418579,22000,0.03658540397084693
2019-10-09,0.8199999928474426,19200,-0.03529415312110247
2019-10-10,0.8100000023841858,2500,-0.01219511042741837
2019-10-11,0.8299999833106995,11600,0.02469133440449993
2019-10-14,0.8700000047683716,4800,0.04819279790599543
2019-10-15,0.8799999952316284,226700,0.011494241848790828
2019-10-16,0.8500000238418579,7800,-0.03409087676400963
2019-10-17,0.8899999856948853,2100,0.04705877733065725
2019-10-18,0.8500000238418579,1900,-0.044943778085340724
2019-10-21,0.8100000023841858,25300,-0.04705884745376678
2019-10-22,0.75,34200,-0.07407407679948078
2019-10-23,0.7300000190734863,52200,-0.026666641235351562
2019-10-24,0.6899999976158142,82600,-0.054794548510341164
2019-10-25,0.6800000071525574,38500,-0.01449273985189887
2019-10-28,0.7200000286102295,6300,0.05882356034843122
2019-10-29,0.6800000071525574,6400,-0.05555558315029741
2019-10-30,0.6899999976158142,9600,0.014705868173635691
2019-10-31,0.6800000071525574,3100,-0.01449273985189887
2019-11-01,0.6700000166893005,12600,-0.014705868173635691
2019-11-04,0.7300000190734863,59800,0.08955224013376349
2019-11-05,0.7400000095367432,2200,0.013698616715036242
2019-11-06,0.699999988079071,6400,-0.054054082354286784
2019-11-07,0.6899999976158142,14200,-0.014285700905079517
2019-11-08,0.6800000071525574,3600,-0.01449273985189887
2019-11-11,0.699999988079071,15600,0.029411736347271383
2019-11-12,0.6600000262260437,9000,-0.05714280362031807
2019-11-13,0.6700000166893005,24700,0.015151500099837775
2019-11-14,0.699999988079071,30100,0.04477607558580467
2019-11-15,0.6700000166893005,4000,-0.04285710271523855
2019-11-18,0.6399999856948853,25600,-0.04477616454795883
2019-11-19,0.6399999856948853,23800,0.0
2019-11-20,0.5199999809265137,101100,-0.18750001164153243
2019-11-21,0.6200000047683716,62200,0.19230774521122512
2019-11-22,0.5899999737739563,39500,-0.04838714639304418
2019-11-25,0.6100000143051147,12000,0.033898375288438504
2019-11-26,0.6299999952316284,24200,0.03278685320900652
2019-11-27,0.6200000047683716,29400,-0.015873000855468576
2019-11-29,0.6200000047683716,5500,0.0
2019-12-02,0.6499999761581421,10000,0.04838705025652108
2019-12-03,0.5899999737739563,27900,-0.09230769936149669
2019-12-04,0.5699999928474426,10700,-0.03389827426361236
2019-12-05,0.5600000023841858,11900,-0.01754384313814067
2019-12-06,0.6000000238418579,19200,0.07142860944173758
2019-12-09,0.5799999833106995,2400,-0.03333339956071379
2019-12-10,0.5899999737739563,4800,0.0172413633637985
2019-12-11,0.5799999833106995,19500,-0.01694913713180618
2019-12-12,0.6299999952316284,29000,0.08620691958562439
2019-12-13,0.699999988079071,182200,0.111111100598828
2019-12-16,0.6499999761581421,38000,-0.07142858967489157
2019-12-17,0.6499999761581421,19300,0.0
2019-12-18,0.6899999976158142,6900,0.06153849680748341
2019-12-19,0.6399999856948853,12600,-0.0724637856430378
2019-12-20,0.6499999761581421,19600,0.015624985448084446
2019-12-23,0.6399999856948853,4300,-0.015384601277006636
2019-12-24,0.6299999952316284,3200,-0.015624985448084446
2019-12-26,0.6200000047683716,33200,-0.015873000855468576
2019-12-27,0.6100000143051147,8500,-0.016129016752173694
2019-12-30,0.6100000143051147,11600,0.0
2019-12-31,0.6200000047683716,11300,0.01639342660450326
