Date,Adj Close,Volume,LogReturn
2019-01-02,2.6700000762939453,0,
2019-01-04,2.7799999713897705,500,0.04119846140548016
2019-01-07,2.7799999713897705,0,0.0
2019-01-09,2.700000047683716,3000,-0.028776951269557507
2019-01-10,2.7799999713897705,4533,0.029629600849335268
2019-01-14,2.700000047683716,7301,-0.028776951269557507
2019-01-15,2.700000047683716,4400,0.0
2019-01-16,2.700000047683716,0,0.0
2019-01-17,2.6500000953674316,475,-0.018518500530834543
2019-01-18,2.75,1400,0.03773581171086827
2019-01-22,2.740000009536743,0,-0.0036363601684570312
2019-01-28,2.6500000953674316,2190,-0.03284668388907341
2019-01-29,2.700000047683716,1700,0.018867905855434134
2019-01-30,2.7300000190734863,148,0.011111100318500725
2019-01-31,2.7300000190734863,0,0.0
2019-02-01,2.700000047683716,2000,-0.01098900043229742
2019-02-04,2.700000047683716,2210,0.0
2019-02-06,2.7300000190734863,200,0.011111100318500725
2019-02-07,2.75,2086,0.00732600028819828
2019-02-08,2.700000047683716,3150,-0.018181800842285156
2019-02-11,2.700000047683716,740,0.0
2019-02-12,2.75,3000,0.018518500530834543
2019-02-13,2.809999942779541,4970,0.021818161010742188
2019-02-14,2.75,10500,-0.02135229323890713
2019-02-15,2.759999990463257,640,0.0036363601684570312
2019-02-19,2.759999990463257,0,0.0
2019-02-22,2.759999990463257,260,0.0
2019-02-25,2.809999942779541,180,0.018115924814873587
2019-02-26,2.950000047683716,30147,0.049822102403921126
2019-02-27,2.9100000858306885,3687,-0.013559308883548851
2019-02-28,2.9700000286102295,1629,0.020618536429497538
2019-03-01,2.9200000762939453,319,-0.016835000617720856
2019-03-04,2.9200000762939453,4600,0.0
2019-03-05,2.9200000762939453,1600,0.0
2019-03-06,2.950000047683716,5475,0.010273962536277182
2019-03-07,2.9200000762939453,731,-0.010169481662661638
2019-03-08,2.9100000858306885,962,-0.0034246541787590606
2019-03-11,2.940000057220459,700,0.010309268214748769
2019-03-12,2.930000066757202,423,-0.00340135723422776
2019-03-13,2.940000057220459,15,0.0034129659506541904
2019-03-14,2.940000057220459,0,0.0
2019-03-15,2.950000047683716,5100,0.00340135723422776
2019-03-18,2.950000047683716,0,0.0
2019-03-20,2.9200000762939453,496,-0.010169481662661638
2019-03-21,2.9200000762939453,0,0.0
2019-03-22,2.9100000858306885,402,-0.0034246541787590606
2019-03-25,2.9000000953674316,951,-0.0034364227382495897
2019-03-26,2.9000000953674316,0,0.0
2019-03-27,2.890000104904175,500,-0.003448272460139292
2019-03-28,2.819999933242798,1550,-0.024221511806380363
2019-03-29,2.859999895095825,1150,0.014184383971608911
2019-04-01,2.9000000953674316,500,0.013986084524057727
2019-04-02,2.8399999141693115,1540,-0.02068971697413619
2019-04-03,2.8399999141693115,0,0.0
2019-04-04,2.859999895095825,141,0.007042247017941755
2019-04-05,2.859999895095825,0,0.0
2019-04-08,2.9000000953674316,50,0.013986084524057727
2019-04-09,2.799999952316284,10127,-0.03448280681469336
2019-04-10,2.799999952316284,0,0.0
2019-04-12,2.880000114440918,341,0.02857148695965302
2019-04-15,2.880000114440918,0,0.0
2019-04-16,2.7799999713897705,775,-0.034722270513020466
2019-04-17,2.7799999713897705,500,0.0
2019-04-22,2.819999933242798,2200,0.014388475634778753
2019-04-23,2.859999895095825,100,0.014184383971608911
2019-04-25,2.8399999141693115,5283,-0.006993000580457562
2019-05-02,2.859999895095825,1460,0.007042247017941755
2019-05-03,2.9600000381469727,7186,0.03496508626543041
2019-05-06,2.940000057220459,3600,-0.006756750225933819
2019-05-07,3.0199999809265137,7250,0.02721085787382208
2019-05-08,3.059999942779541,3460,0.013245020564786776
2019-05-09,3.059999942779541,0,0.0
2019-05-10,2.9800000190734863,15210,-0.0261437664058866
2019-05-13,2.940000057220459,14200,-0.01342280590503612
2019-05-14,2.8399999141693115,15975,-0.03401365343703082
2019-05-15,2.859999895095825,1490,0.007042247017941755
2019-05-17,2.9000000953674316,4288,0.013986084524057727
2019-05-21,2.8399999141693115,3076,-0.02068971697413619
2019-05-22,2.799999952316284,846,-0.01408449403588351
2019-05-23,2.799999952316284,2806,0.0
2019-05-24,2.799999952316284,563,0.0
2019-05-28,2.880000114440918,5,0.02857148695965302
2019-05-29,2.799999952316284,3000,-0.02777783296726149
2019-05-30,2.799999952316284,6389,0.0
2019-05-31,2.799999952316284,5023,0.0
2019-06-03,2.799999952316284,344,0.0
2019-06-04,2.8399999141693115,1704,0.014285700905079517
2019-06-05,2.819999933242798,500,-0.007042247017941755
2019-06-06,2.759999990463257,5600,-0.021276575957413366
2019-06-07,2.9000000953674316,6073,0.05072467586518949
