Date,Adj Close,Volume,LogReturn
2019-01-02,35.6723747253418,387700,
2019-01-03,34.68731689453125,344000,-0.027614024532848325
2019-01-04,36.976688385009766,726100,0.06600024722118114
2019-01-07,37.18647003173828,577000,0.00567334869321506
2019-01-08,38.262752532958984,389200,0.028942852072329175
2019-01-09,39.220458984375,371700,0.025029732259618832
2019-01-10,39.00155258178711,204100,-0.00558143398258293
2019-01-11,39.08364486694336,287600,0.002104846595122096
2019-01-14,39.14749526977539,293700,0.0016336859842372435
2019-01-15,39.22958755493164,240100,0.002096999682624165
2019-01-16,39.6491584777832,349800,0.010695267246030917
2019-01-17,40.023109436035156,264400,0.009431497984036427
2019-01-18,40.1599235534668,369600,0.003418378016088346
2019-01-22,39.47584915161133,404400,-0.01703375757039797
2019-01-23,39.4849739074707,602200,0.00023114780442924418
2019-01-24,40.41531753540039,1406800,0.023561966385234535
2019-01-25,43.0877799987793,1101700,0.06612498988874839
2019-01-28,43.197235107421875,597800,0.0025402819232199724
2019-01-29,43.23372268676758,649000,0.0008446739532047981
2019-01-30,43.43437957763672,664000,0.0046412124239894595
2019-01-31,42.84151840209961,569100,-0.01364958314823861
2019-02-01,43.01481628417969,395600,0.004045091970213292
2019-02-04,43.75362014770508,328900,0.017175567103307924
2019-02-05,44.43769836425781,350300,0.015634779802068902
2019-02-06,44.50154113769531,411600,0.0014366804714811715
2019-02-07,44.20967102050781,436200,-0.006558651896670373
2019-02-08,44.027252197265625,324800,-0.004126219875229738
2019-02-11,44.683963775634766,410500,0.014916024634622249
2019-02-12,45.16738510131836,347300,0.010818675982080026
2019-02-13,45.203861236572266,204000,0.0008075768648568848
2019-02-14,45.11265563964844,400600,-0.0020176505818055666
2019-02-15,45.69995880126953,249700,0.013018589867826957
2019-02-19,45.29618453979492,322200,-0.008835330973282905
2019-02-20,45.22277069091797,230500,-0.0016207512756942135
2019-02-21,44.965824127197266,174600,-0.005681796134890634
2019-02-22,44.8648796081543,189900,-0.0022449164671689663
2019-02-25,44.80064010620117,230300,-0.0014318438501158782
2019-02-26,44.06650924682617,194700,-0.016386615406269248
2019-02-27,43.22225570678711,333700,-0.0191586207863712
2019-02-28,42.69917678833008,649200,-0.012102073570743629
2019-03-01,42.4055290222168,297400,-0.006877129448395755
2019-03-04,41.08407974243164,441700,-0.031162193003012227
2019-03-05,40.57018280029297,380500,-0.012508420423688328
2019-03-06,39.27627182006836,324000,-0.03189315134698544
2019-03-07,39.01014709472656,315500,-0.0067757124851605555
2019-03-08,38.679786682128906,190200,-0.00846857643975187
2019-03-11,39.083560943603516,239900,0.010438895767260368
2019-03-12,39.184505462646484,227100,0.0025827871515757958
2019-03-13,39.27627182006836,335500,0.0023419041873414316
2019-03-14,39.074378967285156,417400,-0.0051403262944128315
2019-03-15,39.72592544555664,889600,0.01667451909643884
2019-03-18,39.9461669921875,616300,0.005544025574248604
2019-03-19,39.083560943603516,442100,-0.021594213250865576
2019-03-20,38.23930358886719,342500,-0.021601341698484634
2019-03-21,38.94590759277344,252800,0.018478474699836517
2019-03-22,37.027976989746094,274800,-0.04924601123901457
2019-03-25,37.495994567871094,331600,0.01263956651627511
2019-03-26,38.074127197265625,430600,0.015418516992476613
2019-03-27,38.80826187133789,338300,0.01928172037322471
2019-03-28,39.487335205078125,293900,0.01749816407628832
2019-03-29,40.12052917480469,426100,0.01603536846530816
2019-04-01,41.01066970825195,448400,0.022186659841123568
2019-04-02,40.58854293823242,288600,-0.01029309623623613
2019-04-03,41.07490158081055,674200,0.011982658340760465
2019-04-04,41.57962417602539,264900,0.01228785890629233
2019-04-05,42.304588317871094,288400,0.017435562639445738
2019-04-08,42.34129333496094,234300,0.0008676367871505355
2019-04-09,41.818214416503906,342500,-0.012353872006671282
2019-04-10,42.31375503540039,182600,0.011849875127640914
2019-04-11,42.2403450012207,150600,-0.0017348976501440595
2019-04-12,42.43305206298828,177200,0.00456215643508615
2019-04-15,42.14857864379883,279800,-0.006704052745656296
2019-04-16,42.231170654296875,240800,0.001959544382173332
2019-04-17,43.0754280090332,228800,0.01999133203404173
2019-04-18,42.57988739013672,270100,-0.011504020779377195
2019-04-22,41.891632080078125,290600,-0.016163859329933843
2019-04-23,42.34129333496094,311000,0.010733915881416619
2019-04-24,42.58905792236328,348100,0.0058516065024817295
2019-04-25,39.65251922607422,1459300,-0.06895054362653798
2019-04-26,40.6711311340332,735900,0.025688453794107943
2019-04-29,41.1483154296875,358200,0.011732752012274222
2019-04-30,41.038204193115234,324800,-0.0026759597670631026
2019-05-01,40.33159637451172,233600,-0.01721829286872303
2019-05-02,40.05628967285156,248700,-0.0068260799573542615
2019-05-03,40.55182647705078,425900,0.012371011100787808
2019-05-06,40.469242095947266,253800,-0.00203651446255453
2019-05-07,39.753456115722656,216600,-0.01768716049901737
2019-05-08,39.019317626953125,175000,-0.01846728713680762
2019-05-09,38.679786682128906,203800,-0.008701611547140003
2019-05-10,38.340248107910156,196900,-0.00877819148820761
2019-05-13,36.90869140625,248800,-0.037338222163585975
2019-05-14,37.30328369140625,202100,0.010691039701543876
2019-05-15,37.03715896606445,285400,-0.0071340830888596924
2019-05-16,37.018802642822266,175300,-0.0004956190959194954
2019-05-17,36.158973693847656,164300,-0.023226816849553758
2019-05-20,36.232940673828125,269300,0.0020456050718346028
2019-05-21,37.231449127197266,250700,0.02755802964925742
2019-05-22,37.212955474853516,252600,-0.0004967212605818381
2019-05-23,35.90010452270508,264300,-0.03527940566385786
2019-05-24,36.47332763671875,220100,0.015967171172193553
2019-05-28,34.71669006347656,323200,-0.048162251350867415
2019-05-29,34.430076599121094,279700,-0.00825578313576035
2019-05-30,34.06950378417969,256400,-0.010472611465250435
2019-05-31,34.39309310913086,417800,0.009497917169590005
2019-06-03,34.69819259643555,439300,0.008870952267555373
2019-06-04,36.168216705322266,362500,0.04236601387236897
2019-06-05,35.668968200683594,417500,-0.013803514525094235
2019-06-06,35.58576965332031,206800,-0.0023325190371412748
2019-06-07,36.408607482910156,268200,0.023122664975522577
2019-06-10,37.009559631347656,281900,0.01650577129926161
2019-06-11,37.897125244140625,352000,0.023982063597460027
2019-06-12,38.359397888183594,289800,0.012198092627472897
2019-06-13,38.96959686279297,422500,0.01590741795239032
2019-06-14,38.78468704223633,296300,-0.004744976480195183
2019-06-17,38.66449737548828,314000,-0.003098894845204267
2019-06-18,38.20222854614258,264900,-0.011955899099279712
2019-06-19,38.766197204589844,273200,0.014762716205576223
2019-06-20,39.145259857177734,221300,0.009778174799745649
2019-06-21,37.804664611816406,516600,-0.03424668146928943
2019-06-24,37.083526611328125,197600,-0.019075370933534983
2019-06-25,37.074275970458984,240100,-0.00024945418395872784
2019-06-26,37.8323974609375,193600,0.02044872005275549
2019-06-27,38.32242202758789,204200,0.012952511591588878
2019-06-28,37.59202194213867,1845600,-0.01905934037580954
2019-07-01,38.146751403808594,349800,0.014756574214703238
2019-07-02,37.629005432128906,290300,-0.013572478720376579
2019-07-03,37.95259475708008,256000,0.008599465259182228
2019-07-05,37.92485809326172,204800,-0.0007308239132499651
2019-07-08,37.72146224975586,200000,-0.005363127345280631
2019-07-09,37.73070526123047,245200,0.0002450332230869231
2019-07-10,38.13750457763672,233200,0.010781651537912003
2019-07-11,36.93559646606445,257400,-0.031515122053293626
2019-07-12,38.0080680847168,230200,0.029036260985732427
2019-07-15,38.18373107910156,187500,0.004621729102179767
2019-07-16,38.590538024902344,320800,0.01065393386932352
2019-07-17,38.13750457763672,299800,-0.011739495494291478
2019-07-18,38.747703552246094,155200,0.015999971192850064
2019-07-19,38.40562438964844,250500,-0.008828372554683358
2019-07-22,38.73846435546875,228700,0.008666438083220531
2019-07-23,39.0065803527832,242900,0.006921182906327646
2019-07-24,39.487335205078125,274100,0.012324967939944496
2019-07-25,39.8201789855957,409400,0.008429127435137075
2019-07-26,40.68000411987305,388500,0.021592698882352372
2019-07-29,40.51358413696289,395300,-0.004090952951227862
2019-07-30,40.421138763427734,376900,-0.0022818364631139354
2019-07-31,41.25321960449219,439700,0.020585289443089707
2019-08-01,40.86491775512695,359800,-0.009412643500022747
2019-08-02,40.20848846435547,290300,-0.01606339439381664
2019-08-05,38.747703552246094,403300,-0.03633026179047616
2019-08-06,39.47809600830078,278200,0.018849954683633083
2019-08-07,39.348663330078125,351000,-0.0032785947477163373
2019-08-08,40.89265060424805,300100,0.03923862066719044
2019-08-09,40.68000411987305,352200,-0.005200114965228242
2019-08-12,40.74472427368164,219500,0.001590957405458486
2019-08-13,40.88340759277344,282400,0.003403712298069888
2019-08-14,40.52283477783203,449800,-0.008819539176698695
2019-08-15,40.985111236572266,419700,0.01140780158334634
2019-08-16,42.092811584472656,426100,0.027026896218643317
2019-08-19,42.3720703125,301200,0.006634356734924252
2019-08-20,41.86009979248047,344600,-0.012082735543570951
2019-08-21,42.092811584472656,189100,0.005559274658824168
2019-08-22,42.13936233520508,161800,0.0011059073742081338
2019-08-23,41.00372314453125,293100,-0.02694960549331961
2019-08-26,41.655311584472656,215500,0.01589095794166462
2019-08-27,40.95718002319336,215100,-0.016759724863984235
2019-08-28,41.34813690185547,235700,0.009545502850555557
2019-08-29,42.76301574707031,237100,0.034218684352652226
2019-08-30,42.893333435058594,260800,0.003047439141314754
2019-09-03,42.22312927246094,357600,-0.015624902727887992
2019-09-04,42.53961944580078,288800,0.007495658867384497
2019-09-05,43.507694244384766,256700,0.022757015958203314
2019-09-06,43.293601989746094,225900,-0.004920790640756681
2019-09-09,44.298912048339844,548100,0.023220753469111982
2019-09-10,45.53693771362305,478400,0.02794708962450918
2019-09-11,46.141990661621094,319300,0.013287080299583615
2019-09-12,45.509010314941406,343700,-0.013718097932133064
2019-09-13,45.56486129760742,320000,0.0012272510933440091
2019-09-16,45.509010314941406,258400,-0.0012257467942506021
2019-09-17,44.97842788696289,222700,-0.011658843475317593
2019-09-18,44.540931701660156,275300,-0.009726800287511689
2019-09-19,44.49439239501953,331700,-0.001044866033614882
2019-09-20,43.72179412841797,651100,-0.017363946893407697
2019-09-23,43.6845588684082,247200,-0.0008516407149349739
2019-09-24,42.9957275390625,317600,-0.015768302283209093
2019-09-25,44.40131378173828,208400,0.03269130034836083
2019-09-26,44.63401794433594,169400,0.005240929665765085
2019-09-27,45.49970626831055,393600,0.019395258680368597
2019-09-30,45.760345458984375,260000,0.0057283708412719375
2019-10-01,44.98773956298828,294400,-0.016883742643258474
2019-10-02,43.00504684448242,371000,-0.044071845746547225
2019-10-03,42.4837646484375,226400,-0.012121419095996235
2019-10-04,42.306915283203125,235900,-0.004162751740525879
2019-10-07,42.12073516845703,378700,-0.00440070171743322
2019-10-08,41.72047424316406,206500,-0.009502705109304746
2019-10-09,42.05557632446289,254400,0.008032077472219408
2019-10-10,41.981109619140625,401100,-0.001770673756739123
2019-10-11,42.39068603515625,516400,0.009756207487876525
2019-10-14,42.399986267089844,363200,0.00021939328667341465
2019-10-15,43.84280014038086,262200,0.03402864010856776
2019-10-16,44.047584533691406,236500,0.00467087851722164
2019-10-17,44.69917678833008,210300,0.014792916831575128
2019-10-18,45.03428649902344,212000,0.0074969996042712084
2019-10-21,45.07151794433594,256500,0.0008267355432245465
2019-10-22,45.471778869628906,129800,0.008880573443017773
2019-10-23,45.85342025756836,227000,0.008392928480621979
2019-10-24,46.07683181762695,222800,0.004872298703207825
2019-10-25,47.92921447753906,741100,0.040202040523182624
2019-10-28,50.032920837402344,480900,0.04389194320823128
2019-10-29,49.73505401611328,317000,-0.005953416596585957
2019-10-30,49.083457946777344,235400,-0.013101344358142888
2019-10-31,48.245697021484375,436800,-0.017068090968679873
2019-11-01,46.54225158691406,484000,-0.03530771736620881
2019-11-04,47.0821418762207,332100,0.011600003671898795
2019-11-05,48.04090881347656,298200,0.020363706897117483
2019-11-06,47.93851852416992,405900,-0.002131314578252063
2019-11-07,48.83212661743164,189500,0.01864071149406034
2019-11-08,47.724422454833984,196100,-0.022683922231685857
2019-11-11,47.240386962890625,135500,-0.010142301719867783
2019-11-12,46.393314361572266,496300,-0.017931110555545866
2019-11-13,46.95182418823242,226300,0.012038584316424088
2019-11-14,47.58479690551758,151300,0.013481323212225666
2019-11-15,47.75333786010742,205700,0.0035419076165123025
2019-11-18,47.781429290771484,170000,0.0005882610917451647
2019-11-19,47.041717529296875,185300,-0.01548115601509387
2019-11-20,47.13536071777344,211000,0.0019906413582421374
2019-11-21,46.81699752807617,223300,-0.006754232594155574
2019-11-22,46.84508514404297,152900,0.0005999448373414532
2019-11-25,47.65034103393555,205600,0.01718976254214319
2019-11-26,49.129756927490234,274700,0.031047330647666915
2019-11-27,48.83949279785156,142700,-0.005908112471776885
2019-11-29,47.8282470703125,99100,-0.020705492002643135
2019-12-02,47.219627380371094,272400,-0.012725109683544789
2019-12-03,47.10726547241211,172300,-0.002379559394949663
2019-12-04,47.416255950927734,177200,0.006559295586719678
2019-12-05,47.987422943115234,185800,0.012045805404345189
2019-12-06,47.837608337402344,232200,-0.0031219556401368403
2019-12-09,47.566070556640625,236500,-0.00567624072772497
2019-12-10,47.07917404174805,156700,-0.010236214789127736
2019-12-11,47.15408706665039,174200,0.0015912136613933305
2019-12-12,47.28517150878906,266700,0.0027799168702680923
2019-12-13,47.37880325317383,248500,0.0019801502542369327
2019-12-16,47.15408706665039,244400,-0.004742968819255352
2019-12-17,47.7346076965332,205400,0.01231114132402288
2019-12-18,47.77206802368164,280400,0.0007847624387443769
2019-12-19,47.22898864746094,216600,-0.011368136207783323
2019-12-20,47.69715881347656,1003300,0.009912771359773637
2019-12-23,47.75333786010742,223800,0.0011778279467452536
2019-12-24,47.36007308959961,61800,-0.008235335750976715
2019-12-26,46.957454681396484,180500,-0.008501220161578277
2019-12-27,46.88254165649414,176700,-0.001595338278248345
2019-12-30,46.88254165649414,180200,0.0
2019-12-31,46.742095947265625,256000,-0.00299569315711494
