Date,Adj Close,Volume,LogReturn
2019-01-02,107.65434265136719,9723500,
2019-01-03,105.04621124267578,10594700,-0.024226903852245886
2019-01-04,108.28660583496094,10122800,0.030847324753096116
2019-01-07,109.22513580322266,6714700,0.00866709193648684
2019-01-08,110.07475280761719,8730700,0.007778585012933109
2019-01-09,111.30966186523438,5931900,0.011218821992500823
2019-01-10,111.43809509277344,6160100,0.0011538371906525068
2019-01-11,111.28990936279297,4819100,-0.0013297582829022922
2019-01-14,111.06268310546875,6980600,-0.002041750762717273
2019-01-15,110.41065216064453,9800900,-0.005870837319903652
2019-01-16,109.57091522216797,5899900,-0.007605579009303992
2019-01-17,109.66970825195312,6392000,0.0009016355260412101
2019-01-18,109.69934844970703,8554700,0.000270267863627497
2019-01-22,109.26465606689453,6986700,-0.003962579440586102
2019-01-23,109.77838134765625,6845600,0.004701660163989382
2019-01-24,109.21526336669922,6716800,-0.005129589032413381
2019-01-25,109.74873352050781,5706900,0.004884575080109672
2019-01-28,109.47211456298828,6178800,-0.002520475167650493
2019-01-29,109.56103515625,5253700,0.0008122670656056018
2019-01-30,108.80033111572266,7853800,-0.006943198733404344
2019-01-31,110.17354583740234,8351600,0.012621420427655714
2019-02-01,109.95620727539062,6557700,-0.001972692812596537
2019-02-04,110.4501724243164,7037000,0.004492380750171036
2019-02-05,111.29978942871094,13619800,0.00769231034905548
2019-02-06,110.06488037109375,14229000,-0.011095340467002087
2019-02-07,109.61042022705078,8658100,-0.004129020469660395
2019-02-08,110.1636734008789,6395500,0.005047450531455836
2019-02-11,108.11866760253906,11086400,-0.01856334066583085
2019-02-12,107.88155364990234,7610200,-0.002193089851129005
2019-02-13,108.86947631835938,6919700,0.009157475351745877
2019-02-14,109.32392883300781,6324300,0.004174287688493273
2019-02-15,111.23062133789062,8197300,0.017440760913333835
2019-02-19,112.13951873779297,8169600,0.008171287627184444
2019-02-20,112.30746459960938,7081500,0.001497650994999371
2019-02-21,112.91010284423828,9480100,0.005365967852425388
2019-02-22,113.85851287841797,8734700,0.00839969152705527
2019-02-25,112.21855163574219,9327700,-0.014403501338779896
2019-02-26,112.129638671875,8956000,-0.000792319652777164
2019-02-27,111.4183349609375,7249500,-0.0063435833679888
2019-02-28,111.47760772705078,6716700,0.0005319839516006218
2019-03-01,112.63348388671875,6996900,0.010368684646499529
2019-03-04,112.94962310791016,6015000,0.002806796081255585
2019-03-05,112.62360382080078,5225100,-0.0028864132357298944
2019-03-06,113.46334075927734,7352800,0.007456136280390178
2019-03-07,112.63348388671875,6324000,-0.007313876596664023
2019-03-08,112.43589782714844,6549100,-0.0017542390837260694
2019-03-11,113.36454772949219,6952700,0.00825937196473848
2019-03-12,113.34479522705078,9920300,-0.0001742387971990962
2019-03-13,112.71250915527344,17994500,-0.005578430579990521
2019-03-14,113.09781646728516,17409600,0.003418496446396354
2019-03-15,113.57201385498047,14932700,0.004192807628894228
2019-03-18,111.75423431396484,21769800,-0.01600552353801473
2019-03-19,108.6718978881836,45384400,-0.02758138378114305
2019-03-20,108.66201782226562,35588700,-9.091647527988058e-05
2019-03-21,107.34808349609375,27438900,-0.01209193748197303
2019-03-22,106.92327880859375,24133800,-0.003957263824979773
2019-03-25,106.48858642578125,18187500,-0.004065460652311781
2019-03-26,108.81021118164062,16693100,0.02180162995662887
2019-03-27,108.94851684570312,10794800,0.0012710724716049086
2019-03-28,109.37332916259766,11748900,0.0038992023865379094
2019-03-29,109.68946075439453,16358800,0.002890390136400661
2019-04-01,111.15159606933594,10785100,0.013329770288644875
2019-04-02,110.60823822021484,9231800,-0.004888439467681141
2019-04-03,111.16146850585938,10534900,0.005001709588241344
2019-04-04,113.36454772949219,14378400,0.019818730835826328
2019-04-05,113.61152648925781,10907900,0.0021786243116759915
2019-04-08,113.57201385498047,11054200,-0.00034778719640810165
2019-04-09,115.4490737915039,17340300,0.016527486594719063
2019-04-10,115.7454605102539,14091100,0.00256725072810252
2019-04-11,115.19221496582031,12784500,-0.004779846587457152
2019-04-12,128.4897003173828,65253500,0.11543736141811417
2019-04-15,130.44578552246094,32773700,0.015223673183503369
2019-04-16,128.3316192626953,14564300,-0.01620724081884267
2019-04-17,130.1593017578125,14253700,0.01424187200019595
2019-04-18,130.85084533691406,11890600,0.005313055384918383
2019-04-22,130.0901336669922,10197500,-0.0058135785669798205
2019-04-23,131.74986267089844,12159300,0.012758300396207322
2019-04-24,133.46885681152344,11449500,0.013047407456650806
2019-04-25,135.5830078125,16382500,0.015840032285299614
2019-04-26,138.2306671142578,14167600,0.019527958145163032
2019-04-29,137.61814880371094,25746100,-0.0044311318416815825
2019-04-30,135.31626892089844,15253100,-0.016726572060606217
2019-05-01,134.7333984375,8906700,-0.004307467890199995
2019-05-02,132.52044677734375,16580400,-0.016424670392195233
2019-05-03,132.70814514160156,8874400,0.0014163728603569892
2019-05-06,133.37005615234375,9955600,0.004987719555841268
2019-05-07,131.82888793945312,10972700,-0.01155557894592325
2019-05-08,133.3601837158203,15423500,0.011615783158775388
2019-05-09,131.97708129882812,15297100,-0.010371179601397867
2019-05-10,132.42164611816406,9858500,0.0033685001589733215
2019-05-13,129.75424194335938,11389900,-0.02014326398287239
2019-05-14,131.59178161621094,12001700,0.01416169248365452
2019-05-15,133.0539093017578,9734100,0.011111086631619508
2019-05-16,133.864013671875,9689400,0.006088542413886707
2019-05-17,133.40957641601562,8964200,-0.0033947678946283743
2019-05-20,132.29322814941406,8009000,-0.00836782708252079
2019-05-21,132.47103881835938,7050300,0.0013440647826999151
2019-05-22,132.23394775390625,5093700,-0.0017897577203891163
2019-05-23,131.12747192382812,6743300,-0.008367562557667338
2019-05-24,131.1867218017578,4570100,0.0004518494641924136
2019-05-28,131.01878356933594,8938400,-0.001280146573642217
2019-05-29,129.9814910888672,7749600,-0.007917128004167499
2019-05-30,130.60385131835938,5274000,0.00478806808783787
2019-05-31,130.44578552246094,7420700,-0.0012102690257819197
2019-06-03,130.87062072753906,7901400,0.0032567951764526292
2019-06-04,133.19224548339844,8247500,0.017739846750576587
2019-06-05,134.29872131347656,6842800,0.008307359231480486
2019-06-06,135.5533905029297,6027300,0.009342376287593305
2019-06-07,136.37335205078125,7026300,0.006048993277182844
2019-06-10,135.41506958007812,8479500,-0.007026904129674029
2019-06-11,133.4490966796875,6352200,-0.014518124950842645
2019-06-12,134.0813751220703,5536400,0.004737974689333754
2019-06-13,140.0286865234375,17939500,0.04435598453515739
2019-06-14,139.9397735595703,11125200,-0.0006349624928625291
2019-06-17,139.26797485351562,8542700,-0.004800627362518295
2019-06-18,137.55886840820312,11231400,-0.012272070783754604
2019-06-19,139.2185821533203,6877100,0.012065479778388559
2019-06-20,140.3052978515625,8485800,0.0078058236295309785
2019-06-21,138.53689575195312,14150000,-0.012603958130506769
2019-06-24,137.5391082763672,10497400,-0.0072023230358247035
2019-06-25,138.2504119873047,14675400,0.005171646958101739
2019-06-26,138.70484924316406,8842100,0.0032870589629859855
2019-06-27,137.61814880371094,6466300,-0.00783462471126749
2019-06-28,137.9540252685547,20078800,0.0024406407713187675
2019-07-01,139.9397735595703,8996500,0.014394275825949803
2019-07-02,140.80914306640625,7554100,0.006212454720500599
2019-07-03,141.2537078857422,4150900,0.0031572155731838993
2019-07-05,141.60162353515625,5596000,0.0024630549853989375
2019-07-08,140.18014526367188,4993900,-0.010038573259235664
2019-07-09,140.76663208007812,7396300,0.004183808022905793
2019-07-10,142.6851348876953,9533700,0.01362896006864614
2019-07-11,142.70501708984375,10471100,0.00013934319201566717
2019-07-12,144.0171661376953,8510000,0.009194834733984608
2019-07-15,144.19607543945312,5289200,0.0012422776156194928
2019-07-16,143.44061279296875,5854700,-0.005239134589357033
2019-07-17,141.72091674804688,5296400,-0.011988906150338003
2019-07-18,140.78651428222656,8035500,-0.006593257278186425
2019-07-19,139.01712036132812,6109900,-0.012567921934280126
2019-07-22,140.00120544433594,7706400,0.007078876907031416
2019-07-23,140.41871643066406,7514500,0.0029821956532661864
2019-07-24,140.4485321044922,5896600,0.00021233404339547127
2019-07-25,142.3571014404297,7294400,0.013589101340821029
2019-07-26,143.78851318359375,8139400,0.010055077889901029
2019-07-29,145.51815795898438,11674100,0.012029088674017788
2019-07-30,144.0668487548828,6563100,-0.009973389056440827
2019-07-31,142.15829467773438,9710700,-0.013247697812809635
2019-08-01,141.0052032470703,8911700,-0.008111320083559402
2019-08-02,140.8660430908203,6539100,-0.0009869150431715814
2019-08-05,137.47634887695312,10669700,-0.024063245758111883
2019-08-06,141.0250701904297,18818900,0.02581332238211251
2019-08-07,134.0568389892578,29084500,-0.04941129397604623
2019-08-08,137.06878662109375,14054800,0.02246769097753595
2019-08-09,137.69503784179688,8811900,0.0045688827933839035
2019-08-12,134.9415283203125,7473300,-0.01999715868227574
2019-08-13,136.1940155029297,8145400,0.009281702958366842
2019-08-14,132.05880737304688,11797700,-0.030362627275600518
2019-08-15,132.61546325683594,7590100,0.004215212107864875
2019-08-16,134.39480590820312,6353800,0.013417309020149032
2019-08-19,134.48426818847656,11741800,0.0006656676920575614
2019-08-20,134.32522583007812,8628000,-0.0011826093902339815
2019-08-21,134.9514617919922,6325000,0.0046620875419651495
2019-08-22,135.26956176757812,6967100,0.002357143608242212
2019-08-23,130.88583374023438,10190900,-0.032407349961522953
2019-08-26,133.80831909179688,8093800,0.022328507738757112
2019-08-27,133.6890411376953,6013600,-0.0008914091060342364
2019-08-28,135.7367706298828,5950500,0.015317108079774513
2019-08-29,137.01907348632812,6532700,0.009446982203089264
2019-08-30,136.44253540039062,5622200,-0.00420772138701571
2019-09-03,135.49819946289062,5997400,-0.006921125693896307
2019-09-04,137.06878662109375,4285400,0.011591203163059501
2019-09-05,138.01312255859375,5143500,0.006889503881802617
2019-09-06,138.71890258789062,4090000,0.0051138617561328975
2019-09-09,138.00318908691406,5458700,-0.005159451867225486
2019-09-10,134.98129272460938,10974600,-0.021897293695158776
2019-09-11,135.37890625,7896400,0.0029456935651212155
2019-09-12,136.6811065673828,7333900,0.009618930699425801
2019-09-13,137.19801330566406,5209100,0.003781844845003641
2019-09-16,134.99124145507812,6329300,-0.016084575843452343
2019-09-17,135.49819946289062,4726500,0.0037554881512901974
2019-09-18,135.9852752685547,6857900,0.003594703159118064
2019-09-19,132.50611877441406,12216100,-0.02558480311393793
2019-09-20,131.4822540283203,25231600,-0.007726924277639099
2019-09-23,131.67112731933594,6096100,0.001436492646185873
2019-09-24,131.1840362548828,11904000,-0.00369930047968531
2019-09-25,132.29736328125,6523000,0.008486756911519776
2019-09-26,130.48822021484375,11615100,-0.013674823303622506
2019-09-27,129.18601989746094,8401300,-0.009979447303663048
2019-09-30,129.5438690185547,5532500,0.00277002977085126
2019-10-01,128.77845764160156,5978500,-0.005908511014469503
2019-10-02,128.3708953857422,8296100,-0.003164832560688419
2019-10-03,127.38678741455078,8498700,-0.007666129991804268
2019-10-04,129.49417114257812,6732900,0.016543189217649017
2019-10-07,130.1204071044922,5784100,0.004836016605137789
2019-10-08,127.70488739013672,6526000,-0.018563726997992747
2019-10-09,128.5597686767578,5004600,0.006694193966198356
2019-10-10,128.5697021484375,4512000,7.726734251259868e-05
2019-10-11,129.24566650390625,6559000,0.005257571139803445
2019-10-14,128.92755126953125,3710300,-0.0024613222476235633
2019-10-15,128.98719787597656,5914700,0.0004626366192329014
2019-10-16,130.08065795898438,7610800,0.008477276047652369
2019-10-17,131.58164978027344,8005100,0.0115389316508711
2019-10-18,130.1104736328125,8694000,-0.011180709087609377
2019-10-21,129.48422241210938,6257100,-0.004813226815778734
2019-10-22,131.61148071289062,9291600,0.016428706611148546
2019-10-23,130.3490447998047,5970800,-0.009592141249743487
2019-10-24,129.48422241210938,5746300,-0.006634666092287377
2019-10-25,130.1204071044922,6696000,0.004913221707877488
2019-10-28,129.75262451171875,8940300,-0.0028264789586624375
2019-10-29,128.7088623046875,9305100,-0.008044247358842299
2019-10-30,128.8281707763672,10880000,0.0009269639210799112
2019-10-31,129.14625549316406,9628300,0.00246906181217956
2019-11-01,131.9593963623047,8507600,0.021782597245256788
2019-11-04,132.12838745117188,7631800,0.0012806294475856
2019-11-05,130.66712951660156,7404500,-0.011059379159609597
2019-11-06,130.48822021484375,9132500,-0.001369198989980733
2019-11-07,132.16815185546875,18047600,0.012874201501553613
2019-11-08,137.1383819580078,24175900,0.037605353731315024
2019-11-11,135.92564392089844,10138400,-0.008843170086990811
2019-11-12,137.7546844482422,17284000,0.01345618438569366
2019-11-13,147.83428955078125,45725400,0.07317068848084231
2019-11-14,146.2736358642578,28393600,-0.010556777397623649
2019-11-15,143.80841064453125,13733400,-0.016853517075450943
2019-11-18,146.77066040039062,15353100,0.02059858489905384
2019-11-19,147.49632263183594,11504300,0.004944191362672244
2019-11-20,146.05494689941406,9448400,-0.009772282499677489
2019-11-21,146.02511596679688,6241400,-0.0002042445891116008
2019-11-22,147.40684509277344,9639400,0.009462270355537601
2019-11-25,148.7985076904297,11316800,0.009440963184446281
2019-11-26,150.7368927001953,24949900,0.013026911626011533
2019-11-27,150.57785034179688,6155400,-0.0010550990905375843
2019-11-29,150.67726135253906,6284900,0.0006601967720785913
2019-12-02,149.72296142578125,10351000,-0.006333403714612521
2019-12-03,147.69512939453125,9273800,-0.01354389475027323
2019-12-04,147.39691162109375,7684800,-0.0020191442646756786
2019-12-05,146.56190490722656,7363300,-0.005665021774768929
2019-12-06,146.78060913085938,7084900,0.001492231038967813
2019-12-09,145.33924865722656,11515000,-0.009819828941762981
2019-12-10,145.22988891601562,7084100,-0.0007524446577321694
2019-12-11,146.7110137939453,8253700,0.010198485235957186
2019-12-12,146.8800048828125,7748300,0.0011518636842393743
2019-12-13,146.3800048828125,9350100,-0.0034041393203855254
2019-12-16,148.4600067138672,9134400,0.014209603509166948
2019-12-17,147.72999572753906,8776100,-0.00491722318007909
2019-12-18,146.25999450683594,9467800,-0.009950594078498947
2019-12-19,146.14999389648438,10243900,-0.0007520895288042778
2019-12-20,146.8800048828125,12629900,0.004994943666198027
2019-12-23,144.67999267578125,9314000,-0.014978296118566438
2019-12-24,145.2899932861328,3508500,0.004216205703842794
2019-12-26,145.6999969482422,4422000,0.0028219676581711824
2019-12-27,145.75,5495300,0.00034319185178552445
2019-12-30,143.77000427246094,6602800,-0.013584876346751715
2019-12-31,144.6300048828125,5662900,0.005981780516064818
