Date,Adj Close,Volume,LogReturn
2019-01-02,1.9600000381469727,100,
2019-01-03,1.9800000190734863,16900,0.01020407170268328
2019-01-04,1.9500000476837158,42400,-0.015151500555948771
2019-01-07,1.9600000381469727,9900,0.005128200112166768
2019-01-08,1.9500000476837158,400,-0.00510203585134164
2019-01-09,1.9500000476837158,100,0.0
2019-01-10,1.9500000476837158,26100,0.0
2019-01-15,1.8899999856948853,9400,-0.030769261805968118
2019-01-16,1.8899999856948853,100,0.0
2019-01-17,1.8700000047683716,1200,-0.010582000570312384
2019-01-18,1.899999976158142,5200,0.016042765408167188
2019-01-22,1.899999976158142,0,0.0
2019-01-23,1.850000023841858,13200,-0.026315764707211
2019-01-25,1.850000023841858,38800,0.0
2019-01-28,1.7899999618530273,15200,-0.032432465521935315
2019-01-29,1.9600000381469727,17000,0.09497211168538763
2019-01-30,1.9600000381469727,3500,0.0
2019-01-31,1.9600000381469727,360600,0.0
2019-02-04,1.940000057220459,7400,-0.01020407170268328
2019-02-05,1.9500000476837158,32100,0.0051546341073743845
2019-02-06,1.9700000286102295,65000,0.010256400224333537
2019-02-07,1.9299999475479126,500,-0.02030460938141998
2019-02-08,1.8899999856948853,2500,-0.020725369399023953
2019-02-11,1.9299999475479126,8100,0.021164001140624767
2019-02-12,1.9199999570846558,300,-0.005181342349755988
2019-02-13,1.909999966621399,300,-0.0052083284826948155
2019-02-14,1.9299999475479126,5700,0.010471194385354708
2019-02-15,1.8899999856948853,32800,-0.020725369399023953
2019-02-19,1.9299999475479126,9100,0.021164001140624767
2019-02-20,1.8799999952316284,1500,-0.025906711748779943
2019-02-21,1.8899999856948853,6900,0.0053191438769257925
2019-02-22,1.940000057220459,5200,0.02645506449947961
2019-02-25,1.899999976158142,27600,-0.020618597877583123
2019-02-26,1.940000057220459,1200,0.02105267450750093
2019-02-28,1.9500000476837158,75400,0.0051546341073743845
2019-03-01,1.9199999570846558,400,-0.015384661469467811
2019-03-04,1.9199999570846558,5200,0.0
2019-03-05,1.8200000524520874,6800,-0.052083284826948156
2019-03-06,1.850000023841858,9500,0.016483500288558522
2019-03-07,1.8700000047683716,300,0.010810800361494111
2019-03-08,1.850000023841858,4300,-0.010695176938778125
2019-03-11,1.8799999952316284,11000,0.016216200542241165
2019-03-12,1.899999976158142,7900,0.010638287753851585
2019-03-13,1.899999976158142,22000,0.0
2019-03-14,1.899999976158142,53400,0.0
2019-03-18,1.9199999570846558,700,0.0105263058828844
2019-03-20,1.9800000190734863,100,0.031250032984341924
2019-03-22,1.9800000190734863,0,0.0
2019-03-25,1.9299999475479126,100,-0.025252561133292602
2019-03-27,1.9199999570846558,100,-0.005181342349755988
2019-03-28,1.9199999570846558,1000,0.0
2019-03-29,1.909999966621399,6200,-0.0052083284826948155
2019-04-01,1.8600000143051147,1900,-0.02617798596338677
2019-04-02,1.850000023841858,57900,-0.005376338917391232
2019-04-03,1.8200000524520874,100,-0.016216200542241165
2019-04-04,1.8300000429153442,24100,0.005494500096186174
2019-04-05,1.7699999809265137,1600,-0.032786918350693264
2019-04-08,1.8600000143051147,3800,0.0508474770330168
2019-04-09,1.8300000429153442,100,-0.016129016752173694
2019-04-10,1.7799999713897705,1800,-0.027322442815858848
2019-04-11,1.7699999809265137,200,-0.0056179722606675905
2019-04-12,1.7699999809265137,1900,0.0
2019-04-15,1.7000000476837158,32000,-0.03954798530910498
2019-04-16,1.7100000381469727,4800,0.005882347166332156
2019-04-17,1.7799999713897705,1400,0.04093563256212129
2019-04-18,1.75,4700,-0.01685391678200277
2019-04-22,1.7200000286102295,400,-0.017142840794154575
2019-04-23,1.7200000286102295,0,0.0
2019-04-24,1.7300000190734863,1700,0.005813947847045612
2019-04-25,1.690000057220459,400,-0.023121364978047575
2019-04-26,1.7799999713897705,400,0.053254385279332045
2019-04-29,1.7599999904632568,400,-0.011235944521335181
2019-04-30,1.7999999523162842,3600,0.02272725117600642
2019-05-01,1.7100000381469727,4100,-0.04999995364083061
2019-05-02,1.659999966621399,1800,-0.029239807257405617
2019-05-03,1.7300000190734863,5900,0.04216870714434931
2019-05-06,1.7699999809265137,300,0.023121364978047575
2019-05-07,1.7699999809265137,0,0.0
2019-05-09,1.6799999475479126,800,-0.0508474770330168
2019-05-10,1.7899999618530273,200,0.06547620103540366
2019-05-13,1.7799999713897705,100,-0.00558658697003811
2019-05-15,1.75,3800,-0.01685391678200277
2019-05-16,1.690000057220459,3600,-0.03428568158830915
2019-05-17,1.7300000190734863,600,0.02366861567970313
2019-05-20,1.7799999713897705,400,0.02890170622255947
2019-05-21,1.7599999904632568,100,-0.011235944521335181
2019-05-22,1.7599999904632568,0,0.0
2019-05-28,1.7799999713897705,1400,0.01136362558800321
2019-05-29,1.75,400,-0.01685391678200277
2019-05-30,1.7799999713897705,1600,0.017142840794154575
2019-05-31,1.7799999713897705,2100,0.0
2019-06-03,1.75,1100,-0.01685391678200277
2019-06-04,1.7000000476837158,32100,-0.02857140132359096
2019-06-05,1.75,200,0.02941173583166078
2019-06-06,1.75,0,0.0
2019-06-07,1.75,400,0.0
2019-06-10,1.75,600,0.0
2019-06-11,1.7200000286102295,4500,-0.017142840794154575
2019-06-12,1.7200000286102295,1200,0.0
2019-06-13,1.7200000286102295,100,0.0
2019-06-17,1.6799999475479126,900,-0.023255860695907783
2019-06-18,1.7599999904632568,1100,0.04761907465063339
2019-06-19,1.649999976158142,800,-0.0625000084665689
2019-06-20,1.6699999570846558,9900,0.01212120073667007
2019-06-21,1.6799999475479126,4400,0.005988018395350124
2019-06-24,1.6799999475479126,100,0.0
2019-06-25,1.6799999475479126,0,0.0
2019-06-26,1.649999976158142,5100,-0.017857126384770276
2019-06-27,1.600000023841858,400,-0.030303001841675177
2019-06-28,1.6399999856948853,1300,0.024999975785613422
2019-07-01,1.600000023841858,3700,-0.02439022085483674
2019-07-02,1.600000023841858,0,0.0
2019-07-03,1.590000033378601,200,-0.0062499939464033556
2019-07-05,1.659999966621399,700,0.0440251143228309
2019-07-08,1.6100000143051147,4600,-0.0301204538082306
2019-07-09,1.6100000143051147,0,0.0
2019-07-10,1.6100000143051147,100,0.0
2019-07-11,1.6399999856948853,23200,0.018633522436780018
2019-07-12,1.6200000047683716,24900,-0.01219511042741837
2019-07-15,1.600000023841858,600,-0.012345667202249964
2019-07-16,1.6200000047683716,8000,0.012499987892806711
2019-07-17,1.6699999570846558,100,0.03086416800562491
2019-07-18,1.659999966621399,500,-0.005988018395350124
2019-07-19,1.7400000095367432,2200,0.04819279790599543
2019-07-22,1.7000000476837158,100,-0.022988483697581656
2019-07-24,1.7000000476837158,0,0.0
2019-07-25,1.690000057220459,1700,-0.005882347166332156
2019-07-26,1.600000023841858,3500,-0.05325445581737081
2019-07-29,1.600000023841858,500,0.0
2019-07-30,1.6299999952316284,600,0.018749981839210065
2019-07-31,1.5499999523162842,4600,-0.049079781073236114
2019-08-01,1.600000023841858,4200,0.03225811165403894
2019-08-02,1.6799999475479126,200,0.049999951571226844
2019-08-05,1.649999976158142,1400,-0.017857126384770276
2019-08-06,1.6100000143051147,3100,-0.02424240147334014
2019-08-07,1.6200000047683716,1900,0.00621117414559334
2019-08-08,1.6200000047683716,0,0.0
2019-08-09,1.6200000047683716,100,0.0
2019-08-12,1.6399999856948853,500,0.012345667202249964
2019-08-13,1.690000057220459,7300,0.030487848757137746
2019-08-14,1.6399999856948853,2300,-0.029585840137667678
2019-08-15,1.5499999523162842,19000,-0.054878069611974487
2019-08-16,1.690000057220459,900,0.0903226511039319
2019-08-19,1.7000000476837158,1100,0.005917153919925783
2019-08-20,1.6299999952316284,1300,-0.04117650028743462
2019-08-21,1.659999966621399,3300,0.018404890477013415
2019-08-22,1.5700000524520874,3900,-0.054216816854815074
2019-08-23,1.690000057220459,3300,0.07643312150273555
2019-08-26,1.690000057220459,0,0.0
2019-08-27,1.6200000047683716,200,-0.041420147977519244
2019-08-28,1.7100000381469727,5000,0.05555557599610583
2019-08-30,1.75,4200,0.023391790035497878
2019-09-03,1.6699999570846558,4400,-0.045714310237339566
2019-09-04,1.75,100,0.04790421854561094
2019-09-06,1.75,1800,0.0
2019-09-10,1.6699999570846558,4000,-0.045714310237339566
2019-09-11,1.649999976158142,3400,-0.011976036790700247
2019-09-12,1.649999976158142,0,0.0
2019-09-13,1.690000057220459,2800,0.02424247372139546
2019-09-16,1.7200000286102295,500,0.01775146175977735
2019-09-19,1.659999966621399,3800,-0.03488375638999901
2019-09-20,1.6699999570846558,2500,0.00602409076164612
2019-09-24,1.6699999570846558,0,0.0
2019-09-26,1.6100000143051147,3700,-0.035928110372100745
2019-09-27,1.600000023841858,3600,-0.00621117414559334
2019-09-30,1.6100000143051147,2300,0.0062499939464033556
2019-10-01,1.6399999856948853,2300,0.018633522436780018
2019-10-02,1.6399999856948853,3000,0.0
2019-10-03,1.6200000047683716,7800,-0.01219511042741837
2019-10-07,1.6299999952316284,7700,0.006172833601124982
2019-10-08,1.5499999523162842,8100,-0.049079781073236114
2019-10-09,1.590000033378601,1100,0.02580650470507544
2019-10-10,1.590000033378601,0,0.0
2019-10-11,1.5499999523162842,5400,-0.025157283158869167
2019-10-14,1.5499999523162842,6100,0.0
2019-10-15,1.5399999618530273,4100,-0.006451606948963502
2019-10-16,1.5399999618530273,0,0.0
2019-10-17,1.5800000429153442,400,0.02597407925529181
2019-10-18,1.649999976158142,10200,0.044303754013599365
2019-10-21,1.6699999570846558,300,0.01212120073667007
2019-10-22,1.5700000524520874,2000,-0.05988018395350124
2019-10-23,1.649999976158142,200,0.05095536371550286
2019-10-25,1.6200000047683716,400,-0.018181801105005106
2019-10-28,1.600000023841858,9100,-0.012345667202249964
2019-10-29,1.6299999952316284,1100,0.018749981839210065
2019-10-30,1.5,28400,-0.07975459853492514
2019-10-31,1.5099999904632568,7900,0.006666660308837891
2019-11-01,1.5399999618530273,100,0.019867530847180164
2019-11-04,1.5399999618530273,10200,0.0
2019-11-05,1.5299999713897705,300,-0.006493500461665078
2019-11-06,1.5199999809265137,900,-0.00653594160147165
2019-11-07,1.5199999809265137,0,0.0
2019-11-08,1.559999942779541,2600,0.026315764707211
2019-11-11,1.559999942779541,0,0.0
2019-11-14,1.5499999523162842,1300,-0.006410250532086098
2019-11-15,1.5299999713897705,3500,-0.012903213897927004
2019-11-18,1.559999942779541,1400,0.01960782480441495
2019-11-19,1.5299999713897705,1000,-0.019230751596258297
2019-11-20,1.5499999523162842,2800,0.0130718832029433
2019-11-21,1.5700000524520874,5700,0.012903290807148434
2019-11-22,1.5800000429153442,3700,0.006369420464437858
2019-11-25,1.5700000524520874,2400,-0.006329107716228481
2019-11-26,1.559999942779541,4100,-0.006369496393919111
2019-11-27,1.6100000143051147,11100,0.03205132907664455
2019-11-29,1.6100000143051147,200,0.0
2019-12-02,1.5800000429153442,7100,-0.018633522436780018
2019-12-04,1.600000023841858,6100,0.012658215432456961
2019-12-05,1.600000023841858,3000,0.0
2019-12-06,1.600000023841858,5100,0.0
2019-12-09,1.600000023841858,2100,0.0
2019-12-10,1.590000033378601,4200,-0.0062499939464033556
2019-12-11,1.5700000524520874,12600,-0.012578604092237398
2019-12-12,1.5700000524520874,16700,0.0
2019-12-13,1.5800000429153442,3000,0.006369420464437858
2019-12-16,1.5800000429153442,7200,0.0
2019-12-17,1.600000023841858,8300,0.012658215432456961
2019-12-18,1.600000023841858,3200,0.0
2019-12-19,1.6100000143051147,6400,0.0062499939464033556
2019-12-20,1.590000033378601,4600,-0.01242234829118668
2019-12-23,1.590000033378601,800,0.0
2019-12-24,1.590000033378601,3200,0.0
2019-12-26,1.649999976158142,3500,0.037735812276712195
2019-12-27,1.6699999570846558,7100,0.01212120073667007
2019-12-30,1.8300000429153442,9600,0.09580843709122187
2019-12-31,1.8200000524520874,11900,-0.00546447553483442
