Date,Adj Close,Volume,LogReturn
2019-01-02,1.904382348060608,2159900,
2019-01-03,1.9143528938293457,4279500,0.005235579808273078
2019-01-04,1.874470591545105,2448800,-0.020833307386948278
2019-01-07,1.8345882892608643,1634100,-0.021276568682449263
2019-01-08,1.8545293807983398,1448300,0.010869518602187107
2019-01-09,1.8644999265670776,1286700,0.005376321276962278
2019-01-10,1.8345882892608643,1429100,-0.01604271305136856
2019-01-11,1.8046764135360718,1515900,-0.016304407860819634
2019-01-14,1.794705867767334,1315200,-0.005524838521716792
2019-01-15,1.7548234462738037,2527800,-0.022222260599808013
2019-01-16,1.7348823547363281,2013800,-0.011363588502204336
2019-01-17,1.714941143989563,1111100,-0.011494272618730884
2019-01-18,1.665088176727295,2939100,-0.02906978320334209
2019-01-22,1.635176420211792,2230000,-0.01796406756925872
2019-01-23,1.6252058744430542,1302500,-0.006097535192836492
2019-01-24,1.635176420211792,1158900,0.0061349432250573325
2019-01-25,1.714941143989563,1672900,0.04878050025173411
2019-01-28,1.7348823547363281,1438200,0.01162792718377191
2019-01-29,1.8046764135360718,2574700,0.04022985109578288
2019-01-30,1.7847352027893066,3334200,-0.011049743099203282
2019-01-31,1.8046764135360718,2867400,0.011173204134484289
2019-02-01,1.7847352027893066,2181000,-0.011049743099203282
2019-02-04,1.764794111251831,1306400,-0.011173137340659993
2019-02-05,1.794705867767334,1381900,0.016949147962809927
2019-02-06,1.7847352027893066,1972200,-0.00555559836132432
2019-02-07,1.744852900505066,1235700,-0.02234634147514428
2019-02-08,1.7747646570205688,1512600,0.0171428528484233
2019-02-11,1.7747646570205688,1137000,0.0
2019-02-12,1.7847352027893066,1453100,0.005617953754767744
2019-02-13,1.7548234462738037,1363700,-0.016759772804814284
2019-02-14,1.7847352027893066,1412900,0.01704545068566164
2019-02-15,1.874470591545105,1828500,0.05027938520826715
2019-02-19,1.9442647695541382,4393000,0.0372340746895915
2019-02-20,1.9143528938293457,3052900,-0.015384671981507909
2019-02-21,1.984147071838379,2771000,0.03645836576631465
2019-02-22,2.0040881633758545,2587900,0.010050208384502211
2019-02-25,1.984147071838379,2236900,-0.009950206733363035
2019-02-26,1.904382348060608,2323600,-0.04020101378062983
2019-02-27,1.8345882892608643,2420700,-0.03664918385261279
2019-02-28,1.8046764135360718,1712700,-0.016304407860819634
2019-03-01,1.714941143989563,3187000,-0.04972374486276022
2019-03-04,1.744852900505066,1941800,0.01744185601957018
2019-03-05,1.764794111251831,1680600,0.011428591339128326
2019-03-06,1.6950000524520874,1822200,-0.039547989397038644
2019-03-07,1.649999976158142,3645900,-0.026548716755993924
2019-03-08,1.7599999904632568,2834700,0.06666667629974071
2019-03-11,1.7400000095367432,1733300,-0.01136362558800321
2019-03-12,1.7899999618530273,1685200,0.02873560462197707
2019-03-13,1.7899999618530273,1671900,0.0
2019-03-14,1.7000000476837158,2103400,-0.05027928273034299
2019-03-15,1.6799999475479126,6734500,-0.011764764455773846
2019-03-18,1.6399999856948853,2217500,-0.023809501846360367
2019-03-19,1.6399999856948853,1516900,0.0
2019-03-20,1.7100000381469727,2918400,0.04268295918455612
2019-03-21,1.7100000381469727,2337800,0.0
2019-03-22,1.6799999475479126,1486900,-0.017543912239656678
2019-03-25,1.7200000286102295,1636200,0.023809572804273028
2019-03-26,1.7300000190734863,1823400,0.005813947847045612
2019-03-27,1.6399999856948853,4466400,-0.05202314010771007
2019-03-28,1.5499999523162842,4215200,-0.054878069611974487
2019-03-29,1.5,3588300,-0.03225803474481751
2019-04-01,1.4299999475479126,4506300,-0.04666670163472494
2019-04-02,1.4800000190734863,3340100,0.03496508626543041
2019-04-03,1.4500000476837158,1880800,-0.020270250677801457
2019-04-04,1.5099999904632568,2491200,0.04137926952167151
2019-04-05,1.5099999904632568,1493200,0.0
2019-04-08,1.4900000095367432,1522000,-0.013245020564786776
2019-04-09,1.5199999809265137,3028600,0.02013420885755418
2019-04-10,1.4900000095367432,1805300,-0.019736823530408253
2019-04-11,1.399999976158142,2551900,-0.060402706578896626
2019-04-12,1.3700000047683716,2480100,-0.021428551357619275
2019-04-15,1.4199999570846558,1988600,0.036496315432303784
2019-04-16,1.3799999952316284,2107600,-0.02816898807176702
2019-04-17,1.3799999952316284,1640900,0.0
2019-04-18,1.3899999856948853,1416800,0.007246369925949435
2019-04-22,1.309999942779541,1959800,-0.05755398830119471
2019-04-23,1.3300000429153442,1700800,0.015267252678933151
2019-04-24,1.3300000429153442,2638500,0.0
2019-04-25,1.2999999523162842,1511400,-0.022556458369204422
2019-04-26,1.4900000095367432,4732500,0.14615389553047678
2019-04-29,1.3799999952316284,2570300,-0.07382551248393275
2019-04-30,1.3799999952316284,1586600,0.0
2019-05-01,1.409999966621399,2763600,0.021739109777848306
2019-05-02,1.4199999570846558,2652500,0.007092191985804456
2019-05-03,1.399999976158142,1900100,-0.01408449403588351
2019-05-06,1.4199999570846558,764500,0.014285700905079517
2019-05-07,1.4700000286102295,1849300,0.035211319039915215
2019-05-08,1.4299999475479126,1010000,-0.027210938968575297
2019-05-09,1.4600000381469727,1286000,0.02097908510451529
2019-05-10,1.440000057220459,1030200,-0.013698616715036242
2019-05-13,1.5,1631400,0.041666625274553885
2019-05-14,1.4299999475479126,1373300,-0.04666670163472494
2019-05-15,1.3899999856948853,1749600,-0.02797200232183025
2019-05-16,1.3600000143051147,1396100,-0.02158271345216813
2019-05-17,1.340000033378601,1950600,-0.014705868173635691
2019-05-20,1.350000023841858,1233600,0.007462679264300777
2019-05-21,1.3300000429153442,1432300,-0.014814800424667634
2019-05-22,1.25,1827500,-0.060150406266141994
2019-05-23,1.2699999809265137,2342600,0.015999984741210938
2019-05-24,1.3200000524520874,1189800,0.03937013565078699
2019-05-28,1.2899999618530273,1797400,-0.022727340459820916
2019-05-29,1.2400000095367432,2283400,-0.03875965410453306
2019-05-30,1.309999942779541,1793600,0.05645155863260793
2019-05-31,1.350000023841858,2401500,0.030534414358404656
2019-06-03,1.4299999475479126,4355200,0.059259201698670536
2019-06-04,1.4600000381469727,3015600,0.02097908510451529
2019-06-05,1.4800000190734863,2303700,0.013698616715036242
2019-06-06,1.4900000095367432,1663900,0.006756750225933819
2019-06-07,1.5199999809265137,1704900,0.02013420885755418
2019-06-10,1.4500000476837158,3034100,-0.04605258823761925
2019-06-11,1.4500000476837158,1697500,0.0
2019-06-12,1.5399999618530273,2400000,0.06206890428250726
2019-06-13,1.559999942779541,1750800,0.012987000923330156
2019-06-14,1.5299999713897705,3206700,-0.019230751596258297
2019-06-17,1.600000023841858,2563800,0.045751669124871344
2019-06-18,1.6100000143051147,2934900,0.0062499939464033556
2019-06-19,1.690000057220459,3056000,0.04968946720778305
2019-06-20,1.7400000095367432,6115400,0.029585769599628914
2019-06-21,1.7899999618530273,7974200,0.02873560462197707
2019-06-24,1.8200000524520874,4330100,0.016759827507484212
2019-06-25,1.840000033378601,3514200,0.010989000192372348
2019-06-26,1.7699999809265137,3045200,-0.03804350607730891
2019-06-27,1.7200000286102295,2432900,-0.02824856093507498
2019-06-28,1.75,1646200,0.01744184354113684
2019-07-01,1.649999976158142,2171600,-0.05714287076677595
2019-07-02,1.7899999618530273,3353500,0.08484847740474581
2019-07-03,1.850000023841858,2332900,0.03351958841759854
2019-07-05,1.7000000476837158,4611500,-0.08108106714865881
2019-07-08,1.6100000143051147,2934300,-0.05294119462009894
2019-07-09,1.590000033378601,2698400,-0.01242234829118668
2019-07-10,1.7000000476837158,2833900,0.06918239748170006
2019-07-11,1.6799999475479126,2020900,-0.011764764455773846
2019-07-12,1.7300000190734863,2154300,0.02976194826586312
2019-07-15,1.7300000190734863,1235800,0.0
2019-07-16,1.7100000381469727,3348100,-0.011560682489023788
2019-07-17,1.8600000143051147,4819000,0.08771928234615031
2019-07-18,1.9800000190734863,7180400,0.06451613109971018
2019-07-19,1.8700000047683716,5359400,-0.05555556224519015
2019-07-22,1.840000033378601,2889000,-0.016042765408167188
2019-07-23,1.7899999618530273,2809700,-0.027173951423122417
2019-07-24,1.9600000381469727,4236600,0.09497211168538763
2019-07-25,1.840000033378601,4331200,-0.06122449103716459
2019-07-26,1.8200000524520874,1960900,-0.010869554654186491
2019-07-29,1.850000023841858,2571200,0.016483500288558522
2019-07-30,1.850000023841858,2169700,0.0
2019-07-31,1.7300000190734863,6291600,-0.06486486660641765
2019-08-01,1.809999942779541,4000500,0.04624272995609515
2019-08-02,1.850000023841858,2570000,0.02209949299826521
2019-08-05,1.940000057220459,6118200,0.048648666064176484
2019-08-06,1.909999966621399,3371900,-0.01546396377020874
2019-08-07,1.9800000190734863,7672000,0.03664924276198317
2019-08-08,2.0299999713897705,3478900,0.025252500926581288
2019-08-09,1.9299999475479126,2961400,-0.049261096182871514
2019-08-12,1.9500000476837158,4269700,0.010362746465984925
2019-08-13,1.850000023841858,5224300,-0.05128206225463519
2019-08-14,1.7999999523162842,4687200,-0.027027065341188258
2019-08-15,1.850000023841858,3510700,0.027777818250068514
2019-08-16,1.75,3833700,-0.05405406624492354
2019-08-19,1.690000057220459,3688700,-0.03428568158830915
2019-08-20,1.7999999523162842,3333600,0.06508869311918361
2019-08-21,1.8300000429153442,2402600,0.016666717440995044
2019-08-22,1.8300000429153442,1102400,0.0
2019-08-23,1.9600000381469727,5006600,0.0710382470945342
2019-08-26,2.0,4310000,0.02040814340536656
2019-08-27,2.0799999237060547,5517900,0.039999961853027344
2019-08-28,2.0899999141693115,3480000,0.004807687899064574
2019-08-29,2.009999990463257,4301000,-0.03827747702939564
2019-08-30,2.0299999713897705,2925900,0.009950239314132612
2019-09-03,2.0199999809265137,4216900,-0.004926103745908273
2019-09-04,2.069999933242798,3456500,0.024752451875445412
2019-09-05,1.909999966621399,5643200,-0.07729467235815217
2019-09-06,1.8300000429153442,3134800,-0.04188477754141883
2019-09-09,1.809999942779541,3914600,-0.01092901621135559
2019-09-10,1.75,6407600,-0.03314914070516578
2019-09-11,1.7799999713897705,3685500,0.017142840794154575
2019-09-12,1.6699999570846558,7835800,-0.06179776183885556
2019-09-13,1.6299999952316284,5316300,-0.023952073581400495
2019-09-16,1.7100000381469727,5045600,0.049079781073236114
2019-09-17,1.7300000190734863,2995800,0.011695895017748939
2019-09-18,1.6799999475479126,4414300,-0.028901775129662497
2019-09-19,1.690000057220459,3217800,0.005952446419502754
2019-09-20,1.7699999809265137,7758700,0.04733723135940626
2019-09-23,1.8600000143051147,3615800,0.0508474770330168
2019-09-24,1.8799999952316284,3911900,0.010752677834782464
2019-09-25,1.7400000095367432,4532500,-0.07446807768615783
2019-09-26,1.6799999475479126,2857300,-0.034482794057458056
2019-09-27,1.659999966621399,3603900,-0.011904750923180184
2019-09-30,1.559999942779541,5394800,-0.06024097942928767
2019-10-01,1.5499999523162842,3612200,-0.006410250532086098
2019-10-02,1.590000033378601,3264900,0.02580650470507544
2019-10-03,1.590000033378601,2937600,0.0
2019-10-04,1.590000033378601,3666400,0.0
2019-10-07,1.590000033378601,2008300,0.0
2019-10-08,1.7000000476837158,3822500,0.06918239748170006
2019-10-09,1.6399999856948853,2934000,-0.03529415312110247
2019-10-10,1.6799999475479126,1803100,0.02439022085483674
2019-10-11,1.6100000143051147,2157100,-0.04166662823113064
2019-10-14,1.600000023841858,896700,-0.00621117414559334
2019-10-15,1.4900000095367432,5954400,-0.06875000791624176
2019-10-16,1.4900000095367432,3178800,0.0
2019-10-17,1.559999942779541,4981000,0.046979820667626425
2019-10-18,1.600000023841858,2459900,0.025641078544558448
2019-10-21,1.5299999713897705,2840400,-0.04375003213062834
2019-10-22,1.5800000429153442,2301100,0.032679785921928044
2019-10-23,1.600000023841858,1543400,0.012658215432456961
2019-10-24,1.6299999952316284,2593800,0.018749981839210065
2019-10-25,1.6399999856948853,2618600,0.006134963492337804
2019-10-28,1.590000033378601,1917200,-0.030487776068545924
2019-10-29,1.6799999475479126,2615100,0.056603718415068296
2019-10-30,1.6799999475479126,3122600,0.0
2019-10-31,1.6699999570846558,5515400,-0.005952375461590092
2019-11-01,1.7300000190734863,4688900,0.03592818175491069
2019-11-04,1.75,2007700,0.011560682489023788
2019-11-05,1.6799999475479126,2865200,-0.04000002997262137
2019-11-06,1.690000057220459,2279600,0.005952446419502754
2019-11-07,1.659999966621399,2769300,-0.017751532297816112
2019-11-08,1.6399999856948853,2525700,-0.01204818152329224
2019-11-11,1.649999976158142,2464400,0.006097555213709185
2019-11-12,1.649999976158142,2661500,0.0
2019-11-13,1.649999976158142,2045500,0.0
2019-11-14,1.6399999856948853,2586500,-0.006060600368335035
2019-11-15,1.5399999618530273,3502900,-0.06097562482568367
2019-11-18,1.5199999809265137,4727400,-0.012987000923330156
2019-11-19,1.5099999904632568,3708000,-0.00657894117680275
2019-11-20,1.2899999618530273,23422800,-0.14569538410575428
2019-11-21,1.2100000381469727,7803500,-0.06201544656725289
2019-11-22,1.2300000190734863,8347600,0.01652890933552547
2019-11-25,1.1200000047683716,6594100,-0.08943090455232164
2019-11-26,1.159999966621399,5147800,0.03571425150243618
2019-11-27,1.1399999856948853,3673300,-0.0172413633637985
2019-11-29,1.1299999952316284,3700800,-0.008771921569070334
2019-12-02,1.149999976158142,5407700,0.017699098239742965
2019-12-03,1.149999976158142,8099100,0.0
2019-12-04,1.190000057220459,4976600,0.03478267990573966
2019-12-05,1.190000057220459,4133700,0.0
2019-12-06,1.1399999856948853,7051200,-0.04201686480785667
2019-12-09,1.1100000143051147,5628600,-0.026315764707211
2019-12-10,1.100000023841858,3893800,-0.009009000301245093
2019-12-11,1.059999942779541,6781400,-0.03636370926848955
2019-12-12,1.0800000429153442,4996100,0.018868020014566025
2019-12-13,1.100000023841858,6708900,0.01851850012202395
2019-12-16,1.0399999618530273,9054400,-0.05454550971669479
2019-12-17,1.0399999618530273,4212100,0.0
2019-12-18,1.0800000429153442,4563100,0.03846161781683767
2019-12-19,1.1299999952316284,7862200,0.04629625030505987
2019-12-20,1.090000033378601,30678900,-0.03539819647948593
2019-12-23,1.1299999952316284,5819200,0.03669721158543648
2019-12-24,1.1799999475479126,2243900,0.04424774559935741
2019-12-26,1.2300000190734863,5245100,0.0423729438543416
2019-12-27,1.2200000286102295,3074900,-0.00813007342129105
2019-12-30,1.2999999523162842,5444500,0.06557370641801304
2019-12-31,1.2699999809265137,5098100,-0.023076901915509953
