Date,Adj Close,Volume,LogReturn
2019-01-02,100.48078155517578,147200,
2019-01-03,99.9256362915039,141700,-0.005524889984728422
2019-01-04,104.44608306884766,135100,0.045238108508577964
2019-01-07,107.69762420654297,67100,0.031131288432827073
2019-01-08,110.31473541259766,60500,0.024300547252886287
2019-01-09,111.82154846191406,41400,0.013659218269260628
2019-01-10,110.23543548583984,32600,-0.014184323128153086
2019-01-11,108.7286148071289,29800,-0.013669113493949904
2019-01-14,108.8872299194336,37300,0.0014588166379756705
2019-01-15,111.82154846191406,70400,0.026948233917343578
2019-01-16,113.40766906738281,42700,0.01418439135645645
2019-01-17,112.93181610107422,41100,-0.004195950505127293
2019-01-18,113.96280670166016,39900,0.009129319231554717
2019-01-22,110.869873046875,60700,-0.027139851538423895
2019-01-23,110.71127319335938,22200,-0.0014305045108924234
2019-01-24,110.79056549072266,19700,0.0007162079802369875
2019-01-25,112.37669372558594,28500,0.01431645580865006
2019-01-28,111.1077880859375,28900,-0.011291537396063584
2019-01-29,111.66293334960938,33600,0.004996456803212498
2019-01-30,113.72486877441406,28700,0.018465710714843053
2019-01-31,113.4869613647461,41500,-0.0020919558952394537
2019-02-01,114.51793670654297,19200,0.009084526798486826
2019-02-04,113.96280670166016,18300,-0.004847537607190361
2019-02-05,113.96280670166016,24200,0.0
2019-02-06,111.98016357421875,34100,-0.017397282366269803
2019-02-07,110.23543548583984,36000,-0.015580688871047478
2019-02-08,109.52168273925781,22800,-0.0064748031650286855
2019-02-11,109.68029022216797,14600,0.0014481834002474082
2019-02-12,111.42501068115234,17700,0.015907328978162584
2019-02-13,112.61459350585938,17200,0.010676084457474954
2019-02-14,114.35932922363281,16000,0.015492980647154387
2019-02-15,114.91448211669922,14600,0.004854460906995961
2019-02-19,117.61089324951172,33300,0.02346450232507867
2019-02-20,117.39046478271484,36600,-0.0018742181162525109
2019-02-21,114.696533203125,26300,-0.02294847017239608
2019-02-22,115.43123626708984,35600,0.006405625727707925
2019-02-25,115.26798248291016,26400,-0.0014142946871152256
2019-02-26,113.4720230102539,24900,-0.015580731387595182
2019-02-27,113.0638427734375,26200,-0.0035971883287876255
2019-02-28,111.51278686523438,44800,-0.013718407849547462
2019-03-01,111.18624114990234,41000,-0.0029283253025204083
2019-03-04,111.51278686523438,36900,0.0029369255759962173
2019-03-05,111.59441375732422,13200,0.0007319958041089191
2019-03-06,110.94133758544922,12600,-0.005852229962829452
2019-03-07,113.63528442382812,23400,0.024282624466321897
2019-03-08,112.4107666015625,25000,-0.010775859175029762
2019-03-11,113.96183013916016,31600,0.013798175962053235
2019-03-12,112.81893157958984,22600,-0.010028783832048901
2019-03-13,113.4720230102539,22500,0.0057888460874434815
2019-03-14,113.55364990234375,15200,0.0007193569826675914
2019-03-15,113.7985610961914,15900,0.002156788390846795
2019-03-18,114.3699951171875,27200,0.005021452077175855
2019-03-19,114.94144439697266,33100,0.0049964964954281
2019-03-20,115.51285552978516,27800,0.004971323753676006
2019-03-21,116.57412719726562,25900,0.009187476689179573
2019-03-22,114.12510681152344,24300,-0.021008266968175354
2019-03-25,112.90057373046875,31800,-0.01072974313248173
2019-03-26,112.81893157958984,42500,-0.0007231331797641103
2019-03-27,112.65567016601562,20500,-0.0014471100841709664
2019-03-28,113.39037322998047,12100,0.006521669640615024
2019-03-29,114.45162963867188,23500,0.009359316655029842
2019-04-01,116.2475814819336,16900,0.01569179791438188
2019-04-02,116.98230743408203,18300,0.0063203547358327075
2019-04-03,116.57412719726562,12300,-0.0034892476116220425
2019-04-04,115.67616271972656,16600,-0.007702948322482703
2019-04-05,116.57412719726562,13200,0.007762744340981932
2019-04-08,116.81901550292969,21800,0.0021007088927173768
2019-04-09,116.2475814819336,22300,-0.004891618188494003
2019-04-10,115.9210433959961,13800,-0.002808988210978379
2019-04-11,116.00270080566406,12900,0.0007044226593873912
2019-04-12,117.55375671386719,26700,0.01337086031127468
2019-04-15,117.63538360595703,12900,0.0006943792726975833
2019-04-16,116.16594696044922,20100,-0.012491451130299204
2019-04-17,115.59452056884766,11800,-0.004919052498199966
2019-04-18,114.77816009521484,14600,-0.007062276564801281
2019-04-22,116.08430480957031,13200,0.011379732113426015
2019-04-23,116.3292465209961,15800,0.002110032978425414
2019-04-24,116.3292465209961,21400,0.0
2019-04-25,115.7577896118164,12200,-0.004912409615552235
2019-04-26,115.59452056884766,20600,-0.001410436770745696
2019-04-29,116.7374038696289,31800,0.00988700238693886
2019-04-30,115.83940887451172,16700,-0.007692435889015133
2019-05-01,115.83940887451172,21800,0.0
2019-05-02,114.04345703125,32900,-0.01550380704382966
2019-05-03,115.02307891845703,13200,0.008589899961894323
2019-05-06,114.53327941894531,10100,-0.004258271506181389
2019-05-07,113.96183013916016,15800,-0.004989373243167881
2019-05-08,114.3699951171875,11100,0.0035815937452823338
2019-05-09,113.4720230102539,16500,-0.007851465815081133
2019-05-10,117.47212219238281,24600,0.035251853946125886
2019-05-13,115.51285552978516,22000,-0.01667856701685347
2019-05-14,117.22721862792969,18700,0.014841318659138162
2019-05-15,117.39046478271484,26700,0.0013925618699807865
2019-05-16,118.3700942993164,11500,0.008345051861024815
2019-05-17,118.3700942993164,20900,0.0
2019-05-20,118.20682525634766,16400,-0.0013793099003190782
2019-05-21,119.26805114746094,10400,0.008977704026919494
2019-05-22,118.20682525634766,25600,-0.008897822014390091
2019-05-23,115.54113006591797,37400,-0.02255111060337475
2019-05-24,115.03659057617188,21400,-0.004366752250547025
2019-05-28,113.4388427734375,18800,-0.013889039954434504
2019-05-29,112.5979232788086,41300,-0.0074129766671580805
2019-05-30,112.177490234375,23000,-0.0037339324935198076
2019-05-31,111.08431243896484,34600,-0.00974507268014425
2019-06-03,112.51386260986328,29100,0.012869055400454518
2019-06-04,113.35476684570312,23800,0.007473783375081887
2019-06-05,113.01838684082031,16000,-0.002967497655750888
2019-06-06,112.51386260986328,17900,-0.004464089826973231
2019-06-07,112.934326171875,12900,0.003736993400267993
2019-06-10,113.18659973144531,25300,0.0022338076306965943
2019-06-11,114.11158752441406,31600,0.008172237660318825
2019-06-12,113.27066040039062,18000,-0.00736934032964463
2019-06-13,113.52294921875,15200,0.0022273095033398865
2019-06-14,113.10250091552734,14500,-0.0037036414761607776
2019-06-17,111.50476837158203,15000,-0.014126412157221952
2019-06-18,111.92522430419922,15400,0.0037707439668951807
2019-06-19,111.75702667236328,9700,-0.001502767878121885
2019-06-20,113.10250091552734,18200,0.012039280958221741
2019-06-21,113.69113159179688,15600,0.005204400181293611
2019-06-24,113.4388427734375,17300,-0.002219072101993031
2019-06-25,112.3456802368164,11700,-0.009636580468335538
2019-06-26,112.934326171875,21200,0.005239595628579324
2019-06-27,112.5979232788086,10700,-0.002978747954403464
2019-06-28,113.4388427734375,28900,0.007468339292072635
2019-07-01,113.18659973144531,21600,-0.0022236038011774566
2019-07-02,112.934326171875,20600,-0.002228828855791012
2019-07-03,114.0274887084961,12500,0.009679630398267107
2019-07-05,115.45704650878906,15400,0.012536957679981368
2019-07-08,114.86840057373047,19500,-0.005098397654003592
2019-07-09,114.0274887084961,19100,-0.007320654427451697
2019-07-10,115.12066650390625,53300,0.00958696721108008
2019-07-11,115.96158599853516,40100,0.007304678822376105
2019-07-12,116.12977600097656,32600,0.001450394119683141
2019-07-15,116.55023193359375,24300,0.003620569565325363
2019-07-16,115.96158599853516,33300,-0.0050505771227807045
2019-07-17,114.78431701660156,16000,-0.010152232498341867
2019-07-18,114.11158752441406,15100,-0.005860813651835392
2019-07-19,114.53203582763672,15000,0.003684536446683837
2019-07-22,116.38204193115234,33600,0.01615273918905767
2019-07-23,116.21385955810547,19300,-0.0014450886945802685
2019-07-24,115.28885650634766,14800,-0.007959489989189479
2019-07-25,114.78431701660156,14500,-0.004376307520391743
2019-07-26,113.35476684570312,15100,-0.01245422901015021
2019-07-29,112.6820297241211,30500,-0.005934793395126923
2019-07-30,112.26158905029297,15800,-0.0037312131744297473
2019-07-31,111.5888442993164,25600,-0.005992653022889015
2019-08-01,110.243408203125,19100,-0.012057084242063868
2019-08-02,109.5706787109375,30300,-0.006102219653332802
2019-08-05,106.20702362060547,49200,-0.030698496439962877
2019-08-06,106.37520599365234,39800,0.0015835334360527692
2019-08-07,104.2729263305664,41700,-0.01976287278081873
2019-08-08,104.52519989013672,41600,0.002419358202056725
2019-08-09,103.43202209472656,37900,-0.010458509493970472
2019-08-12,102.92747497558594,37300,-0.004878055257186634
2019-08-13,103.76839447021484,22300,0.008170019665093014
2019-08-14,101.91837310791016,32200,-0.01782837030244029
2019-08-15,101.75019836425781,26200,-0.0016500925056396065
2019-08-16,103.93655395507812,20400,0.02148748234370344
2019-08-19,106.9638442993164,34000,0.0291263297563886
2019-08-20,106.795654296875,21500,-0.0015724005017130928
2019-08-21,107.88885498046875,23900,0.010236377976156457
2019-08-22,106.17576599121094,29200,-0.015878275745608156
2019-08-23,103.04528045654297,36700,-0.029483992937965765
2019-08-26,100.871337890625,50500,-0.02109696393940895
2019-08-27,99.4800033569336,29400,-0.013793160304863144
2019-08-28,102.87136840820312,28600,0.03409092216353608
2019-08-29,103.82791137695312,23000,0.009298437296511395
2019-08-30,104.61053466796875,62100,0.00753769656575549
2019-09-03,103.74095153808594,22100,-0.008312577052042108
2019-09-04,104.78443145751953,20600,0.010058515021915003
2019-09-05,105.21923065185547,19600,0.004149463696925326
2019-09-06,104.52356719970703,18200,-0.00661156185840416
2019-09-09,106.4366455078125,20800,0.018302841735684954
2019-09-10,107.65406799316406,19000,0.011438001259276845
2019-09-11,108.43667602539062,27700,0.0072696559156153525
2019-09-12,107.65406799316406,17100,-0.00721718943176858
2019-09-13,109.48017883300781,14900,0.016962766701577002
2019-09-16,110.17584991455078,38200,0.006354310789025007
2019-09-17,109.74105072021484,30700,-0.00394641107532327
2019-09-18,108.78450775146484,11400,-0.008716364227172467
2019-09-19,108.17581176757812,15000,-0.0055954289491053225
2019-09-20,108.43667602539062,21100,0.002411484171461377
2019-09-23,108.34972381591797,10000,-0.0008018708490501521
2019-09-24,107.65406799316406,20600,-0.00642046696801737
2019-09-25,106.17576599121094,15700,-0.013731966004730967
2019-09-26,105.82793426513672,17900,-0.0032759992153295293
2019-09-27,105.74098205566406,18200,-0.0008216375957486797
2019-09-30,106.8714370727539,14000,0.01069079362715537
2019-10-01,105.56707000732422,16100,-0.012205011003470696
2019-10-02,104.43659973144531,28400,-0.010708550268568356
2019-10-03,104.69747924804688,18100,0.0024979702256910327
2019-10-04,104.69747924804688,15400,0.0
2019-10-07,102.61048889160156,36000,-0.019933530123498605
2019-10-08,101.3061294555664,35600,-0.012711755397765336
2019-10-09,100.52349090576172,27400,-0.007725480718794596
2019-10-10,100.95828247070312,18800,0.0043252732373671
2019-10-11,101.13220977783203,22100,0.0017227641246707803
2019-10-14,100.43653106689453,26600,-0.0068789034914373175
2019-10-15,100.00173950195312,25600,-0.004329018140339979
2019-10-16,99.04521179199219,19400,-0.009565110714321682
2019-10-17,98.26258087158203,25800,-0.007901754221635499
2019-10-18,100.00173950195312,18500,0.017699093743975394
2019-10-21,99.13216400146484,21100,-0.008695603744685837
2019-10-22,99.21913146972656,48900,0.0008772881045997711
2019-10-23,98.61041259765625,23000,-0.006135095752738401
2019-10-24,98.69737243652344,24700,0.0008818524999179888
2019-10-25,98.78433990478516,37500,0.0008811528221549293
2019-10-28,97.65388488769531,34300,-0.011443666254989916
2019-10-29,97.56692504882812,27000,-0.0008904903165623542
2019-10-30,98.34953308105469,28700,0.008021243180872004
2019-10-31,97.47996520996094,28400,-0.008841606501345526
2019-11-01,98.69737243652344,35000,0.012488794224950132
2019-11-04,100.08870697021484,36300,0.01409697643760713
2019-11-05,99.21913146972656,37000,-0.008688048100641924
2019-11-06,98.87129974365234,24500,-0.0035056921071754
2019-11-07,97.13213348388672,43000,-0.017590203267023215
2019-11-08,96.87126922607422,34900,-0.00268566383189529
2019-11-11,95.0451431274414,42300,-0.01885105989858638
2019-11-12,94.1755599975586,50900,-0.00914915903400588
2019-11-13,92.08856201171875,69700,-0.022160717556592678
2019-11-14,91.4798583984375,87200,-0.0066099806532301944
2019-11-15,92.17552947998047,100500,0.007604636624086106
2019-11-18,90.34941101074219,75300,-0.019811315210669818
2019-11-19,88.8711166381836,74600,-0.016361970222283247
2019-11-20,89.47982788085938,81300,0.006849370928397311
2019-11-21,90.68595886230469,108200,0.013479361885354228
2019-11-22,91.04869079589844,57600,0.003999868757461265
2019-11-25,90.41388702392578,149200,-0.0069721350897365445
2019-11-26,88.78154754638672,97300,-0.018054079204747657
2019-11-27,89.86978912353516,115300,0.012257519802522605
2019-11-29,89.59771728515625,67500,-0.0030274004315834755
2019-12-02,89.50702667236328,126900,-0.001012197805267005
2019-12-03,89.144287109375,128900,-0.004052637837206616
2019-12-04,89.05359649658203,109100,-0.00101734632396237
2019-12-05,89.41634368896484,124400,0.004073358142214224
2019-12-06,91.04869079589844,172600,0.018255578785593387
2019-12-09,94.94818878173828,126500,0.04282871013028897
2019-12-10,99.21043395996094,143700,0.04489022100274575
2019-12-11,100.20796966552734,144100,0.010054745914819694
2019-12-12,99.93590545654297,87300,-0.0027149957223209574
2019-12-13,98.39425659179688,92400,-0.015426376112802403
2019-12-16,100.8427734375,82500,0.02488475375001977
2019-12-17,102.4751205444336,81000,0.016187050904002402
2019-12-18,103.92609405517578,76600,0.014159275959212363
2019-12-19,104.74226379394531,78000,0.007853366819850034
2019-12-20,103.83541107177734,105700,-0.008657944647367742
2019-12-23,102.56580352783203,175100,-0.012227115305275602
2019-12-24,102.38442993164062,44700,-0.0017683632356293988
2019-12-26,103.20062255859375,74300,0.007971843252905498
2019-12-27,100.57072448730469,193900,-0.025483354713251822
2019-12-30,98.48493957519531,132600,-0.02073948380845829
2019-12-31,99.39180755615234,130100,0.009208189443672436
