Date,Adj Close,Volume,LogReturn
2019-01-02,48.470001220703125,635200,
2019-01-03,48.75,718200,0.005776743805347344
2019-01-04,50.04999923706055,506200,0.026666651016626602
2019-01-07,45.45000076293945,1340400,-0.09190806282200562
2019-01-08,44.529998779296875,2055400,-0.02024206750713105
2019-01-09,44.529998779296875,1098700,0.0
2019-01-10,46.060001373291016,940200,0.03435891839066202
2019-01-11,45.540000915527344,606300,-0.011289631833689143
2019-01-14,45.029998779296875,426800,-0.011198992665293912
2019-01-15,46.400001525878906,717100,0.030424223489251077
2019-01-16,45.72999954223633,585300,-0.014439697448477336
2019-01-17,46.880001068115234,627300,0.025147639129468224
2019-01-18,48.02000045776367,848800,0.024317392569851964
2019-01-22,47.790000915527344,750300,-0.004789661391999066
2019-01-23,47.650001525878906,570900,-0.0029294703278181064
2019-01-24,48.83000183105469,606500,0.024763909074271874
2019-01-25,49.290000915527344,442400,0.009420419152638821
2019-01-28,49.02000045776367,505700,-0.005477793725879528
2019-01-29,48.47999954223633,495100,-0.011015930446443308
2019-01-30,48.72999954223633,543200,0.0051567657252594885
2019-01-31,50.13999938964844,763200,0.028934944811358013
2019-02-01,49.130001068115234,415200,-0.020143564695410038
2019-02-04,50.7400016784668,466800,0.03277021321695906
2019-02-05,50.75,274500,0.00019705008282343522
2019-02-06,50.09000015258789,247500,-0.01300492310171644
2019-02-07,50.52000045776367,392100,0.008584553880333046
2019-02-08,49.54999923706055,601800,-0.019200340695049615
2019-02-11,56.119998931884766,4891700,0.1325933359431868
2019-02-12,58.08000183105469,1667000,0.03492521269554657
2019-02-13,57.83000183105469,1931800,-0.004304407577796046
2019-02-14,58.5,1362400,0.011585650142337083
2019-02-15,58.59000015258789,974900,0.0015384641468015492
2019-02-19,57.34000015258789,863600,-0.021334698698490924
2019-02-20,55.41999816894531,1181300,-0.03348451305429451
2019-02-21,57.27000045776367,1563900,0.03338149314221759
2019-02-22,58.36000061035156,741800,0.01903265486075489
2019-02-25,58.099998474121094,802500,-0.004455142794915446
2019-02-26,58.5,722500,0.006884708027265697
2019-02-27,58.279998779296875,578700,-0.003760704627403846
2019-02-28,58.900001525878906,653700,0.01063834522251703
2019-03-01,58.47999954223633,614500,-0.007130763544344592
2019-03-04,58.56999969482422,993000,0.0015389903093772997
2019-03-05,58.630001068115234,637400,0.0010244386819813812
2019-03-06,58.689998626708984,1232800,0.0010233252174777544
2019-03-07,58.81999969482422,816600,0.0022150463649197078
2019-03-08,58.06999969482422,882000,-0.012750765112057543
2019-03-11,58.709999084472656,410700,0.0110211708801762
2019-03-12,55.279998779296875,3256000,-0.05842276202799212
2019-03-13,55.880001068115234,618500,0.01085387666547975
2019-03-14,55.18000030517578,367000,-0.012526856649236341
2019-03-15,55.369998931884766,1002900,0.0034432516429537398
2019-03-18,55.029998779296875,505700,-0.006140512175305495
2019-03-19,55.810001373291016,413900,0.014174134313947859
2019-03-20,55.34000015258789,151500,-0.008421451516538636
2019-03-21,56.68000030517578,375500,0.024213952817006407
2019-03-22,56.0,404600,-0.011997182454384822
2019-03-25,56.900001525878906,266400,0.016071455819266185
2019-03-26,57.279998779296875,267700,0.00667833467886887
2019-03-27,57.029998779296875,323700,-0.004364525232677891
2019-03-28,56.27000045776367,210100,-0.013326290334922802
2019-03-29,56.790000915527344,397400,0.009241166759079465
2019-04-01,55.90999984741211,531800,-0.015495704418533074
2019-04-02,55.56999969482422,325500,-0.006081204677442476
2019-04-03,55.68000030517578,348200,0.0019794963281565023
2019-04-04,56.09000015258789,354300,0.007363502966324472
2019-04-05,57.47999954223633,288600,0.024781590049332624
2019-04-08,57.2599983215332,250600,-0.0038274394999162796
2019-04-09,56.189998626708984,305800,-0.018686687498938235
2019-04-10,56.79999923706055,307300,0.01085603533119876
2019-04-11,57.09000015258789,328500,0.0051056499898353095
2019-04-12,56.90999984741211,195700,-0.0031529217848079096
2019-04-15,57.33000183105469,195200,0.007380108676308089
2019-04-16,55.959999084472656,275800,-0.023896785327502362
2019-04-17,53.880001068115234,924300,-0.03716937187968188
2019-04-18,53.689998626708984,502900,-0.003526400104670533
2019-04-22,55.34000015258789,372900,0.030732009090759883
2019-04-23,57.209999084472656,520000,0.03379109011074547
2019-04-24,58.779998779296875,686800,0.027442749868009205
2019-04-25,59.189998626708984,402400,0.006975159168538754
2019-04-26,59.849998474121094,495800,0.01115052986526494
2019-04-29,60.45000076293945,814500,0.010025101154811191
2019-04-30,60.599998474121094,776200,0.002481351683846477
2019-05-01,60.599998474121094,745300,0.0
2019-05-02,62.220001220703125,1045400,0.026732719263579598
2019-05-03,62.959999084472656,569200,0.011893247336088188
2019-05-06,65.47000122070312,670600,0.039866616466477864
2019-05-07,62.81999969482422,482500,-0.04047657669877841
2019-05-08,62.38999938964844,447700,-0.006844958727550094
2019-05-09,62.11000061035156,579600,-0.004487879179933628
2019-05-10,61.880001068115234,391800,-0.0037030999835152996
2019-05-13,60.58000183105469,374700,-0.021008390669378874
2019-05-14,60.59000015258789,242900,0.0001650432689171323
2019-05-15,60.4900016784668,307100,-0.0016504121780699923
2019-05-16,61.970001220703125,447400,0.024466845778964123
2019-05-17,60.97999954223633,338700,-0.01597549877304269
2019-05-20,61.619998931884766,386100,0.010495234412147827
2019-05-21,62.22999954223633,204900,0.00989939339378863
2019-05-22,62.27000045776367,470700,0.0006427915124793565
2019-05-23,61.040000915527344,169200,-0.019752682402348926
2019-05-24,61.529998779296875,364100,0.008027487818154435
2019-05-28,61.81999969482422,407000,0.00471316303072837
2019-05-29,59.56999969482422,396600,-0.03639598853295332
2019-05-30,59.779998779296875,331300,0.0035252490439563015
2019-05-31,57.959999084472656,438800,-0.030444960387896906
2019-06-03,57.81999969482422,404400,-0.0024154484447868633
2019-06-04,58.83000183105469,363000,0.01746804118923023
2019-06-05,59.779998779296875,197500,0.016148171318613
2019-06-06,60.18000030517578,264200,0.006691226732132948
2019-06-07,59.22999954223633,308900,-0.015785988004685142
2019-06-10,59.220001220703125,342900,-0.00016880502465770611
2019-06-11,58.54999923706055,416500,-0.0113137786192471
2019-06-12,59.36000061035156,320900,0.01383435326807497
2019-06-13,59.650001525878906,246200,0.004885460117006326
2019-06-14,57.91999816894531,275600,-0.02900257020417743
2019-06-17,57.540000915527344,304100,-0.006560726267800713
2019-06-18,57.709999084472656,352900,0.0029544345888155516
2019-06-19,58.72999954223633,450600,0.017674588008061695
2019-06-20,57.59000015258789,304900,-0.01941085303139828
2019-06-21,57.09000015258789,916800,-0.008682062835131487
2019-06-24,57.7599983215332,314800,0.011735823561999788
2019-06-25,57.5,348900,-0.00450135611302943
2019-06-26,57.22999954223633,283900,-0.00469566013502038
2019-06-27,57.68000030517578,345600,0.007863022305414278
2019-06-28,58.540000915527344,940700,0.014909857936918082
2019-07-01,56.95000076293945,348500,-0.02716091779503464
2019-07-02,57.45000076293945,303900,0.008779631137869589
2019-07-03,57.08000183105469,168500,-0.006440364264075851
2019-07-05,56.68000030517578,191400,-0.0070077349868143
2019-07-08,56.130001068115234,246800,-0.009703585640424268
2019-07-09,55.779998779296875,314400,-0.006235565333298718
2019-07-10,56.900001525878906,312900,0.020078930998430354
2019-07-11,57.150001525878906,231400,0.004393672992896082
2019-07-12,57.06999969482422,350900,-0.0013998570239488223
2019-07-15,57.47999954223633,333200,0.007184157168469251
2019-07-16,56.7599983215332,212600,-0.012526117370165736
2019-07-17,57.56999969482422,269400,0.014270637724520916
2019-07-18,58.15999984741211,169200,0.0102483959651807
2019-07-19,58.119998931884766,204200,-0.000687773652549685
2019-07-22,58.54999923706055,263600,0.0073984912780148395
2019-07-23,59.16999816894531,274200,0.010589221861036734
2019-07-24,59.81999969482422,299600,0.010985322731006133
2019-07-25,58.810001373291016,294200,-0.016883957316713105
2019-07-26,59.09000015258789,284100,0.0047610741839573985
2019-07-29,58.15999984741211,376700,-0.015738708796314855
2019-07-30,60.02000045776367,810600,0.031980753356799146
2019-07-31,66.5999984741211,1769700,0.10963008940641035
2019-08-01,67.72000122070312,727700,0.01681685844207989
2019-08-02,66.62000274658203,464100,-0.016243332166166677
2019-08-05,65.62999725341797,546600,-0.014860484124114738
2019-08-06,65.5199966430664,506000,-0.0016760721461988746
2019-08-07,65.36000061035156,652000,-0.0024419420163657043
2019-08-08,65.83999633789062,473400,0.007343875811761267
2019-08-09,66.06999969482422,355400,0.0034933683129813277
2019-08-12,65.36000061035156,453300,-0.01074616448845354
2019-08-13,64.87000274658203,642900,-0.0074969072704067045
2019-08-14,63.630001068115234,491600,-0.019115178448672596
2019-08-15,63.130001068115234,483400,-0.007857928518101947
2019-08-16,63.720001220703125,338400,0.009345796651441515
2019-08-19,64.0,467900,0.00439420549172716
2019-08-20,64.44999694824219,186800,0.00703120231628418
2019-08-21,65.55000305175781,278600,0.017067589691261056
2019-08-22,65.31999969482422,402000,-0.0035088229782687386
2019-08-23,63.439998626708984,452600,-0.028781400442416116
2019-08-26,63.72999954223633,413600,0.004571262954051357
2019-08-27,62.790000915527344,387700,-0.014749703961413197
2019-08-28,63.790000915527344,479900,0.01592610265040958
2019-08-29,64.16999816894531,144600,0.005957003416901853
2019-08-30,63.52000045776367,483000,-0.010129308551175916
2019-09-03,63.04999923706055,1006200,-0.007399263496788586
2019-09-04,62.119998931884766,265700,-0.01475020327405699
2019-09-05,62.720001220703125,355900,0.009658762059482136
2019-09-06,62.25,458100,-0.007493641765873933
2019-09-09,62.459999084472656,637600,0.0033734792686370483
2019-09-10,63.68000030517578,446600,0.019532520630574476
2019-09-11,66.31999969482422,627400,0.04145727664881722
2019-09-12,65.75,399700,-0.008594687838466666
2019-09-13,64.94999694824219,216100,-0.012167346794795628
2019-09-16,65.36000061035156,337400,0.006312604794055674
2019-09-17,65.30000305175781,145500,-0.0009179552942698065
2019-09-18,65.0,155600,-0.0045942272241553395
2019-09-19,65.08000183105469,227500,0.001230797400841346
2019-09-20,66.72000122070312,773300,0.025199744061252735
2019-09-23,67.43000030517578,319700,0.010641472893923516
2019-09-24,67.83000183105469,783500,0.0059321003124510295
2019-09-25,68.08000183105469,627800,0.0036856847007417036
2019-09-26,66.05999755859375,443900,-0.029671037281604664
2019-09-27,62.880001068115234,568900,-0.0481380049652277
2019-09-30,63.380001068115234,268800,0.007951653808949069
2019-10-01,60.959999084472656,356300,-0.038182422575881204
2019-10-02,61.72999954223633,568400,0.012631241294749322
2019-10-03,64.26000213623047,537200,0.04098497671724565
2019-10-04,64.5199966430664,408000,0.004045977251677523
2019-10-07,64.79000091552734,285600,0.004184815351969695
2019-10-08,63.75,536300,-0.016051873758780897
2019-10-09,62.77000045776367,265300,-0.015372541839001226
2019-10-10,62.689998626708984,158700,-0.001274523346682444
2019-10-11,63.709999084472656,375500,0.016270545224244145
2019-10-14,63.29999923706055,202700,-0.006435408151057942
2019-10-15,63.630001068115234,695100,0.005213299131629053
2019-10-16,63.70000076293945,315900,0.0011001051964353234
2019-10-17,65.29000091552734,317300,0.024960755628639645
2019-10-18,66.52999877929688,519100,0.018992155711160873
2019-10-21,67.37999725341797,707400,0.01277616849116192
2019-10-22,66.86000061035156,445700,-0.0077173740614842265
2019-10-23,66.86000061035156,299000,0.0
2019-10-24,66.01000213623047,665400,-0.012713108979384203
2019-10-25,65.62000274658203,587400,-0.005908186290367974
2019-10-28,66.18000030517578,1244400,0.00853394597919182
2019-10-29,66.2300033569336,804300,0.0007555613709161902
2019-10-30,66.45999908447266,615400,0.0034726818040389596
2019-10-31,70.54000091552734,1847800,0.06139033835779749
2019-11-01,70.58000183105469,644200,0.0005670671251513793
2019-11-04,70.80999755859375,485800,0.0032586528984456056
2019-11-05,70.9000015258789,943100,0.0012710629909382487
2019-11-06,71.52999877929688,423200,0.008885715653870842
2019-11-07,71.52999877929688,279300,0.0
2019-11-08,72.19000244140625,306500,0.009226949159412004
2019-11-11,72.06999969482422,690100,-0.0016623180845496258
2019-11-12,72.62000274658203,348100,0.007631511781417581
2019-11-13,72.43000030517578,316100,-0.0026163926496848384
2019-11-14,72.01000213623047,363000,-0.005798676890455568
2019-11-15,73.37000274658203,429900,0.01888627371206956
2019-11-18,72.58999633789062,631000,-0.01063113506190707
2019-11-19,72.5199966430664,657300,-0.000964315998837986
2019-11-20,71.4800033569336,583700,-0.014340779568034435
2019-11-21,71.30000305175781,373400,-0.0025181910565526175
2019-11-22,71.08000183105469,208500,-0.003085570985788354
2019-11-25,72.6500015258789,453100,0.022087783545023623
2019-11-26,72.48999786376953,522800,-0.002202390347540179
2019-11-27,72.58999633789062,261900,0.0013794796119186111
2019-11-29,72.23999786376953,105200,-0.00482157999418993
2019-12-02,72.7699966430664,540200,0.007336638911539682
2019-12-03,72.7699966430664,499500,0.0
2019-12-04,73.43000030517578,317300,0.009069722310785084
2019-12-05,73.7699966430664,520700,0.004630210220313183
2019-12-06,74.75,469300,0.013284579117921157
2019-12-09,74.33000183105469,470600,-0.005618704601275084
2019-12-10,72.75,581000,-0.02125658270056131
2019-12-11,73.77999877929688,261500,0.014158058821950172
2019-12-12,73.8499984741211,246700,0.0009487624828188679
2019-12-13,75.83999633789062,489300,0.02694648483258773
2019-12-16,76.7300033569336,383100,0.011735325184849857
2019-12-17,76.55000305175781,662400,-0.00234589205396556
2019-12-18,76.4000015258789,450700,-0.0019595234474058167
2019-12-19,76.38999938964844,266000,-0.00013091801087308533
2019-12-20,77.19000244140625,767000,0.010472614977743022
2019-12-23,77.3499984741211,419700,0.002072755896546244
2019-12-24,77.69999694824219,82300,0.004524867240148587
2019-12-26,76.95999908447266,170200,-0.00952378240455352
2019-12-27,77.5999984741211,155400,0.00831600048417312
2019-12-30,77.51000213623047,403200,-0.0011597466451064168
2019-12-31,77.33999633789062,186800,-0.0021933401322973
