Date,Adj Close,Volume,LogReturn
2019-01-02,19.953125,1000,
2019-01-03,19.953125,500,0.0
2019-01-04,20.147830963134766,1800,0.009758168865015661
2019-01-07,20.39816665649414,1600,0.012424945088005925
2019-01-08,20.44423484802246,200,0.002258447648953473
2019-01-09,20.757160186767578,1000,0.015306287619533288
2019-01-10,20.78323745727539,4900,0.001256302416764911
2019-01-11,20.603303909301758,1000,-0.008657628453869451
2019-01-14,20.65285301208496,2700,0.0024049105425675552
2019-01-15,20.687618255615234,2600,0.0016833143348248616
2019-01-16,20.835384368896484,4300,0.007142732017550734
2019-01-17,20.835384368896484,3700,0.0
2019-01-18,20.731081008911133,2000,-0.005006068433326236
2019-01-22,20.733688354492188,4800,0.0001257698804965325
2019-01-23,20.70587158203125,900,-0.0013416220011289348
2019-01-24,20.583314895629883,2200,-0.0059189339562852805
2019-01-25,20.861465454101562,4500,0.013513399560861542
2019-01-28,20.640682220458984,13400,-0.01058330413691863
2019-01-29,20.852771759033203,19600,0.01027531630538821
2019-01-30,20.896236419677734,8900,0.002084358911457553
2019-01-31,21.391693115234375,16400,0.02371033164087266
2019-02-01,21.209157943725586,2900,-0.008532993182236437
2019-02-04,21.209157943725586,4500,0.0
2019-02-05,21.02661895751953,1400,-0.008606611667016047
2019-02-06,21.68723487854004,12700,0.03141807640853541
2019-02-07,21.33085060119629,9200,-0.01643290531686912
2019-02-08,21.183080673217773,15000,-0.006927521585577479
2019-02-11,21.426462173461914,7200,0.011489428945613804
2019-02-12,21.445589065551758,2900,0.0008926761653416432
2019-02-13,21.487308502197266,7700,0.0019453621216925265
2019-02-14,21.45862579345703,6200,-0.0013348674515145215
2019-02-15,21.494264602661133,3200,0.0016608150748855606
2019-02-19,21.513385772705078,14700,0.0008895940567130631
2019-02-20,21.397783279418945,9300,-0.005373514634446916
2019-02-21,21.383005142211914,5000,-0.0006906386990677358
2019-02-22,21.449928283691406,13100,0.003129735087954503
2019-02-25,21.457754135131836,5400,0.0003648427788161772
2019-02-26,21.522077560424805,12300,0.002997677431099597
2019-02-27,21.270002365112305,3100,-0.011712400654852231
2019-02-28,20.776212692260742,40300,-0.02321530878912788
2019-03-01,20.846881866455078,12500,0.0034014464157204457
2019-03-04,20.89104652404785,7600,0.0021185258244226547
2019-03-05,21.312402725219727,13700,0.020169224202667323
2019-03-06,21.30621910095215,10800,-0.00029014205236750813
2019-03-07,21.023550033569336,8100,-0.013266974588193377
2019-03-08,21.191383361816406,5300,0.007983110748616793
2019-03-11,21.332721710205078,9100,0.006669614058482926
2019-03-12,21.58888816833496,20400,0.012008146996420936
2019-03-13,21.385717391967773,4100,-0.009410895771148784
2019-03-14,21.59772300720215,12700,0.009913420782133867
2019-03-15,21.606555938720703,14300,0.0004089751274062172
2019-03-18,21.606555938720703,9500,0.0
2019-03-19,21.61539077758789,6800,0.00040889621151304136
2019-03-20,21.57475471496582,5300,-0.0018799596565334444
2019-03-21,21.68605613708496,17900,0.005158873117659774
2019-03-22,21.582706451416016,5100,-0.004765720655504933
2019-03-25,21.66839027404785,4800,0.003970022148274844
2019-03-26,21.658672332763672,18300,-0.0004484846895073156
2019-03-27,21.774391174316406,12100,0.005342840954183664
2019-03-28,21.86272430419922,13600,0.00405674396017117
2019-03-29,21.845056533813477,7400,-0.0008081230015030058
2019-04-01,21.774391174316406,7900,-0.0032348444320887417
2019-04-02,21.898059844970703,12900,0.0056795466593880265
2019-04-03,21.928972244262695,11000,0.0014116501421057078
2019-04-04,21.957242965698242,8000,0.001289195002877683
2019-04-05,21.76202392578125,26800,-0.008890872147380467
2019-04-08,21.756723403930664,26500,-0.00024356750404572723
2019-04-09,21.86272430419922,19900,0.004872098537108033
2019-04-10,21.915729522705078,10400,0.0024244562465473964
2019-04-11,21.491722106933594,35400,-0.01934717324067197
2019-04-12,21.465219497680664,22000,-0.001233154287081513
2019-04-15,21.510271072387695,14100,0.0020988173315394753
2019-04-16,21.535888671875,14200,0.001190947310756557
2019-04-17,21.606555938720703,19200,0.003281372221151557
2019-04-18,21.47405433654785,16500,-0.006132472132469661
2019-04-22,21.567689895629883,3500,0.004360404309989466
2019-04-23,21.747892379760742,20700,0.008355205634117199
2019-04-24,21.742591857910156,7700,-0.00024372577158413594
2019-04-25,21.75495719909668,6400,0.0005687151406480001
2019-04-26,21.784109115600586,6900,0.0013400125882627207
2019-04-29,21.86272430419922,17600,0.003608831932554585
2019-04-30,21.906892776489258,19800,0.002020263882738325
2019-05-01,22.012893676757812,17200,0.004838700830375914
2019-05-02,22.13656234741211,13600,0.005618010629146486
2019-05-03,22.101228713989258,7100,-0.0015961662370301262
2019-05-06,22.046459197998047,16500,-0.0024781208637755
2019-05-07,22.094161987304688,3400,0.002163739259816031
2019-05-08,22.14716148376465,6500,0.002398800936211768
2019-05-09,22.05706024169922,7200,-0.004068297516658282
2019-05-10,22.083559036254883,1500,0.00120137471926416
2019-05-13,22.118896484375,5300,0.0016001699754148873
2019-05-14,22.101228713989258,15500,-0.0007987636452940982
2019-05-15,22.127727508544922,7800,0.001198973817183807
2019-05-16,22.216060638427734,4000,0.003991965729363825
2019-05-17,22.216060638427734,1300,0.0
2019-05-20,22.09239387512207,13200,-0.00556654779253502
2019-05-21,22.118896484375,9600,0.0011996259618915221
2019-05-22,22.216060638427734,7300,0.004392812006755041
2019-05-23,22.083559036254883,8000,-0.00596422580624667
2019-05-24,22.21959686279297,5400,0.00616014050610007
2019-05-28,22.15864372253418,5500,-0.00274321539833407
2019-05-29,22.17189598083496,13300,0.0005980627003494982
2019-05-30,22.433013916015625,18100,0.011776978180231872
2019-05-31,22.441987991333008,6200,0.00040003877102647993
2019-06-03,22.468910217285156,1400,0.0011996364120035034
2019-06-04,22.477880477905273,8700,0.0003992298929218399
2019-06-05,22.433013916015625,18300,-0.0019960316958598573
2019-06-06,22.450963973999023,7800,0.0008001625662338369
2019-06-07,22.468910217285156,9700,0.0007993529055998116
2019-06-10,22.477880477905273,10200,0.0003992298929218399
2019-06-11,22.522747039794922,25200,0.0019960316958598573
2019-06-12,22.477880477905273,8900,-0.0019920554899619815
2019-06-13,22.477880477905273,24500,0.0
2019-06-14,22.56761360168457,32500,0.0039920633917197145
2019-06-17,22.56761360168457,13100,0.0
2019-06-18,22.56761360168457,37900,0.0
2019-06-19,22.605300903320312,32100,0.0016699728336774164
2019-06-20,22.63042449951172,22100,0.0011114028651446107
2019-06-21,22.560434341430664,15400,-0.0030927461428116305
2019-06-24,23.02524757385254,16700,0.020603026758588504
2019-06-25,23.02524757385254,9300,0.0
2019-06-26,22.980382919311523,13100,-0.0019484982472876386
2019-06-27,22.91756820678711,11900,-0.002733405824653506
2019-06-28,23.1508731842041,5000,0.010180180345133573
2019-07-01,22.926538467407227,8000,-0.009690119029719325
2019-07-02,23.321361541748047,18800,0.01722122486576453
2019-07-03,23.273807525634766,400,-0.0020390754642756956
2019-07-05,23.070112228393555,10100,-0.008752126054873155
2019-07-08,23.15984344482422,7700,0.0038895006466517015
2019-07-09,23.195737838745117,6000,0.001549854773691061
2019-07-10,23.02524757385254,1600,-0.0073500686237192615
2019-07-11,22.91756820678711,3100,-0.004676578035482682
2019-07-12,22.854753494262695,4600,-0.0027408978106940375
2019-07-15,22.854753494262695,1600,0.0
2019-07-16,23.043193817138672,12300,0.008245126026989588
2019-07-17,23.061140060424805,1500,0.0007788088503940397
2019-07-18,23.276498794555664,3100,0.009338598766868263
2019-07-19,23.106006622314453,9500,-0.0073246485111879795
2019-07-22,23.191253662109375,1000,0.003689388702615327
2019-07-23,23.10511016845703,2000,-0.0037144819727054166
2019-07-24,23.26752281188965,2200,0.0070292953484524835
2019-07-25,23.052167892456055,7900,-0.009255601516958561
2019-07-26,23.419170379638672,1400,0.01592051944505925
2019-07-29,23.043193817138672,1200,-0.016054222092635923
2019-07-30,23.1508731842041,1800,0.00467293587511909
2019-07-31,23.016271591186523,4600,-0.005814104372936444
2019-08-01,23.1508731842041,2200,0.005848105870853569
2019-08-02,23.106006622314453,4200,-0.0019380073283914408
2019-08-05,23.1508731842041,5800,0.001941770493838554
2019-08-06,23.153562545776367,2700,0.00011616674459175834
2019-08-07,23.18048095703125,6000,0.00116260343096934
2019-08-08,23.222658157348633,3400,0.001819513598340131
2019-08-09,23.177791595458984,2300,-0.0019320166358927674
2019-08-12,23.26752281188965,6500,0.0038714308074218897
2019-08-13,23.195737838745117,1900,-0.0030852005056528535
2019-08-14,23.08806037902832,1500,-0.004642122637588069
2019-08-15,23.26752281188965,2400,0.007772954068689981
2019-08-16,23.266626358032227,2000,-3.8528117697333434e-05
2019-08-19,23.186765670776367,6700,-0.0034324137082422114
2019-08-20,23.186765670776367,5400,0.0
2019-08-21,23.240604400634766,8500,0.0023219594583756254
2019-08-22,23.321361541748047,7400,0.003474829643891514
2019-08-23,23.186765670776367,5400,-0.005771355618784815
2019-08-26,23.195737838745117,7300,0.0003869521129485578
2019-08-27,23.31239128112793,12200,0.005029089533334863
2019-08-28,23.195737838745117,11900,-0.005003924349761876
2019-08-29,23.410757064819336,2700,0.009269773075080211
2019-08-30,23.387981414794922,7300,-0.0009728711447200618
2019-09-03,23.251314163208008,2400,-0.0058434821356776094
2019-09-04,23.36975860595703,2000,0.005094096699981174
2019-09-05,23.391624450683594,7200,0.0009356470083943794
2019-09-06,23.44720458984375,1700,0.002376070087707482
2019-09-09,23.479089736938477,6900,0.0013598698715896283
2019-09-10,23.488203048706055,13100,0.000388145872335102
2019-09-11,23.387981414794922,8800,-0.004266892350313445
2019-09-12,23.378870010375977,14100,-0.0003895763493800949
2019-09-13,23.52464485168457,17600,0.006235324514995642
2019-09-16,23.54286766052246,3500,0.000774626310100733
2019-09-17,23.471799850463867,700,-0.003018655632073354
2019-09-18,23.588420867919922,5800,0.004968558789655406
2019-09-19,23.506423950195312,2700,-0.003476151209262362
2019-09-20,23.433534622192383,7400,-0.0031008258915675713
2019-09-23,23.488203048706055,6800,0.0023329142357337313
2019-09-24,23.49639892578125,2200,0.0003489358916984846
2019-09-25,23.551069259643555,2800,0.0023267537308586496
2019-09-26,23.58660316467285,2900,0.0015088021965179632
2019-09-27,23.342424392700195,36100,-0.010352434823611152
2019-09-30,23.324203491210938,10600,-0.0007805916464682212
2019-10-01,23.278648376464844,13900,-0.0019531262777423416
2019-10-02,23.21487045288086,2500,-0.0027397605974608503
2019-10-03,23.233095169067383,5800,0.0007850449229735776
2019-10-04,23.260427474975586,6500,0.001176438425844932
2019-10-07,23.21487045288086,15000,-0.0019585634074755706
2019-10-08,23.22307014465332,23800,0.0003532085948574998
2019-10-09,23.324203491210938,21000,0.004354865481939788
2019-10-10,23.336050033569336,3800,0.0005079076918044584
2019-10-11,23.43535804748535,6200,0.0042555622641003606
2019-10-14,23.40711212158203,3800,-0.0012052696547706957
2019-10-15,23.506423950195312,4200,0.0042428056950140755
2019-10-16,23.469980239868164,11900,-0.0015503723749883968
2019-10-17,23.471799850463867,4600,7.752927685095256e-05
2019-10-18,23.506423950195312,6900,0.0014751361187480918
2019-10-21,23.672245025634766,10300,0.007054287619026599
2019-10-22,23.67953109741211,5400,0.0003077896401230063
2019-10-23,23.606645584106445,4700,-0.0030779964774568353
2019-10-24,23.499134063720703,2300,-0.004554290443455722
2019-10-25,23.807085037231445,8600,0.013104779634674895
2019-10-28,23.797977447509766,3400,-0.00038255795312347154
2019-10-29,23.90913200378418,5400,0.004670756433801283
2019-10-30,23.97017478942871,3000,0.002553115923859963
2019-10-31,23.643089294433594,3300,-0.013645519812369826
2019-11-01,23.521913528442383,3400,-0.0051252086595866275
2019-11-04,23.683177947998047,2000,0.006855922642546292
2019-11-05,23.911867141723633,6700,0.009656186945338438
2019-11-06,24.053085327148438,2800,0.005905778272680102
2019-11-07,23.825307846069336,1300,-0.00946978227454304
2019-11-08,23.989307403564453,3800,0.006883418193573251
2019-11-11,23.774288177490234,5500,-0.00896312771590355
2019-11-12,23.726911544799805,5000,-0.0019927676629782937
2019-11-13,23.624866485595703,6200,-0.004300815089710512
2019-11-14,23.488203048706055,11500,-0.005784728433194464
2019-11-15,23.779754638671875,900,0.012412681777369157
2019-11-18,23.779754638671875,100,0.0
2019-11-19,23.72144317626953,500,-0.0024521473534262045
2019-11-20,23.54286766052246,9700,-0.007528020720329267
2019-11-21,23.67953109741211,5100,0.005804876400796776
2019-11-22,23.718711853027344,6500,0.0016546254845188368
2019-11-25,23.73419952392578,6300,0.0006529726822605979
2019-11-26,23.633981704711914,7900,-0.004222506813968611
2019-11-27,23.644153594970703,16100,0.00043039257565140153
2019-11-29,23.644153594970703,0,0.0
2019-12-02,24.0604248046875,3600,0.017605671864918904
2019-12-03,23.86616325378418,2900,-0.008073903618920056
2019-12-04,23.92351722717285,1300,0.002403150132628793
2019-12-05,23.94664192199707,700,0.0009666093243995585
2019-12-06,23.81991195678711,6000,-0.0052921810758588435
2019-12-09,23.681156158447266,4900,-0.005825201981920318
2019-12-10,23.598827362060547,10300,-0.0034765530802579243
2019-12-11,23.669130325317383,900,0.0029790871460783205
2019-12-12,23.440643310546875,7700,-0.00965337600621978
2019-12-13,23.588651657104492,5100,0.006314175963379911
2019-12-16,23.632131576538086,3100,0.0018432558191811
2019-12-17,23.699655532836914,3100,0.0028572943612867204
2019-12-18,23.644153594970703,2000,-0.002341887956527915
2019-12-19,23.699655532836914,6400,0.002347385269820639
2019-12-20,23.699655532836914,8700,0.0
2019-12-23,23.653404235839844,6400,-0.0019515598837707624
2019-12-24,23.653404235839844,400,0.0
2019-12-26,23.864315032958984,5500,0.008916720613076351
2019-12-27,23.883739471435547,400,0.000813953321087801
2019-12-30,23.99567413330078,4000,0.004686647247978311
2019-12-31,23.90409278869629,3100,-0.003816577275376364
