Date,Adj Close,Volume,LogReturn
2019-01-02,12.8718843460083,92100,
2019-01-03,12.830706596374512,61600,-0.0031990459614841624
2019-01-04,13.020118713378906,139500,0.014762407321972077
2019-01-07,13.242476463317871,71900,0.01707801248466957
2019-01-08,13.250710487365723,116600,0.000621788837658885
2019-01-09,13.250710487365723,160400,0.0
2019-01-10,13.217767715454102,47600,-0.0024861136271169264
2019-01-11,13.267184257507324,65100,0.003738645066023157
2019-01-14,13.176591873168945,28500,-0.006828305281666424
2019-01-15,13.176591873168945,74100,0.0
2019-01-16,13.242476463317871,88800,0.005000123763648199
2019-01-17,13.275418281555176,54400,0.002487587448507437
2019-01-18,13.184825897216797,79100,-0.006824070053163423
2019-01-22,13.036587715148926,80500,-0.011243089838536502
2019-01-23,13.176591873168945,78400,0.010739325433857994
2019-01-24,13.234238624572754,73700,0.004374936399236342
2019-01-25,13.25894546508789,89200,0.0018668879424058548
2019-01-28,13.275418281555176,66200,0.0012423926556346207
2019-01-29,13.250710487365723,63500,-0.0018611687907251898
2019-01-30,13.341300010681152,73800,0.006836578566998722
2019-01-31,13.464828491210938,52100,0.009259103717845132
2019-02-01,13.5471830368042,97400,0.006116271413855587
2019-02-04,13.629536628723145,118100,0.006079019652662244
2019-02-05,13.555415153503418,74000,-0.005438297518018445
2019-02-06,13.506007194519043,107100,-0.003644887185296235
2019-02-07,13.415416717529297,72300,-0.006707421052352851
2019-02-08,13.464828491210938,71200,0.0036832082612146197
2019-02-11,13.588357925415039,88500,0.009174230053114634
2019-02-12,13.59659481048584,67700,0.0006061722186015494
2019-02-13,13.555415153503418,90500,-0.0030286742788469124
2019-02-14,13.5471830368042,73200,-0.0006072935875439526
2019-02-15,13.753067970275879,189500,0.015197619528158988
2019-02-19,13.678950309753418,85400,-0.0053891728509340145
2019-02-20,13.751060485839844,86900,0.005271616202524656
2019-02-21,13.676464080810547,60900,-0.005424774700548553
2019-02-22,13.958279609680176,177400,0.020605876431543765
2019-02-25,14.024593353271484,145600,0.004750853647129944
2019-02-26,14.041169166564941,105500,0.001181910439463147
2019-02-27,13.908546447753906,60900,-0.009445276047726745
2019-02-28,14.008013725280762,92800,0.007151522116311332
2019-03-01,13.966572761535645,61900,-0.0029583754383626284
2019-03-04,13.867104530334473,46700,-0.007121878280340208
2019-03-05,13.941701889038086,38900,0.005379447348971127
2019-03-06,14.008013725280762,36800,0.004756365956642256
2019-03-07,13.991436004638672,41200,-0.0011834454882187501
2019-03-08,14.008013725280762,31000,0.0011848476908727398
2019-03-11,13.974860191345215,32800,-0.002366754815189359
2019-03-12,13.883681297302246,35200,-0.006524494184166282
2019-03-13,13.8919677734375,79200,0.0005968500686387882
2019-03-14,13.792502403259277,92200,-0.007159919444127132
2019-03-15,13.784214973449707,56000,-0.0006008648443383216
2019-03-18,13.767637252807617,79500,-0.001202659757847713
2019-03-19,13.726195335388184,79000,-0.0030100965516782767
2019-03-20,13.792502403259277,103200,0.004830695342076636
2019-03-21,13.64314079284668,98100,-0.010829188645078817
2019-03-22,13.668172836303711,69900,0.0018347713211429994
2019-03-25,13.851753234863281,42800,0.013431231866776425
2019-03-26,13.743273735046387,50000,-0.007831463496177799
2019-03-27,13.64314079284668,102500,-0.00728595996340817
2019-03-28,13.676515579223633,74000,0.0024462685596891346
2019-03-29,13.70154857635498,94700,0.0018303636614413663
2019-04-01,13.96022891998291,94400,0.01887964285105256
2019-04-02,13.926849365234375,73300,-0.002391046374659021
2019-04-03,13.935196876525879,96300,0.0005993826078381961
2019-04-04,13.935196876525879,50200,0.0
2019-04-05,13.95188045501709,34300,0.0011972258906018589
2019-04-08,13.976916313171387,82500,0.0017944432820375831
2019-04-09,13.985258102416992,61400,0.000596826156692692
2019-04-10,14.127117156982422,75500,0.010143470612166463
2019-04-11,14.085394859313965,59300,-0.002953348316208697
2019-04-12,14.077051162719727,53400,-0.0005923651184489879
2019-04-15,14.05201530456543,34100,-0.0017784874022905716
2019-04-16,14.193870544433594,66600,0.010095010345033998
2019-04-17,14.1187744140625,69600,-0.005290743644308083
2019-04-18,14.135461807250977,38300,0.0011819293020119141
2019-04-22,14.28748893737793,70400,0.010755016864674966
2019-04-23,14.077502250671387,106600,-0.014697242295473662
2019-04-24,13.951512336730957,103400,-0.008949734952762729
2019-04-25,13.917912483215332,112100,-0.002408330559774851
2019-04-26,13.909512519836426,98000,-0.0006035361545085446
2019-04-29,14.010310173034668,111600,0.007246670438988724
2019-04-30,14.052306175231934,66200,0.0029975069558484434
2019-05-01,14.153101921081543,99900,0.007172897074166244
2019-05-02,14.085902214050293,54300,-0.004748055048706579
2019-05-03,14.228694915771484,48000,0.010137277651889397
2019-05-06,14.195096969604492,39400,-0.0023612809443086225
2019-05-07,14.027106285095215,61000,-0.01183441612755379
2019-05-08,14.060704231262207,37800,0.0023952157689638644
2019-05-09,14.043903350830078,74900,-0.0011948818605240455
2019-05-10,14.06910514831543,82300,0.0017945009201349984
2019-05-13,14.052306175231934,35900,-0.001194032804958283
2019-05-14,14.195096969604492,40500,0.010161377968282264
2019-05-15,14.153101921081543,34300,-0.002958419277647196
2019-05-16,14.195096969604492,70100,0.002967197491907842
2019-05-17,14.136301040649414,40300,-0.00414198853878744
2019-05-20,14.195096969604492,30800,0.004159215963639175
2019-05-21,14.203495979309082,61400,0.0005916838555294391
2019-05-22,14.136700630187988,71900,-0.004702740030933072
2019-05-23,14.069060325622559,78400,-0.004784730633751152
2019-05-24,14.111334800720215,39900,0.0030047831283135534
2019-05-28,14.153611183166504,36300,0.002995916619038148
2019-05-29,14.288893699645996,81900,0.009558162558569469
2019-05-30,14.094426155090332,86300,-0.013609699158198787
2019-05-31,14.03524398803711,47300,-0.004198976701995666
2019-06-03,13.92532730102539,34100,-0.007831476752766525
2019-06-04,14.17051887512207,34400,0.017607598643561147
2019-06-05,14.246620178222656,55600,0.005370396368067389
2019-06-06,14.018332481384277,105100,-0.016023989829344845
2019-06-07,14.077515602111816,39500,0.0042218374265364025
2019-06-10,14.2212495803833,78200,0.010210180711852477
2019-06-11,14.178977012634277,92200,-0.0029724932053322474
2019-06-12,14.305804252624512,50000,0.008944738388194302
2019-06-13,14.128243446350098,74900,-0.012411801751155594
2019-06-14,14.136700630187988,52100,0.0005986012252694768
2019-06-17,14.128243446350098,21700,-0.0005982431162071063
2019-06-18,14.111334800720215,46300,-0.0011967974429440487
2019-06-19,14.043697357177734,47200,-0.00479312867972124
2019-06-20,14.376510620117188,122300,0.023698407511562634
2019-06-21,14.299901962280273,39500,-0.005328737957436962
2019-06-24,14.274368286132812,52500,-0.0017855840001429854
2019-06-25,14.265853881835938,61900,-0.0005964820387285739
2019-06-26,14.299901962280273,37000,0.0023866836662113726
2019-06-27,14.282879829406738,19200,-0.001190367103105705
2019-06-28,14.367996215820312,24500,0.005959329451076791
2019-07-01,14.402048110961914,69600,0.00236998219028675
2019-07-02,14.29139232635498,67100,-0.0076833366861696235
2019-07-03,14.538233757019043,23900,0.017272035154255638
2019-07-05,14.402048110961914,33800,-0.009367413424026054
2019-07-08,14.316925048828125,26400,-0.005910483111704012
2019-07-09,14.32543659210205,113100,0.0005945091732265841
2019-07-10,14.504189491271973,46700,0.012478007076480484
2019-07-11,14.555259704589844,59000,0.0035210663338756747
2019-07-12,14.631864547729492,32100,0.005263035129183709
2019-07-15,14.725497245788574,38300,0.006399232152105422
2019-07-16,14.725497245788574,21500,0.0
2019-07-17,14.640381813049316,76400,-0.005780139802314685
2019-07-18,14.606329917907715,18300,-0.002325888462229196
2019-07-19,14.58930492401123,22800,-0.0011655901237456864
2019-07-22,14.436092376708984,32800,-0.010501703000948817
2019-07-23,14.445520401000977,36900,0.0006530870020756619
2019-07-24,14.556902885437012,28500,0.00771052072504893
2019-07-25,14.436951637268066,35900,-0.008240162698958905
2019-07-26,14.436951637268066,47900,0.0
2019-07-29,14.608308792114258,42500,0.011869344661641997
2019-07-30,14.779666900634766,27900,0.011730181156425787
2019-07-31,14.976728439331055,67100,0.0133332868745388
2019-08-01,14.702556610107422,52900,-0.01830652337286279
2019-08-02,14.856780052185059,30200,0.01048956628207194
2019-08-05,14.539764404296875,46200,-0.02133811275220155
2019-08-06,14.676850318908691,42800,0.009428344971759239
2019-08-07,14.865346908569336,21400,0.012843122711267137
2019-08-08,15.062409400939941,38800,0.013256501417871793
2019-08-09,14.925320625305176,14100,-0.009101384246414844
2019-08-12,14.80537223815918,21900,-0.008036570212275995
2019-08-13,14.642581939697266,26700,-0.010995353297659102
2019-08-14,14.445520401000977,99600,-0.013458114115929154
2019-08-15,14.265589714050293,40100,-0.012455812041095842
2019-08-16,14.325565338134766,27500,0.004204216249497361
2019-08-19,14.282727241516113,49300,-0.0029903250313352034
2019-08-20,14.299861907958984,51100,0.0011996774952801135
2019-08-21,14.342700958251953,49000,0.002995766712203388
2019-08-22,14.343563079833984,31600,6.010873297440086e-05
2019-08-23,14.30044174194336,42400,-0.003006319814025184
2019-08-26,14.231440544128418,56800,-0.004825109535781688
2019-08-27,14.231440544128418,67500,0.0
2019-08-28,14.033062934875488,70800,-0.01393939064972421
2019-08-29,14.10206413269043,70600,0.004917044706145874
2019-08-30,14.13656234741211,38000,0.0024463237719723817
2019-09-03,14.153809547424316,55300,0.0012200420150493211
2019-09-04,14.214186668395996,46500,0.004265785883961325
2019-09-05,14.196937561035156,78100,-0.0012135134962868983
2019-09-06,14.058935165405273,45000,-0.009720574950519152
2019-09-09,14.188313484191895,46500,0.009202568847815833
2019-09-10,14.222814559936523,47800,0.0024316544586549175
2019-09-11,14.30044174194336,47400,0.005457933918754713
2019-09-12,14.386690139770508,89700,0.006031170182259538
2019-09-13,14.369437217712402,41600,-0.0011992280288578372
2019-09-16,14.326314926147461,61800,-0.0030009728920898145
2019-09-17,14.369437217712402,46200,0.003010005838014729
2019-09-18,14.317689895629883,34200,-0.003601207291454219
2019-09-19,14.30044174194336,53900,-0.0012046743442730944
2019-09-20,14.26311206817627,40700,-0.0026103860594460858
2019-09-23,14.393328666687012,42200,0.009129606350165355
2019-09-24,14.671126365661621,80100,0.01930044852081819
2019-09-25,14.697168350219727,38700,0.0017750501160604692
2019-09-26,14.575634956359863,22400,-0.00826917069763621
2019-09-27,14.60167407989502,40900,0.0017864829637349324
2019-09-30,14.688488960266113,40300,0.005945542949121757
2019-10-01,14.592991828918457,25000,-0.006501494578917267
2019-10-02,14.488819122314453,68000,-0.0071385434752021335
2019-10-03,14.341239929199219,22100,-0.01018572955251718
2019-10-04,14.289153099060059,33600,-0.00363196142009379
2019-10-07,14.315199851989746,30700,0.0018228339180858001
2019-10-08,14.211027145385742,42900,-0.00727706966588555
2019-10-09,14.167619705200195,144900,-0.003054489991572571
2019-10-10,14.132893562316895,36000,-0.0024510922516189945
2019-10-11,14.098170280456543,29500,-0.0024569124296623624
2019-10-14,14.106852531433105,44800,0.0006158423968391267
2019-10-15,14.063445091247559,67400,-0.0030770464275305743
2019-10-16,14.046082496643066,48200,-0.0012345904216099844
2019-10-17,14.089488983154297,44800,0.0030902912980615323
2019-10-18,14.106852531433105,52100,0.001232376014457929
2019-10-21,14.19366455078125,54600,0.006153890044197219
2019-10-22,14.315199851989746,23500,0.00856264432442195
2019-10-23,14.146557807922363,52200,-0.01178062799059996
2019-10-24,14.13782024383545,42100,-0.0006176459464945492
2019-10-25,14.085392951965332,97500,-0.0037083009237564185
2019-10-28,13.96306324005127,75100,-0.008684863271563457
2019-10-29,13.901899337768555,86900,-0.004380407166478626
2019-10-30,13.788307189941406,52600,-0.008170980458658791
2019-10-31,13.735877990722656,86800,-0.003802439160696767
2019-11-01,13.744617462158203,72700,0.000636251387894505
2019-11-04,13.893158912658691,86900,0.01080724515683713
2019-11-05,13.928112030029297,36600,0.002515850973154715
2019-11-06,13.96306324005127,53300,0.002509400408800355
2019-11-07,13.936849594116211,27400,-0.0018773563855148982
2019-11-08,13.945586204528809,34300,0.000626871256204561
2019-11-11,14.015491485595703,39600,0.005012717288585036
2019-11-12,14.13782024383545,45700,0.008728110488702333
2019-11-13,14.172771453857422,28500,0.002472178130657201
2019-11-14,14.120344161987305,32400,-0.003699155951311695
2019-11-15,14.268887519836426,38200,0.010519811425631359
2019-11-18,14.233940124511719,26900,-0.002449202523751316
2019-11-19,14.233940124511719,31600,0.0
2019-11-20,14.347526550292969,37500,0.007979970745109937
2019-11-21,14.248143196105957,61000,-0.006926863235878268
2019-11-22,14.195369720458984,25500,-0.003703884423438118
2019-11-25,14.17778205871582,45800,-0.0012389717273665623
2019-11-26,14.204167366027832,36900,0.001861032085465815
2019-11-27,14.230554580688477,22000,0.0018577093595612613
2019-11-29,14.151396751403809,20500,-0.00556252596030859
2019-12-02,14.362480163574219,33200,0.014916083258669914
2019-12-03,14.336095809936523,73100,-0.0018370332517228245
2019-12-04,14.204167366027832,92800,-0.009202536426775983
2019-12-05,14.230554580688477,39100,0.0018577093595612613
2019-12-06,14.309711456298828,45400,0.005562458944345789
2019-12-09,14.327301979064941,53400,0.0012292716607063597
2019-12-10,14.186574935913086,71700,-0.009822298947665504
2019-12-11,14.195369720458984,75100,0.000619937129689745
2019-12-12,14.11621379852295,90400,-0.0055761789579846024
2019-12-13,14.054649353027344,119500,-0.00436125765550868
2019-12-16,14.26573371887207,140500,0.015018828328097663
2019-12-17,14.415250778198242,80000,0.01048085308983277
2019-12-18,14.362480163574219,55200,-0.0036607489828643287
2019-12-19,14.406454086303711,50800,0.0030617220862047077
2019-12-20,14.327692031860352,93300,-0.005467136741041562
2019-12-23,14.301142692565918,69000,-0.001853008791324945
2019-12-24,14.389641761779785,38900,0.006188251604528857
2019-12-26,14.363092422485352,24100,-0.0018450312894481562
2019-12-27,14.433891296386719,47000,0.0049292221910743885
2019-12-30,14.391090393066406,77200,-0.0029653059207274883
2019-12-31,14.400009155273438,63900,0.0006197419350050284
