Date,Adj Close,Volume,LogReturn
2019-01-02,22.96597671508789,96500,
2019-01-03,22.201263427734375,111300,-0.03329766013614061
2019-01-04,22.793304443359375,76500,0.026666996567655133
2019-01-07,23.747129440307617,122400,0.04184671859749281
2019-01-08,24.742080688476562,212000,0.041897748132881565
2019-01-09,24.84075355529785,133700,0.003988058565634102
2019-01-10,24.306278228759766,133100,-0.021516067350706315
2019-01-11,24.3967227935791,49300,0.0037210371727054363
2019-01-14,24.181852340698242,43000,-0.008807349032035174
2019-01-15,24.619871139526367,77200,0.018113533763124343
2019-01-16,24.793426513671875,108300,0.0070494022150615785
2019-01-17,25.06614875793457,73900,0.010999780289033777
2019-01-18,24.9504451751709,71800,-0.004615929789654921
2019-01-22,24.074411392211914,147100,-0.03511094799345535
2019-01-23,24.38019561767578,64600,0.012701628317392157
2019-01-24,24.793426513671875,79200,0.01694944956456785
2019-01-25,25.429786682128906,86600,0.025666487369388907
2019-01-28,24.876066207885742,124400,-0.02177448364646715
2019-01-29,24.38019561767578,98800,-0.019933641680563198
2019-01-30,25.206642150878906,106100,0.03389827326093916
2019-01-31,25.900859832763672,124600,0.027541061507891467
2019-02-01,25.925655364990234,72400,0.0009573246751907838
2019-02-04,26.242183685302734,74000,0.012209076910739813
2019-02-05,26.206640243530273,127800,-0.0013544391807747116
2019-02-06,26.611604690551758,86000,0.01545274187222299
2019-02-07,25.611600875854492,146700,-0.0375777344630521
2019-02-08,25.396726608276367,102100,-0.0083897241964558
2019-02-11,25.859539031982422,61300,0.018223310068441335
2019-02-12,26.446319580078125,73100,0.022691067592890492
2019-02-13,26.793426513671875,76800,0.013124961775597079
2019-02-14,27.241779327392578,114900,0.01673368702923914
2019-02-15,26.627363204956055,125300,-0.022554184697425626
2019-02-19,26.63566780090332,79300,0.0003118820246429778
2019-02-20,26.70208740234375,39100,0.0024936337972414997
2019-02-21,26.71039581298828,117700,0.0003111521028053405
2019-02-22,26.901357650756836,44300,0.007149345112875376
2019-02-25,27.382930755615234,76200,0.01790144241455598
2019-02-26,27.01759910583496,114800,-0.013341583230836507
2019-02-27,26.91796875,122200,-0.0036876095260975237
2019-02-28,26.868144989013672,50200,-0.0018509480209693804
2019-03-01,26.901357650756836,81800,0.0012361352730806184
2019-03-04,26.834936141967773,71800,-0.002469076455224698
2019-03-05,26.851543426513672,55200,0.0006188680479073667
2019-03-06,26.785118103027344,72300,-0.0024737990822806346
2019-03-07,25.9880428314209,123100,-0.029758139148035236
2019-03-08,25.846893310546875,134800,-0.005431325544198592
2019-03-11,26.494518280029297,65100,0.02505620159843958
2019-03-12,26.718700408935547,65800,0.008461453291461848
2019-03-13,26.99268913269043,94200,0.01025456775821524
2019-03-14,27.12615394592285,38000,0.004944480061854404
2019-03-15,27.217914581298828,53600,0.003382736659200022
2019-03-18,27.36805534362793,125400,0.0055162478330452935
2019-03-19,27.484838485717773,53700,0.004267133364922628
2019-03-20,27.70170783996582,82900,0.007890508592973574
2019-03-21,28.42740249633789,87000,0.026196747888774418
2019-03-22,27.584924697875977,108600,-0.029636116017650392
2019-03-25,26.934307098388672,114700,-0.023585984250934056
2019-03-26,26.97600555419922,73000,0.0015481540200097243
2019-03-27,26.91762351989746,55900,-0.002164220873415033
2019-03-28,26.97600555419922,58800,0.002168914884280253
2019-03-29,27.359710693359375,55500,0.014223942028378875
2019-04-01,27.526531219482422,79500,0.006097305925224451
2019-04-02,27.60995101928711,77200,0.003030523502563431
2019-04-03,27.710054397583008,88700,0.003625626797598104
2019-04-04,27.75176239013672,55300,0.001505157368343127
2019-04-05,27.876882553100586,58100,0.004508548365502591
2019-04-08,27.968629837036133,60400,0.003291160113071623
2019-04-09,27.860193252563477,47500,-0.003877078895336669
2019-04-10,28.11043357849121,48700,0.008982002517326731
2019-04-11,28.23555564880371,52700,0.004451090018342426
2019-04-12,28.453399658203125,31700,0.007715237203367865
2019-04-15,28.285823822021484,53600,-0.005889483794367203
2019-04-16,28.269071578979492,70400,-0.0005922487231554484
2019-04-17,28.243940353393555,57800,-0.0008890007411713071
2019-04-18,28.135009765625,47000,-0.0038567772911850986
2019-04-22,28.210416793823242,47100,0.0026801848951328085
2019-04-23,28.486907958984375,75100,0.009801030845516307
2019-04-24,28.46177101135254,53600,-0.0008824035120985496
2019-04-25,28.61258888244629,72000,0.005298962985598939
2019-04-26,28.453399658203125,91600,-0.005563607854472268
2019-04-29,28.872314453125,124900,0.014722838042346259
2019-04-30,28.528804779052734,162300,-0.0118975454714572
2019-05-01,28.294214248657227,164000,-0.008222935808644737
2019-05-02,28.101503372192383,70100,-0.0068109640639336475
2019-05-03,28.637725830078125,84300,0.019081628864609314
2019-05-06,28.579069137573242,76400,-0.002048231512967271
2019-05-07,27.749603271484375,100500,-0.029023543842383533
2019-05-08,27.908794403076172,51500,0.005736699369514318
2019-05-09,27.70771026611328,140300,-0.007205045623207811
2019-05-10,27.741220474243164,50200,0.0012094181658477217
2019-05-13,26.65201759338379,152400,-0.03926297625840453
2019-05-14,27.317058563232422,82400,0.02495274391585744
2019-05-15,27.58644676208496,76600,0.00986153755277019
2019-05-16,27.780057907104492,81200,0.007018342981584421
2019-05-17,27.620115280151367,77400,-0.005757461971028547
2019-05-20,26.84563446044922,114600,-0.02804046296862176
2019-05-21,27.14869499206543,101900,0.01128900611616015
2019-05-22,27.106609344482422,48500,-0.001550190445445275
2019-05-23,26.685686111450195,71400,-0.015528435433696391
2019-05-24,26.63518524169922,78500,-0.0018924328773134986
2019-05-28,26.62676429748535,55700,-0.0003161586502009237
2019-05-29,26.180604934692383,184300,-0.016756048831479846
2019-05-30,26.231109619140625,65800,0.001929087756918769
2019-05-31,25.936471939086914,74400,-0.011232375767997106
2019-06-03,25.237764358520508,179300,-0.026939191352137466
2019-06-04,25.91122055053711,127800,0.02668446311050671
2019-06-05,26.273197174072266,99200,0.013969879297239546
2019-06-06,26.56783676147461,86800,0.011214454999527395
2019-06-07,27.140275955200195,94700,0.021546323054636742
2019-06-10,27.493839263916016,121900,0.013027255481832197
2019-06-11,27.4012393951416,66900,-0.0033680224826201604
2019-06-12,27.173952102661133,63600,-0.008294781458709058
2019-06-13,27.309263229370117,69000,0.004979442305550153
2019-06-14,27.190866470336914,61300,-0.004335406562923006
2019-06-17,27.21623420715332,69300,0.0009329506598872253
2019-06-18,27.48687744140625,80200,0.009944183761535818
2019-06-19,27.664480209350586,127000,0.006461365730717561
2019-06-20,27.82517433166504,101000,0.005808680340219751
2019-06-21,27.6221981048584,116600,-0.007294697398379055
2019-06-24,27.393844604492188,95300,-0.008267028550709236
2019-06-25,26.48043441772461,269100,-0.033343628831777494
2019-06-26,26.700328826904297,115400,0.008304033299110143
2019-06-27,26.962509155273438,79900,0.009819367022362566
2019-06-28,27.326183319091797,107600,0.01348814243229401
2019-07-01,27.605283737182617,90300,0.010213662655765876
2019-07-02,27.749061584472656,58300,0.005208345208797081
2019-07-03,27.901302337646484,46800,0.005486338797814207
2019-07-05,27.8590030670166,61400,-0.0015160321234471386
2019-07-08,27.884374618530273,116200,0.0009107128296241971
2019-07-09,28.02815818786621,61800,0.005156420802078438
2019-07-10,28.40028953552246,89300,0.013277053210629835
2019-07-11,28.645549774169922,130600,0.008635835854444187
2019-07-12,28.772977828979492,80700,0.004448441583916602
2019-07-15,28.83244514465332,61900,0.002066776543856159
2019-07-16,28.86642837524414,78700,0.0011786454607066912
2019-07-17,28.993844985961914,69100,0.004414006785371687
2019-07-18,28.985349655151367,69000,-0.00029300462959155985
2019-07-19,29.05331039428711,79300,0.002344658247849151
2019-07-22,29.09578514099121,116500,0.0014619589343751193
2019-07-23,28.97685432434082,90600,-0.004087561688886564
2019-07-24,29.350650787353516,51000,0.012899828905814075
2019-07-25,28.78997230529785,242700,-0.01910276150664594
2019-07-26,29.002351760864258,57800,0.0073768551533939745
2019-07-29,28.968360900878906,70600,-0.0011720035763175176
2019-07-30,28.73050308227539,64600,-0.008210951921560013
2019-07-31,28.70502281188965,107000,-0.0008868717095824766
2019-08-01,28.628568649291992,95700,-0.0026634419731584
2019-08-02,28.178321838378906,79800,-0.015727185540735055
2019-08-05,27.2778377532959,155500,-0.03195662574399826
2019-08-06,27.40526580810547,93100,0.004671486646487351
2019-08-07,27.473228454589844,73300,0.002479911961455019
2019-08-08,28.22079086303711,57200,0.027210577369270676
2019-08-09,28.161327362060547,63900,-0.0021070813098454416
2019-08-12,27.685604095458984,87800,-0.01689278564484377
2019-08-13,28.161327362060547,115800,0.01718305531500362
2019-08-14,27.495698928833008,74900,-0.023636259210007473
2019-08-15,27.273818969726562,66300,-0.008069624259442765
2019-08-16,27.73464584350586,49500,0.016896309031412367
2019-08-19,27.990650177001953,51600,0.009230488643720607
2019-08-20,28.093063354492188,53600,0.0036588352482923186
2019-08-21,28.178394317626953,42600,0.003037438888668611
2019-08-22,28.212539672851562,41000,0.0012117565976159897
2019-08-23,28.007726669311523,199900,-0.007259644325361005
2019-08-26,28.127193450927734,64400,0.00426549369846259
2019-08-27,27.94798469543457,57600,-0.006371369962873175
2019-08-28,27.939453125,60900,-0.0003052660335814476
2019-08-29,28.26373291015625,88900,0.01160651869975533
2019-08-30,28.186935424804688,38900,-0.002717174182040413
2019-09-03,27.72610855102539,121500,-0.016348952691528366
2019-09-04,28.221067428588867,31900,0.01785172544688647
2019-09-05,28.62215232849121,78200,0.014212251216834965
2019-09-06,28.570947647094727,41000,-0.0017889878024831118
2019-09-09,28.127193450927734,82700,-0.01553165830017948
2019-09-10,27.768783569335938,61900,-0.01274246867953956
2019-09-11,28.01626205444336,49700,0.008912111129732864
2019-09-12,28.238134384155273,40200,0.007919412278510054
2019-09-13,28.066680908203125,68800,-0.006071699837520175
2019-09-16,28.066680908203125,47800,0.0
2019-09-17,28.23813819885254,34200,0.00610892649580456
2019-09-18,28.100971221923828,57500,-0.0048575078131137105
2019-09-19,28.26384925842285,44900,0.00579617107226348
2019-09-20,28.040973663330078,50500,-0.007885535797158087
2019-09-23,27.9038028717041,47800,-0.004891798454393844
2019-09-24,27.55232810974121,60700,-0.012595944845901423
2019-09-25,27.809499740600586,61800,0.009333934680040746
2019-09-26,27.689489364624023,33200,-0.004315445336880796
2019-09-27,27.29514503479004,96100,-0.01424166132647419
2019-09-30,27.43231201171875,75900,0.005025325080847883
2019-10-01,27.089406967163086,73700,-0.012500041717562093
2019-10-02,26.797937393188477,151000,-0.010759540595625422
2019-10-03,27.346586227416992,74600,0.020473547130831483
2019-10-04,27.732349395751953,44900,0.014106446966612769
2019-10-07,27.526607513427734,52700,-0.00741884069712948
2019-10-08,27.252286911010742,40900,-0.009965652406791358
2019-10-09,27.58662223815918,45800,0.01226815673268712
2019-10-10,27.792360305786133,43900,0.00745789266445118
2019-10-11,27.81819725036621,79900,0.0009296419698005676
2019-10-14,27.775129318237305,21400,-0.0015481927797581954
2019-10-15,28.334941864013672,87800,0.020155173333749023
2019-10-16,28.128244400024414,36600,-0.007294790473940253
2019-10-17,27.921546936035156,55000,-0.007348395479281259
2019-10-18,27.49953842163086,79700,-0.015114080726654103
2019-10-21,27.59427833557129,44100,0.0034451456052770773
2019-10-22,27.671781539916992,52100,0.0028086693699032215
2019-10-23,27.37035369873047,70700,-0.010892968374721696
2019-10-24,27.64594841003418,86200,0.01006909572076498
2019-10-25,27.620105743408203,44000,-0.0009347722943951125
2019-10-28,27.72345733642578,84800,0.003741897079530333
2019-10-29,27.456470489501953,143500,-0.009630359001906836
2019-10-30,27.680395126342773,66500,0.00815562353239971
2019-10-31,27.680395126342773,85400,0.0
2019-11-01,27.955995559692383,99800,0.009956520927236584
2019-11-04,28.111019134521484,61500,0.005545271120754441
2019-11-05,28.033504486083984,61500,-0.002757447108785495
2019-11-06,27.96460723876953,53400,-0.0024576751489866055
2019-11-07,28.00766944885254,75700,0.0015398825277727229
2019-11-08,28.00766944885254,42200,0.0
2019-11-11,28.06795883178711,56200,0.0021526026306712335
2019-11-12,28.507198333740234,89800,0.01564914301697222
2019-11-13,28.5244140625,49100,0.0006039081272812988
2019-11-14,28.420595169067383,23400,-0.003639650343216132
2019-11-15,28.550369262695312,42900,0.004566199013635512
2019-11-18,28.766666412353516,48800,0.007575984312778149
2019-11-19,28.922391891479492,51300,0.005413400249223943
2019-11-20,28.550369262695312,56400,-0.01286278915589195
2019-11-21,28.403297424316406,55000,-0.005151311250151651
2019-11-22,28.974308013916016,69200,0.020103672509191144
2019-11-25,29.138687133789062,60800,0.0056732716375520525
2019-11-26,29.181947708129883,45200,0.0014846439080179281
2019-11-27,29.415531158447266,56300,0.008004381772375944
2019-11-29,29.619712829589844,41200,0.006941287921769967
2019-12-02,29.380922317504883,54900,-0.008061878028959526
2019-12-03,29.164640426635742,78300,-0.007361303655885638
2019-12-04,29.32036590576172,48600,0.005339530227286952
2019-12-05,29.48474884033203,28400,0.005606442126222229
2019-12-06,29.692392349243164,59600,0.007042403855484038
2019-12-09,29.804861068725586,112400,0.003787795815155616
2019-12-10,29.796205520629883,85600,-0.00029040726194779826
2019-12-11,30.02115249633789,91700,0.007549517523372637
2019-12-12,29.977888107299805,107300,-0.0014411301845711458
2019-12-13,30.463214874267578,149600,0.016189491575612135
2019-12-16,30.60031509399414,61900,0.004500517108664447
2019-12-17,30.09762191772461,105200,-0.016427712418170287
2019-12-18,29.8599796295166,129800,-0.007895716440907889
2019-12-19,29.823427200317383,105300,-0.0012241277339347767
2019-12-20,29.887409210205078,111700,0.0021453607413374144
2019-12-23,29.777732849121094,72400,-0.003669650999610073
2019-12-24,29.887409210205078,33800,0.0036831669368415846
2019-12-26,30.024499893188477,67300,0.004586904205018504
2019-12-27,30.4449405670166,109200,0.014003253187358117
2019-12-30,30.024499893188477,149600,-0.013809870080141376
2019-12-31,30.408382415771484,198100,0.012785642523561151
