Date,Adj Close,Volume,LogReturn
2019-01-02,105.03404998779297,5700,
2019-01-03,105.51846313476562,5100,0.0046119629494335845
2019-01-04,105.10052490234375,6200,-0.003960806668384607
2019-01-07,104.96753692626953,5500,-0.0012653407411408
2019-01-08,104.93905639648438,800,-0.0002713270275662591
2019-01-09,105.0150146484375,39800,0.0007238320465369624
2019-01-10,104.90107727050781,1800,-0.0010849627390056528
2019-01-11,105.06251525878906,1600,0.0015389545320392732
2019-01-14,104.99606323242188,8000,-0.0006324998616633483
2019-01-15,104.92005920410156,2200,-0.0007238750290291181
2019-01-16,104.95804595947266,700,0.0003620542693099125
2019-01-17,104.94856262207031,3400,-9.035360096171704e-05
2019-01-18,104.86308288574219,11900,-0.0008144917299720017
2019-01-22,105.15751647949219,5600,0.0028077907462515862
2019-01-23,105.14801025390625,2500,-9.039986778112436e-05
2019-01-24,105.36649322509766,400,0.0020778612040667655
2019-01-25,105.34748840332031,800,-0.00018036874148163182
2019-01-28,105.29048919677734,3600,-0.0005410589982434955
2019-01-29,105.48997497558594,2200,0.001894622964812851
2019-01-30,105.76541137695312,1900,0.0026110196862870914
2019-01-31,106.0978775024414,500,0.0031434296067109845
2019-02-01,105.9227066040039,1500,-0.0016510311286243135
2019-02-04,105.7894287109375,2000,-0.0012582561127773176
2019-02-05,105.98937225341797,1200,0.0018900143891201174
2019-02-06,106.00838470458984,2300,0.00017938073193241204
2019-02-07,106.13212585449219,1700,0.001167277005938438
2019-02-08,106.34156799316406,2000,0.001973409436451141
2019-02-11,106.17973327636719,2300,-0.0015218387301499843
2019-02-12,106.14165496826172,3300,-0.0003586212446621768
2019-02-13,105.90365600585938,1200,-0.0022422767241900435
2019-02-14,106.16070556640625,38700,0.002427201951674389
2019-02-15,106.12260437011719,5800,-0.00035890112151929155
2019-02-19,106.32255554199219,2300,0.0018841525145542298
2019-02-20,106.2749252319336,1100,-0.0004479793569275347
2019-02-21,105.99885559082031,3200,-0.002597693110682402
2019-02-22,106.2749252319336,1400,0.002604458695091698
2019-02-25,106.13212585449219,1000,-0.0013436789264237258
2019-02-26,106.34156799316406,1000,0.001973409436451141
2019-02-27,106.0560073852539,500,-0.002685315002394105
2019-02-28,105.91319274902344,1600,-0.001346596385735013
2019-03-01,105.75959777832031,1300,-0.0014501967764024488
2019-03-04,105.96949005126953,1200,0.001984616785222349
2019-03-05,105.97898864746094,1900,8.963519770464777e-05
2019-03-06,106.16981506347656,702000,0.0018006061243932888
2019-03-07,106.42736053466797,4200,0.002425788073921251
2019-03-08,106.56095123291016,2700,0.0012552288957562868
2019-03-11,106.58003234863281,3800,0.00017906292597699017
2019-03-12,106.75173950195312,1700,0.001611063062531667
2019-03-13,106.72312927246094,6600,-0.00026800715028783254
2019-03-14,106.56095123291016,3700,-0.0015196147325922725
2019-03-15,106.60865020751953,8700,0.0004476215166765864
2019-03-18,106.7803726196289,3400,0.0016107737202854364
2019-03-19,106.80899047851562,2200,0.00026800673367811484
2019-03-20,107.21920013427734,2700,0.0038405910768741086
2019-03-21,107.29551696777344,1800,0.0007117832757614063
2019-03-22,107.86792755126953,27600,0.005334897483815835
2019-03-25,108.0587158203125,4200,0.0017687210033055214
2019-03-26,108.14456939697266,4300,0.0007945085781226524
2019-03-27,108.41171264648438,2200,0.00247024192709206
2019-03-28,108.41171264648438,13900,0.0
2019-03-29,108.28768157958984,1400,-0.001144074416562161
2019-04-01,107.84884643554688,5300,-0.004052493669101516
2019-04-02,107.84884643554688,2900,0.0
2019-04-03,107.64803314208984,3700,-0.0018619883299080275
2019-04-04,107.79147338867188,1500,0.0013324929624371077
2019-04-05,107.82012939453125,3200,0.00026584668488617715
2019-04-08,107.82012939453125,3400,0.0
2019-04-09,107.95401000976562,6700,0.0012417033441360864
2019-04-10,108.24082946777344,1067600,0.002656867104629708
2019-04-11,108.0018081665039,6000,-0.0022082360459062733
2019-04-12,107.83926391601562,5200,-0.001505014159000843
2019-04-15,107.84884643554688,8400,8.885928170571335e-05
2019-04-16,107.62890625,7400,-0.0020393373950301514
2019-04-17,107.55242919921875,9200,-0.0007105623707037346
2019-04-18,107.82971954345703,5000,0.002578187645810007
2019-04-22,107.65758514404297,4900,-0.0015963539564311832
2019-04-23,107.79147338867188,5600,0.0012436489676948203
2019-04-24,108.15478515625,5800,0.0033705056268050464
2019-04-25,108.08787536621094,5500,-0.0006186484485397357
2019-04-26,108.3555679321289,3900,0.0024766197412152244
2019-04-29,108.11653137207031,3900,-0.0022060385508598877
2019-04-30,108.25997924804688,5600,0.0013267894757269221
2019-05-01,108.29924774169922,6000,0.0003627240086788784
2019-05-02,108.04052734375,4300,-0.0023889399358182416
2019-05-03,108.19384765625,9000,0.001419100001355828
2019-05-06,108.34715270996094,5700,0.0014169479783916492
2019-05-07,108.58670043945312,3600,0.0022109277770634445
2019-05-08,108.40464782714844,4200,-0.0016765645476648243
2019-05-09,108.4717025756836,5500,0.0006185597193404037
2019-05-10,108.49089813232422,4600,0.00017696372588262593
2019-05-13,108.75919342041016,6400,0.002472975085510888
2019-05-14,108.71126556396484,5000,-0.0004406786675959127
2019-05-15,108.94126892089844,4000,0.0021157269740205683
2019-05-16,108.88378143310547,15100,-0.0005276924746921211
2019-05-17,108.91252899169922,7800,0.00026402057510660146
2019-05-20,108.73047637939453,9400,-0.001671548847410959
2019-05-21,108.64419555664062,4100,-0.0007935293362722477
2019-05-22,108.88378143310547,7100,0.00220523402320134
2019-05-23,109.20956420898438,4500,0.0029920229770772264
2019-05-24,109.20956420898438,9000,0.0
2019-05-28,109.6024398803711,4500,0.003597447478454437
2019-05-29,109.55453491210938,5500,-0.0004370793963529104
2019-05-30,109.88033294677734,6300,0.0029738434372373695
2019-05-31,110.39778137207031,18800,0.004709199648526774
2019-06-03,110.79728698730469,7600,0.0036187830069513197
2019-06-04,110.44192504882812,29200,-0.0032073162451827938
2019-06-05,110.51876831054688,12000,0.0006957798108352093
2019-06-06,110.48995208740234,3800,-0.00026073601420855953
2019-06-07,110.84529876708984,4000,0.003216099500218856
2019-06-10,110.59561157226562,5100,-0.0022525736102607836
2019-06-11,110.59561157226562,5300,0.0
2019-06-12,110.70123291015625,4600,0.0009550228656370301
2019-06-13,110.90294647216797,6500,0.0018221437712028644
2019-06-14,110.94133758544922,5200,0.00034616856001102344
2019-06-17,110.97014617919922,4200,0.00025967411586155656
2019-06-18,111.26788330078125,8600,0.0026830380226879483
2019-06-19,111.61358642578125,5000,0.00310694438273342
2019-06-20,111.88249206542969,24600,0.00240925543439328
2019-06-21,111.57516479492188,5700,-0.0027468754479305422
2019-06-24,111.89209747314453,5900,0.002840530675488465
2019-06-25,111.94010925292969,5200,0.0004290899971437184
2019-06-26,111.6904296875,4600,-0.0022304745555101636
2019-06-27,111.84406280517578,5500,0.0013755262479124954
2019-06-28,111.94969940185547,20800,0.0009444989213571288
2019-07-01,111.93621826171875,4200,-0.00012042140540571485
2019-07-02,112.19610595703125,10200,0.002321748039627844
2019-07-03,112.5040512084961,3300,0.002744705342828746
2019-07-05,111.90736389160156,5800,-0.005303696271245658
2019-07-08,111.90736389160156,3800,0.0
2019-07-09,111.70526123046875,4100,-0.001805981788013326
2019-07-10,111.65711975097656,4100,-0.00043096877409258875
2019-07-11,111.30104064941406,3200,-0.0031890407199885317
2019-07-12,111.40692901611328,3900,0.0009513690625117815
2019-07-15,111.5897445678711,2400,0.0016409711081020021
2019-07-16,111.38768768310547,3600,-0.001810711956982122
2019-07-17,111.79187774658203,4100,0.003628678105128376
2019-07-18,112.03250122070312,3600,0.002152423583639561
2019-07-19,111.8977279663086,3300,-0.0012029835353673753
2019-07-22,111.97472381591797,4600,0.0006880912687749814
2019-07-23,111.84960174560547,3800,-0.0011174135201993955
2019-07-24,112.03250122070312,4600,0.0016352268782650566
2019-07-25,111.79187774658203,4300,-0.002147800606960184
2019-07-26,111.9266128540039,17200,0.0012052316334403323
2019-07-29,111.9843521118164,973800,0.0005158671055990463
2019-07-30,112.06136322021484,2200,0.0006876952622946989
2019-07-31,112.09021759033203,11400,0.00025748723099579816
2019-08-01,113.0238037109375,3200,0.008328881330372153
2019-08-02,113.24565124511719,6200,0.0019628390382885243
2019-08-05,113.81465148925781,2400,0.005024477654413759
2019-08-06,114.0364761352539,4400,0.0019489990356560576
2019-08-07,114.2486801147461,14300,0.0018608430099199243
2019-08-08,114.26792907714844,4000,0.0001684830177732555
2019-08-09,114.0268325805664,2500,-0.002109922692475279
2019-08-12,114.75017547607422,2000,0.006343619998360735
2019-08-13,114.4511947631836,5300,-0.0026054924243053856
2019-08-14,115.06842803955078,6700,0.005392982376849226
2019-08-15,115.50242614746094,3300,0.0037716523576821997
2019-08-16,115.39634704589844,4400,-0.000918414487909282
2019-08-19,115.06842803955078,4600,-0.0028416757960044244
2019-08-20,115.35778045654297,4400,0.002514611713412237
2019-08-21,115.32884979248047,2200,-0.00025079074812295495
2019-08-22,114.97200775146484,2600,-0.003094126418998513
2019-08-23,115.5892105102539,18300,0.005368287210598867
2019-08-26,115.444580078125,8100,-0.0012512450901814587
2019-08-27,115.97502899169922,3700,0.004594836008890562
2019-08-28,115.93643951416016,5800,-0.00033273953776570726
2019-08-29,115.8303451538086,3200,-0.0009151079746467841
2019-08-30,115.8882064819336,2800,0.0004995351438188948
2019-09-03,115.91336059570312,50000,0.00021705499233394947
2019-09-04,116.13565826416016,7800,0.0019177915929155776
2019-09-05,115.4011001586914,5000,-0.006325000576463233
2019-09-06,115.6427230834961,5000,0.0020937662160276185
2019-09-09,114.92753601074219,5900,-0.0061844537527668605
2019-09-10,114.25096893310547,4100,-0.005886901443475483
2019-09-11,114.1543197631836,4300,-0.0008459374202634867
2019-09-12,113.98033142089844,1300,-0.0015241503137691159
2019-09-13,113.13948822021484,9600,-0.007377090329546314
2019-09-16,113.63240051269531,1400,0.004356677763302797
2019-09-17,113.8643569946289,3100,0.0020412882319394365
2019-09-18,113.84503173828125,51300,-0.0001697217360878597
2019-09-19,114.05767059326172,5500,0.0018677921357982926
2019-09-20,114.56022644042969,5600,0.004406155627709783
2019-09-23,114.67623138427734,1700,0.0010126109859601037
2019-09-24,115.0241928100586,1800,0.00303429421756318
2019-09-25,114.42494201660156,3700,-0.0052097804715446625
2019-09-26,114.65691375732422,2000,0.0020272830087080156
2019-09-27,114.77286529541016,1800,0.0010112912888214783
2019-09-30,115.0338363647461,4100,0.0022738046023703645
2019-10-01,115.16265106201172,3800,0.0011197983248788029
2019-10-02,115.34668731689453,3500,0.0015980550394217162
2019-10-03,115.79222869873047,1800,0.003862628326827382
2019-10-04,116.07310485839844,1900,0.0024256909364682453
2019-10-07,115.6760025024414,2600,-0.003421140120628892
2019-10-08,115.77285766601562,860400,0.0008372969455974637
2019-10-09,115.61786651611328,10200,-0.0013387520445376413
2019-10-10,115.04642486572266,3700,-0.004942502985133228
2019-10-11,114.47498321533203,5300,-0.00496705265772133
2019-10-14,114.77522277832031,3000,0.0026227526273012733
2019-10-15,114.53308868408203,3800,-0.002109637327439085
2019-10-16,114.59120178222656,4300,0.0005073913470091189
2019-10-17,114.62992858886719,3200,0.00033795619592351324
2019-10-18,114.71710968017578,2700,0.0007605438857183475
2019-10-21,114.4265365600586,13400,-0.002532953636360674
2019-10-22,114.6202392578125,3500,0.0016928127301330867
2019-10-23,114.61058044433594,32000,-8.42679577281039e-05
2019-10-24,114.62992858886719,5900,0.00016881639074018133
2019-10-25,114.44593048095703,4900,-0.001605148936017274
2019-10-28,114.20376586914062,6500,-0.0021159739870060357
2019-10-29,114.16502380371094,2900,-0.00033923632145440593
2019-10-30,114.55245971679688,21900,0.003393648073442121
2019-10-31,115.19171142578125,4500,0.005580427609889561
2019-11-01,115.06455993652344,6400,-0.0011038249860515095
2019-11-04,114.68605041503906,5200,-0.0032895404257677926
2019-11-05,114.18138122558594,3400,-0.00440044092221129
2019-11-06,114.54046630859375,4500,0.0031448654689014057
2019-11-07,113.84172058105469,4900,-0.006100426775428947
2019-11-08,113.7058334350586,2600,-0.0011936497911531725
2019-11-11,113.73495483398438,9700,0.0002561117406734766
2019-11-12,113.86112976074219,1507500,0.0011093768572905875
2019-11-13,114.2008056640625,31000,0.002983247259482474
2019-11-14,114.51136779785156,5800,0.00271943907911319
2019-11-15,114.49195861816406,1200,-0.00016949565847264425
2019-11-18,114.62783813476562,4900,0.0011868040187409748
2019-11-19,114.78312683105469,1300,0.001354720622982462
2019-11-20,115.07427978515625,2600,0.0025365483772723883
2019-11-21,114.82194519042969,8400,-0.0021927975147676033
2019-11-22,114.93839263916016,800,0.0010141567322983704
2019-11-25,115.08396911621094,900,0.0012665609263199538
2019-11-26,115.29750061035156,74800,0.0018554408209974275
2019-11-27,115.200439453125,2400,-0.0008418322748780229
2019-11-29,115.12279510498047,1600,-0.0006739935065623139
2019-12-02,114.70945739746094,20200,-0.0035904071573540984
2019-12-03,115.53614044189453,8600,0.007206755774017742
2019-12-04,115.16654968261719,2800,-0.0031989190383524923
2019-12-05,115.01094818115234,2000,-0.0013510997932443022
2019-12-06,114.8553466796875,1500,-0.0013529277336254782
2019-12-09,114.92340850830078,1900,0.0005925873769124079
2019-12-10,114.87480163574219,1400,-0.0004229501473155744
2019-12-11,115.2054672241211,3500,0.00287848669743446
2019-12-12,114.62194061279297,11100,-0.0050650947857616025
2019-12-13,115.16654968261719,7500,0.004751350979686998
2019-12-16,114.83589172363281,6800,-0.0028711284647809786
2019-12-17,114.87480163574219,5300,0.00033883058271552116
2019-12-18,114.64140319824219,7100,-0.0020317635737042293
2019-12-19,114.7896957397461,5200,0.0012935339010765009
2019-12-20,114.77992248535156,5400,-8.51405200749848e-05
2019-12-23,114.672607421875,15900,-0.0009349637214666899
2019-12-24,114.80919647216797,1600,0.0011911218674087022
2019-12-26,114.91651916503906,21900,0.0009347917777397816
2019-12-27,115.15066528320312,1500,0.0020375322874841874
2019-12-30,115.01406860351562,3600,-0.0011862430785923143
2019-12-31,114.8384780883789,4900,-0.0015266872763368316
