Date,Adj Close,Volume,LogReturn
2019-01-02,228.0800018310547,165800,
2019-01-03,224.3000030517578,180200,-0.016573126749169474
2019-01-04,226.27999877929688,446800,0.00882744405082408
2019-01-07,233.6699981689453,354300,0.032658650475141215
2019-01-08,235.52999877929688,235800,0.007959946184476652
2019-01-09,237.3699951171875,266100,0.007812152793389141
2019-01-10,240.8699951171875,227000,0.01474491330832307
2019-01-11,241.4199981689453,127800,0.0022834020961814954
2019-01-14,236.3699951171875,261200,-0.020917915210254573
2019-01-15,237.89999389648438,282200,0.0064728976219605725
2019-01-16,236.55999755859375,216100,-0.005632603498399783
2019-01-17,237.83999633789062,248200,0.005410884310564093
2019-01-18,239.64999389648438,321100,0.007610147941737908
2019-01-22,235.52000427246094,167200,-0.01723342261301023
2019-01-23,237.08999633789062,162800,0.006666066732970354
2019-01-24,237.07000732421875,146700,-8.430981475653449e-05
2019-01-25,240.30999755859375,205000,0.013666807838513139
2019-01-28,238.07000732421875,124500,-0.009321252786533913
2019-01-29,239.3000030517578,190400,0.005166529548864913
2019-01-30,244.97999572753906,198200,0.023735865454848046
2019-01-31,249.8699951171875,222400,0.01996081098428534
2019-02-01,251.1199951171875,264400,0.005002601450461299
2019-02-04,250.6999969482422,186900,-0.0016724999088555909
2019-02-05,250.14999389648438,174500,-0.002193869399493301
2019-02-06,252.6999969482422,206800,0.010193896118234727
2019-02-07,248.02999877929688,227500,-0.01848040453242197
2019-02-08,248.85000610351562,278100,0.003306081233135079
2019-02-11,252.92999267578125,468500,0.01639536456578767
2019-02-12,258.1000061035156,368900,0.020440491746510924
2019-02-13,261.7900085449219,277400,0.01429679331323343
2019-02-14,261.4200134277344,226300,-0.0014133278777291865
2019-02-15,270.3399963378906,268900,0.03412127018584996
2019-02-19,270.05999755859375,274900,-0.001035728279536233
2019-02-20,272.739990234375,202900,0.009923693623672583
2019-02-21,274.3399963378906,233300,0.005866415490228198
2019-02-22,274.260009765625,247500,-0.00029156001069238774
2019-02-25,275.2200012207031,261500,0.0035002968748470004
2019-02-26,272.8699951171875,202300,-0.008538645785526027
2019-02-27,273.989990234375,225600,0.004104500814413486
2019-02-28,270.8999938964844,409500,-0.011277770896839689
2019-03-01,317.4100036621094,952400,0.17168700927840289
2019-03-04,312.7900085449219,479600,-0.014555291464933149
2019-03-05,312.32000732421875,300400,-0.0015026094435993628
2019-03-06,308.7300109863281,274500,-0.01149460890657529
2019-03-07,302.6000061035156,338000,-0.019855552310021337
2019-03-08,303.8599853515625,430500,0.004163844093300686
2019-03-11,308.2699890136719,381100,0.01451327543838012
2019-03-12,308.8699951171875,205200,0.00194636560449942
2019-03-13,309.4200134277344,240000,0.0017807437408680442
2019-03-14,311.8699951171875,237300,0.007917980683642245
2019-03-15,310.3299865722656,297200,-0.0049379823934110915
2019-03-18,313.6700134277344,384700,0.010762823445973914
2019-03-19,314.1199951171875,228600,0.0014345703133551053
2019-03-20,310.7200012207031,222000,-0.01082386969736184
2019-03-21,315.57000732421875,120000,0.015608927923731199
2019-03-22,305.5899963378906,188300,-0.03162534700604356
2019-03-25,307.19000244140625,196800,0.005235793457540081
2019-03-26,307.69000244140625,211900,0.0016276571373619834
2019-03-27,302.4200134277344,179900,-0.01712759261547812
2019-03-28,303.75,109100,0.0043978126883571335
2019-03-29,305.67999267578125,280700,0.006353885352366255
2019-04-01,307.3999938964844,199300,0.00562680339543007
2019-04-02,309.1400146484375,193500,0.0056604449788605704
2019-04-03,305.8800048828125,227600,-0.010545415058391494
2019-04-04,305.79998779296875,123400,-0.00026159634028515797
2019-04-05,308.6099853515625,156100,0.00918900480956252
2019-04-08,309.8399963378906,95000,0.003985648698070869
2019-04-09,305.9200134277344,201100,-0.012651636187993563
2019-04-10,307.6000061035156,318100,0.005491607616505628
2019-04-11,305.9800109863281,157000,-0.005266563995588246
2019-04-12,308.5299987792969,329700,0.008333837837147764
2019-04-15,306.739990234375,264400,-0.005801732577072142
2019-04-16,301.44000244140625,226300,-0.01727843764003225
2019-04-17,291.8299865722656,364400,-0.03188036024186476
2019-04-18,294.1300048828125,262700,0.007881363863810217
2019-04-22,293.489990234375,156000,-0.002175958378311302
2019-04-23,295.1400146484375,275500,0.005622080714728379
2019-04-24,293.7799987792969,194800,-0.004608036191773717
2019-04-25,298.8999938964844,183600,0.017427990804213707
2019-04-26,301.79998779296875,227400,0.00970222133055214
2019-04-29,299.239990234375,81200,-0.008482430954735089
2019-04-30,300.92999267578125,118200,0.005647649032746533
2019-05-01,297.0799865722656,114100,-0.01279369354075511
2019-05-02,302.20001220703125,154100,0.01723450204048048
2019-05-03,308.3599853515625,161700,0.020383762063884942
2019-05-06,306.29998779296875,228000,-0.006680495707784972
2019-05-07,297.69000244140625,133100,-0.028109649672536312
2019-05-08,296.510009765625,343500,-0.003963830380946386
2019-05-09,309.2799987792969,411100,0.043067648959864306
2019-05-10,311.1000061035156,395400,0.005884658986685759
2019-05-13,296.2799987792969,281100,-0.04763743823035327
2019-05-14,291.9700012207031,274600,-0.014547041907490784
2019-05-15,294.3500061035156,182100,0.008151539106284519
2019-05-16,299.260009765625,169100,0.016680834245957676
2019-05-17,296.7200012207031,197400,-0.008487631029990153
2019-05-20,292.8399963378906,152500,-0.013076317291892015
2019-05-21,294.3500061035156,182600,0.005156432811461621
2019-05-22,295.3500061035156,148700,0.003397316049819699
2019-05-23,293.9599914550781,113400,-0.00470633018355287
2019-05-24,293.3699951171875,89400,-0.0020070633931175154
2019-05-28,289.1199951171875,112000,-0.01448682575156442
2019-05-29,288.0799865722656,86600,-0.003597151917840666
2019-05-30,287.25,72400,-0.002881097649792554
2019-05-31,286.92999267578125,129200,-0.0011140376822236728
2019-06-03,288.239990234375,144700,0.004565565092646107
2019-06-04,291.79998779296875,196900,0.012350810710543768
2019-06-05,287.70001220703125,362200,-0.014050636591686292
2019-06-06,287.8699951171875,177600,0.0005908338649423794
2019-06-07,289.95001220703125,194900,0.007225543214384002
2019-06-10,291.6199951171875,399100,0.005759554543366745
2019-06-11,296.1400146484375,161400,0.015499690031315
2019-06-12,297.30999755859375,156500,0.003950776160881854
2019-06-13,298.739990234375,232800,0.004809769895139256
2019-06-14,298.42999267578125,112300,-0.0010376834997903794
2019-06-17,302.2099914550781,141100,0.012666283121896268
2019-06-18,307.2099914550781,208700,0.016544787205499203
2019-06-19,307.92999267578125,185200,0.002343677747240221
2019-06-20,309.07000732421875,95900,0.003702187755506553
2019-06-21,304.57000732421875,165700,-0.014559808112598377
2019-06-24,301.0,104600,-0.011721467112217752
2019-06-25,301.4700012207031,94400,0.0015614658495120431
2019-06-26,303.0199890136719,92700,0.0051414329342640615
2019-06-27,306.79998779296875,116500,0.012474420554237187
2019-06-28,312.5899963378906,161100,0.018872258068109906
2019-07-01,315.29998779296875,221000,0.008669475948772175
2019-07-02,314.6600036621094,143500,-0.002029762624918334
2019-07-03,319.1700134277344,72400,0.01433296165110318
2019-07-05,313.3299865722656,66000,-0.018297542406160387
2019-07-08,309.30999755859375,77200,-0.012829889209294416
2019-07-09,305.04998779296875,102400,-0.013772622285893007
2019-07-10,304.54998779296875,122900,-0.0016390756269734385
2019-07-11,310.4100036621094,168000,0.01924155673624334
2019-07-12,309.2300109863281,117100,-0.003801400283045348
2019-07-15,312.3500061035156,179700,0.010089561188566019
2019-07-16,309.3900146484375,107000,-0.009476521201338338
2019-07-17,308.5299987792969,130000,-0.002779714368344655
2019-07-18,310.05999755859375,178300,0.004958995187989291
2019-07-19,315.17999267578125,143000,0.01651291736277572
2019-07-22,311.6199951171875,121100,-0.011295125456316136
2019-07-23,316.1199951171875,82700,0.014440665138665876
2019-07-24,323.4800109863281,165900,0.023282348420928658
2019-07-25,319.6700134277344,146000,-0.011778154535659328
2019-07-26,324.3800048828125,141700,0.014733917030797388
2019-07-29,320.94000244140625,109700,-0.010604853534819467
2019-07-30,320.8900146484375,105200,-0.00015575432351371105
2019-07-31,314.8999938964844,209700,-0.0186668966889347
2019-08-01,310.3699951171875,328000,-0.014385515614795473
2019-08-02,336.0,546500,0.08257887452405084
2019-08-05,318.79998779296875,385000,-0.05119051252092634
2019-08-06,320.80999755859375,172000,0.0063049242239316405
2019-08-07,320.3500061035156,347900,-0.0014338438907101412
2019-08-08,331.6600036621094,189100,0.035305126714869225
2019-08-09,325.4599914550781,257100,-0.018693879691769336
2019-08-12,319.3699951171875,123900,-0.018711966133420126
2019-08-13,326.25,308200,0.021542427241131392
2019-08-14,315.8299865722656,332500,-0.031938738475814174
2019-08-15,319.1300048828125,347100,0.010448717508943033
2019-08-16,327.5,164300,0.026227540466654146
2019-08-19,330.95001220703125,312800,0.01053438841841603
2019-08-20,340.4800109863281,218200,0.02879588586730502
2019-08-21,344.20001220703125,346900,0.010925755112397774
2019-08-22,341.95001220703125,93900,-0.006536896920987492
2019-08-23,332.6700134277344,165700,-0.027138465998001966
2019-08-26,335.25,172000,0.007755392635729921
2019-08-27,334.70001220703125,155600,-0.0016405303295115585
2019-08-28,335.1099853515625,167700,0.0012248973097666277
2019-08-29,337.30999755859375,220600,0.006565045218581673
2019-08-30,337.7099914550781,100100,0.0011858346902833571
2019-09-03,333.3399963378906,122100,-0.01294008240134877
2019-09-04,335.20001220703125,161200,0.005579936070003484
2019-09-05,339.4800109863281,161400,0.012768492313339768
2019-09-06,335.5899963378906,250700,-0.011458744322339976
2019-09-09,335.4700012207031,187200,-0.0003575646428586693
2019-09-10,322.92999267578125,241500,-0.03738041702474583
2019-09-11,326.4200134277344,238100,0.010807360205334269
2019-09-12,335.8900146484375,197400,0.029011705260528316
2019-09-13,334.489990234375,314600,-0.004168103703612175
2019-09-16,334.1499938964844,108500,-0.0010164619205865974
2019-09-17,337.45001220703125,371500,0.009875859257292641
2019-09-18,338.3399963378906,191100,0.002637380645028262
2019-09-19,339.7300109863281,133300,0.0041083367721306335
2019-09-20,345.239990234375,415000,0.01621870034987464
2019-09-23,342.0199890136719,211800,-0.009326848892902426
2019-09-24,341.6199951171875,209200,-0.001169504442234181
2019-09-25,342.989990234375,245000,0.004010289610587765
2019-09-26,340.2099914550781,114700,-0.008105189242978261
2019-09-27,333.989990234375,312400,-0.018282829361066618
2019-09-30,332.739990234375,127700,-0.0037426271341929195
2019-10-01,327.2799987792969,153200,-0.01640918319205402
2019-10-02,327.1600036621094,310400,-0.00036664360069378816
2019-10-03,333.55999755859375,157600,0.019562274803903854
2019-10-04,339.3699951171875,173900,0.017418148462401147
2019-10-07,338.5199890136719,171700,-0.002504658973231002
2019-10-08,319.7300109863281,307600,-0.05550625852875375
2019-10-09,323.3299865722656,144800,0.011259423458035779
2019-10-10,324.2900085449219,315100,0.002969170854933002
2019-10-11,331.239990234375,261200,0.021431377798648357
2019-10-14,331.54998779296875,320800,0.0009358699665894974
2019-10-15,334.510009765625,135600,0.008927830136144024
2019-10-16,337.6000061035156,298200,0.009237380788860806
2019-10-17,343.45001220703125,241400,0.017328216817987508
2019-10-18,343.2699890136719,149700,-0.0005241612664461262
2019-10-21,345.55999755859375,173400,0.006671158616288672
2019-10-22,343.5400085449219,136600,-0.005845552228102914
2019-10-23,348.4800109863281,381000,0.01437970052550746
2019-10-24,340.6300048828125,218500,-0.022526417171811912
2019-10-25,345.6700134277344,188400,0.014796137958122032
2019-10-28,341.5,135600,-0.012063567176058089
2019-10-29,337.9200134277344,163600,-0.010483123198435213
2019-10-30,344.5,248300,0.019472023883760833
2019-10-31,331.6199951171875,308900,-0.037387532315856314
2019-11-01,352.3299865722656,488300,0.06245097328271672
2019-11-04,349.44000244140625,204300,-0.008202492665967325
2019-11-05,348.4100036621094,266500,-0.002947569746167181
2019-11-06,347.3299865722656,163200,-0.0030998452354748076
2019-11-07,345.4800109863281,121300,-0.00532627661721512
2019-11-08,352.45001220703125,188900,0.020174832114900426
2019-11-11,349.92999267578125,143400,-0.007150005515589897
2019-11-12,352.7200012207031,175900,0.007973047761890152
2019-11-13,351.9200134277344,176400,-0.002268053385688734
2019-11-14,354.1300048828125,183600,0.006279811805962946
2019-11-15,355.8900146484375,136900,0.0049699538061097545
2019-11-18,358.2799987792969,208600,0.006715513311662587
2019-11-19,364.1199951171875,122300,0.01630009031424639
2019-11-20,362.8399963378906,172200,-0.0035153213129230196
2019-11-21,360.2099914550781,226400,-0.007248387469289184
2019-11-22,362.17999267578125,296600,0.005469035472184575
2019-11-25,368.8299865722656,221600,0.0183610194681222
2019-11-26,371.4800109863281,999400,0.007184948378765497
2019-11-27,373.0400085449219,118200,0.0041994118457457565
2019-11-29,369.3800048828125,98700,-0.009811289883853392
2019-12-02,371.67999267578125,143200,0.00622661693260422
2019-12-03,371.5799865722656,162800,-0.0002690650707229779
2019-12-04,371.3599853515625,192500,-0.0005920696179914919
2019-12-05,369.0199890136719,432300,-0.006301153678890244
2019-12-06,374.20001220703125,195000,0.014037242825801124
2019-12-09,357.6099853515625,330500,-0.044334650759685415
2019-12-10,353.94000244140625,528300,-0.010262529181192548
2019-12-11,351.8800048828125,243300,-0.005820188575420425
2019-12-12,362.69000244140625,265300,0.030720692874247946
2019-12-13,354.6199951171875,121300,-0.022250426727774185
2019-12-16,366.8900146484375,407700,0.0346004729011269
2019-12-17,365.0899963378906,480500,-0.004906152358143882
2019-12-18,359.6600036621094,237700,-0.014873025090382904
2019-12-19,360.0199890136719,252700,0.001000904598501579
2019-12-20,372.7699890136719,385300,0.03541470026408954
2019-12-23,370.9100036621094,227600,-0.004989632766532292
2019-12-24,368.760009765625,122200,-0.005796537907462239
2019-12-26,367.54998779296875,90800,-0.0032813264470442738
2019-12-27,368.3500061035156,91300,0.002176624505827774
2019-12-30,369.6400146484375,147900,0.003502127116999016
2019-12-31,370.0299987792969,102200,0.0010550376458303267
