Date,Adj Close,Volume,LogReturn
2019-01-02,21.0,0,
2019-01-03,21.299999237060547,1258,0.014285677955264137
2019-01-04,22.0,3177,0.03286388676115535
2019-01-07,22.0,0,0.0
2019-01-08,21.899999618530273,1323,-0.004545471884987571
2019-01-09,22.5,658,0.027397278169906794
2019-01-10,22.399999618530273,928,-0.004444461398654514
2019-01-11,22.200000762939453,124,-0.008928520490927705
2019-01-14,21.899999618530273,1339,-0.013513564599060725
2019-01-15,21.600000381469727,1691,-0.0136985955381802
2019-01-16,21.899999618530273,6769,0.013888853322331935
2019-01-17,22.399999618530273,1033,0.02283105062599793
2019-01-18,22.799999237060547,1718,0.017857126131349394
2019-01-22,22.200000762939453,134,-0.026315723429754273
2019-01-23,22.700000762939453,662,0.02252252174849908
2019-01-24,22.700000762939453,0,0.0
2019-01-25,22.600000381469727,637,-0.004405303000385335
2019-01-28,22.299999237060547,336,-0.01327438669669925
2019-01-29,22.399999618530273,2754,0.0044843221924212055
2019-01-30,22.600000381469727,74,0.00892860564042169
2019-01-31,22.200000762939453,285,-0.017699097866309885
2019-02-01,22.399999618530273,645,0.009008957149438354
2019-02-04,22.700000762939453,503,0.013392908460632536
2019-02-05,22.799999237060547,808,0.004405218976219313
2019-02-06,22.700000762939453,143,-0.004385898134529319
2019-02-07,23.700000762939453,5325,0.04405286195552131
2019-02-08,23.700000762939453,3685,0.0
2019-02-11,22.799999237060547,2435,-0.037974746704914505
2019-02-12,23.600000381469727,428,0.03508777066574668
2019-02-13,24.5,4818,0.03813557643994515
2019-02-14,23.5,3315,-0.04081632653061224
2019-02-15,23.0,4544,-0.02127659574468085
2019-02-19,23.200000762939453,473,0.008695685345193615
2019-02-20,23.0,743,-0.008620722256998448
2019-02-21,23.0,2512,0.0
2019-02-22,22.799999237060547,3665,-0.008695685345193615
2019-02-25,22.399999618530273,1730,-0.017543843505051043
2019-02-26,22.799999237060547,5,0.017857126131349394
2019-02-27,22.399999618530273,50,-0.017543843505051043
2019-02-28,22.5,262,0.004464302820210845
2019-03-01,22.399999618530273,600,-0.004444461398654514
2019-03-04,22.700000762939453,346,0.013392908460632536
2019-03-05,22.5,1289,-0.00881060600077067
2019-03-06,22.799999237060547,26,0.013333299424913195
2019-03-07,22.799999237060547,25,0.0
2019-03-08,22.799999237060547,97,0.0
2019-03-11,22.899999618530273,670,0.004385981790173909
2019-03-12,22.899999618530273,826,0.0
2019-03-13,22.799999237060547,372,-0.004366828957883826
2019-03-14,22.899999618530273,270,0.004385981790173909
2019-03-15,22.799999237060547,224,-0.004366828957883826
2019-03-18,22.899999618530273,2071,0.004385981790173909
2019-03-19,22.299999237060547,2105,-0.026200890456968256
2019-03-20,21.799999237060547,2460,-0.022421525430774275
2019-03-21,22.200000762939453,2958,0.018348694489809594
2019-03-22,22.0,8616,-0.009009043066040483
2019-03-25,22.0,4002,0.0
2019-03-26,22.0,3997,0.0
2019-03-27,21.600000381469727,5015,-0.018181800842285156
2019-03-28,21.5,3190,-0.004629647208502606
2019-03-29,21.899999618530273,149,0.018604633420012718
2019-04-01,21.799999237060547,4023,-0.004566227543908865
2019-04-02,21.700000762939453,550,-0.004587086129392786
2019-04-03,22.200000762939453,290,0.02304147384427422
2019-04-04,22.0,1291,-0.009009043066040483
2019-04-05,22.0,168,0.0
2019-04-08,22.200000762939453,3073,0.009090943769975142
2019-04-09,21.899999618530273,312,-0.013513564599060725
2019-04-10,22.200000762939453,824,0.013698682631726593
2019-04-11,22.0,838,-0.009009043066040483
2019-04-12,22.0,361,0.0
2019-04-15,22.0,1192,0.0
2019-04-16,22.100000381469727,440,0.004545471884987571
2019-04-17,22.200000762939453,7685,0.004524904060796952
2019-04-18,22.200000762939453,0,0.0
2019-04-22,22.5,320,0.013513478682458597
2019-04-23,22.5,100,0.0
2019-04-24,22.700000762939453,17128,0.008888922797309028
2019-04-25,22.5,89,-0.00881060600077067
2019-04-26,22.5,0,0.0
2019-04-30,22.299999237060547,100,-0.008888922797309028
2019-05-01,22.299999237060547,0,0.0
2019-05-02,22.5,480,0.008968644384842411
2019-05-03,22.399999618530273,459,-0.004444461398654514
2019-05-06,22.299999237060547,93,-0.004464302820210845
2019-05-07,22.200000762939453,430,-0.004484236661089454
2019-05-08,22.200000762939453,1899,0.0
2019-05-09,22.200000762939453,1033,0.0
2019-05-10,22.200000762939453,169,0.0
2019-05-13,22.200000762939453,576,0.0
2019-05-14,21.799999237060547,1301,-0.018018086132080967
2019-05-15,21.799999237060547,550,0.0
2019-05-16,21.899999618530273,565,0.004587173622452399
2019-05-17,22.399999618530273,320,0.02283105062599793
2019-05-20,22.0,870,-0.017857126131349394
2019-05-21,21.899999618530273,2943,-0.004545471884987571
2019-05-22,21.700000762939453,470,-0.009132367994271334
2019-05-23,22.100000381469727,6504,0.01843316149616992
2019-05-24,22.399999618530273,1576,0.013574625877024347
2019-05-28,22.399999618530273,4142,0.0
2019-05-29,22.399999618530273,4587,0.0
2019-05-30,22.399999618530273,3871,0.0
2019-05-31,22.799999237060547,4280,0.017857126131349394
2019-06-03,22.700000762939453,2023,-0.004385898134529319
2019-06-04,22.799999237060547,885,0.004405218976219313
2019-06-05,22.899999618530273,2290,0.004385981790173909
2019-06-06,22.200000762939453,3058,-0.030567636124517385
2019-06-07,22.100000381469727,1990,-0.004504521533020242
2019-12-09,25.899999618530273,433,0.1719456638673521
