Date,Adj Close,Volume,LogReturn
2019-01-02,58.1578483581543,5735400,
2019-01-03,57.056724548339844,4727300,-0.018933365674627212
2019-01-04,58.497371673583984,7700100,0.025249383602866816
2019-01-07,58.24043655395508,6272200,-0.004392250664912044
2019-01-08,59.02040100097656,5774900,0.013392146301975433
2019-01-09,60.97489929199219,8350300,0.033115638963267725
2019-01-10,62.34213638305664,8811100,0.022422949556950098
2019-01-11,60.91984558105469,6018300,-0.022814277541962833
2019-01-14,60.2041130065918,4972000,-0.011748758842643463
2019-01-15,60.589508056640625,4504100,0.006401473766528724
2019-01-16,60.24999237060547,5402300,-0.005603539241773811
2019-01-17,61.53462600708008,5997400,0.021321722807409873
2019-01-18,62.30543518066406,6073800,0.012526429810352568
2019-01-22,60.332576751708984,6915500,-0.03166430702609613
2019-01-23,60.43351745605469,5938700,0.0016730713286308276
2019-01-24,60.672088623046875,5789900,0.003947663102113306
2019-01-25,61.47040557861328,4504500,0.013157894736842105
2019-01-28,59.96553039550781,5942800,-0.024481295819350237
2019-01-29,59.919654846191406,5308800,-0.0007650319944446438
2019-01-30,60.27751922607422,8087400,0.00597240389320365
2019-01-31,62.11273193359375,9927700,0.03044605569510024
2019-02-01,63.021156311035156,7486400,0.014625413327699465
2019-02-04,64.16815185546875,5593100,0.01820016660393697
2019-02-05,63.55338668823242,4483900,-0.009580534103912089
2019-02-06,63.415733337402344,4071300,-0.0021659483153171773
2019-02-07,61.9200325012207,6230300,-0.02358564282815732
2019-02-08,61.07661437988281,6554900,-0.013621086541278275
2019-02-11,61.519065856933594,5200400,0.007244204374178839
2019-02-12,62.17352294921875,3958000,0.010638280721087945
2019-02-13,62.47771072387695,5839800,0.004892561338476082
2019-02-14,63.6944465637207,5442800,0.01947471867561167
2019-02-15,64.6899642944336,5173500,0.015629584436642564
2019-02-19,64.05394744873047,5189600,-0.009831769929696076
2019-02-20,65.1231918334961,5837100,0.016692872607444852
2019-02-21,64.7452621459961,5984300,-0.005803304120385757
2019-02-22,64.49639892578125,5225500,-0.0038437286678008097
2019-02-25,63.83271408081055,5160900,-0.010290262030511711
2019-02-26,63.52853775024414,4689900,-0.004765210675224102
2019-02-27,63.805057525634766,5355700,0.004352685976776828
2019-02-28,62.542232513427734,8154300,-0.0197919265522121
2019-03-01,63.53773880004883,7372600,0.015917344914212327
2019-03-04,64.43187713623047,6625800,0.01407255519425179
2019-03-05,63.61148452758789,7635500,-0.012732713139925982
2019-03-06,62.94780731201172,7296300,-0.01043329236072677
2019-03-07,62.63441467285156,6964300,-0.004978610892779335
2019-03-08,60.31154251098633,8068800,-0.03708619572798637
2019-03-11,60.71711730957031,8703500,0.006724663003107656
2019-03-12,60.49589157104492,11790200,-0.0036435481183577324
2019-03-13,62.08135223388672,8324800,0.026207741082381934
2019-03-14,61.77716064453125,7315500,-0.004899886655326874
2019-03-15,62.30256652832031,16733200,0.00850485646001559
2019-03-18,62.321006774902344,7712200,0.00029597892365556134
2019-03-19,62.08135223388672,6456400,-0.0038454857104801726
2019-03-20,62.256492614746094,7117300,0.0028211431381125057
2019-03-21,62.8095588684082,5580900,0.008883671894023627
2019-03-22,60.9014778137207,5182100,-0.030378832283874262
2019-03-25,61.8232421875,8070000,0.015135336725304052
2019-03-26,63.19668960571289,7245200,0.022215713211019318
2019-03-27,62.59754180908203,5015600,-0.009480683250483065
2019-03-28,62.10899353027344,5122100,-0.007804592076452948
2019-03-29,61.519065856933594,6810900,-0.009498264901882505
2019-04-01,62.39474868774414,5309000,0.014234332375055916
2019-04-02,61.159576416015625,5833000,-0.019796093384556474
2019-04-03,60.385284423828125,5490800,-0.01266019219820396
2019-04-04,60.06267166137695,6397900,-0.0053425725411317
2019-04-05,60.947566986083984,8337800,0.014732866524751337
2019-04-08,61.34393310546875,5705200,0.006503395278687121
2019-04-09,60.5604248046875,4707300,-0.012772384506780199
2019-04-10,61.731075286865234,6629000,0.01933028848382721
2019-04-11,61.178009033203125,9486900,-0.008959284300362535
2019-04-12,62.09978103637695,9913100,0.015067048073982844
2019-04-15,61.15034866333008,7284800,-0.015288819979747018
2019-04-16,60.68946838378906,7790500,-0.007536838131184539
2019-04-17,60.63417434692383,7907100,-0.0009110977297669677
2019-04-18,60.74477767944336,6033400,0.0018241088249458866
2019-04-22,61.721866607666016,9061600,0.01608515111173603
2019-04-23,61.25174331665039,8133500,-0.007616802874805385
2019-04-24,59.63864517211914,7624600,-0.026335546666681614
2019-04-25,58.965755462646484,7305000,-0.01128277994127254
2019-04-26,57.86884689331055,9216800,-0.018602467834585874
2019-04-29,57.74901580810547,6769300,-0.002070735665875696
2019-04-30,58.1822509765625,9358300,0.007502035530728884
2019-05-01,57.767452239990234,12032000,-0.007129300252397567
2019-05-02,56.49541091918945,12614200,-0.022020035010652503
2019-05-03,57.15908432006836,6883800,0.011747386028012416
2019-05-06,57.03925704956055,7402400,-0.0020963819125727587
2019-05-07,56.22809600830078,6452200,-0.014221101101561686
2019-05-08,56.624454498291016,4809000,0.007049118112264039
2019-05-09,56.725852966308594,7799800,0.001790718672983215
2019-05-10,57.36040115356445,6411500,0.011186225575713053
2019-05-13,56.68416213989258,6280300,-0.011789300633750058
2019-05-14,57.730953216552734,5259000,0.018467082111520827
2019-05-15,57.47157287597656,6316300,-0.004492916297488083
2019-05-16,57.962547302246094,5312500,0.008542909158394747
2019-05-17,57.527156829833984,4906100,-0.007511582783651016
2019-05-20,57.85137939453125,4794800,0.005635991461499129
2019-05-21,58.93523025512695,5855300,0.018735091054685564
2019-05-22,58.407196044921875,5156300,-0.008959568121126376
2019-05-23,55.11860656738281,8896800,-0.05630452581578745
2019-05-24,55.47062683105469,6070700,0.006386595844753953
2019-05-28,55.62811279296875,5685800,0.0028390874758584036
2019-05-29,55.71148681640625,6828300,0.0014987749763827735
2019-05-30,54.60911560058594,5817900,-0.019787144066951732
2019-05-31,54.618377685546875,6939500,0.00016960693941064524
2019-06-03,55.04450225830078,6541500,0.007801853347003886
2019-06-04,54.7480583190918,7260500,-0.005385532197528051
2019-06-05,52.87681198120117,11839200,-0.034179227452858944
2019-06-06,53.91434097290039,7370600,0.019621625298970033
2019-06-07,54.618377685546875,5893000,0.013058431206649873
2019-06-10,54.89628601074219,5268400,0.005088183446152643
2019-06-11,54.405311584472656,5280300,-0.008943672913928214
2019-06-12,54.23857116699219,5677400,-0.003064781960150683
2019-06-13,54.71101379394531,5174200,0.008710454880873375
2019-06-14,54.488677978515625,3590500,-0.004063821889081731
2019-06-17,54.66469192504883,4575000,0.0032302847685642838
2019-06-18,55.424312591552734,4980000,0.01389600196678009
2019-06-19,55.257568359375,4469100,-0.0030085033874312408
2019-06-20,56.23025131225586,9437900,0.017602710031590342
2019-06-21,55.88749313354492,9147100,-0.006095618829934528
2019-06-24,56.06350326538086,3701800,0.0031493653046014386
2019-06-25,55.36872863769531,5024000,-0.01239263669265865
2019-06-26,58.129295349121094,9509900,0.04985786705505774
2019-06-27,56.758277893066406,6004700,-0.023585654149434258
2019-06-28,56.50815963745117,6108800,-0.004406727351496844
2019-07-01,57.66611099243164,6272200,0.020491754861770944
2019-07-02,55.67443084716797,8132300,-0.03453813879567965
2019-07-03,56.04497146606445,4881900,0.006655490020430679
2019-07-05,55.48915481567383,4584300,-0.00991733309610435
2019-07-08,55.479888916015625,7176000,-0.00016698577747278678
2019-07-09,55.479888916015625,6057000,0.0
2019-07-10,56.702693939208984,5983900,0.022040509580767507
2019-07-11,56.93428039550781,4194600,0.004084223168428509
2019-07-12,57.21218490600586,4806300,0.004881145569374298
2019-07-15,56.183929443359375,5051000,-0.017972665514100004
2019-07-16,55.350196838378906,6011300,-0.01483934308690492
2019-07-17,55.377986907958984,7055900,0.0005020771590248249
2019-07-18,55.878231048583984,5711600,0.00903326698127238
2019-07-19,56.1715202331543,5136000,0.0052487199230646505
2019-07-22,56.2739372253418,3320500,0.0018232903749514347
2019-07-23,56.12495803833008,4431900,-0.0026473922806422912
2019-07-24,55.93875503540039,4405000,-0.00331765063953405
2019-07-25,54.970436096191406,5019300,-0.01731034125797386
2019-07-26,54.7004280090332,6704100,-0.004911878208237654
2019-07-29,54.17901611328125,6597500,-0.009532135574256338
2019-07-30,55.40803909301758,5927800,0.022684483180104294
2019-07-31,55.0076789855957,8268500,-0.007225668223879225
2019-08-01,54.746978759765625,7924200,-0.004739342408872496
2019-08-02,52.57758331298828,7697700,-0.03962584778051104
2019-08-05,50.91096115112305,7474600,-0.03169834094397274
2019-08-06,50.491981506347656,6166900,-0.008229654976100335
2019-08-07,49.64470291137695,9289600,-0.016780458395442188
2019-08-08,51.27408218383789,7444800,0.03282080820122174
2019-08-09,50.28714370727539,5391700,-0.019248291427702884
2019-08-12,49.45848846435547,4726100,-0.01647847107291629
2019-08-13,50.156795501708984,6461800,0.014119053352323588
2019-08-14,48.210853576660156,7851800,-0.03879717405356418
2019-08-15,47.40082931518555,6069800,-0.01680169923120296
2019-08-16,47.9222297668457,5273200,0.010999817074785187
2019-08-19,50.22196960449219,9315400,0.04798899902686761
2019-08-20,49.07675552368164,5297700,-0.02280304993669765
2019-08-21,49.00226974487305,6044600,-0.0015177404865863873
2019-08-22,48.65776443481445,4316200,-0.007030394956238497
2019-08-23,46.94459915161133,7133400,-0.03520846679049976
2019-08-26,47.82912063598633,4989100,0.01884181567976259
2019-08-27,47.46600341796875,5342100,-0.007591969352335762
2019-08-28,48.369140625,4880300,0.019027032865576332
2019-08-29,48.685707092285156,6401900,0.0065448023924894
2019-08-30,48.583290100097656,5131500,-0.002103635713729404
2019-09-03,48.45293426513672,5142300,-0.0026831413577047035
2019-09-04,49.6260871887207,5803100,0.024212216274961527
2019-09-05,49.756431579589844,6014500,0.0026265296793087896
2019-09-06,49.93334197998047,4635000,0.003555528296028244
2019-09-09,51.18097686767578,6176800,0.024986008110482984
2019-09-10,52.43791961669922,8567700,0.024558787775254075
2019-09-11,53.257266998291016,7940300,0.015625093206994237
2019-09-12,52.46585464477539,5712300,-0.014860175861840992
2019-09-13,53.38761520385742,7885300,0.01756877049507515
2019-09-16,58.21987533569336,17898000,0.09051275494108962
2019-09-17,57.000179290771484,13487100,-0.020949822339693426
2019-09-18,55.873573303222656,7412500,-0.01976495515569772
2019-09-19,55.836334228515625,6270700,-0.0006664881536202624
2019-09-20,56.627742767333984,18124800,0.014173719492032607
2019-09-23,56.03185272216797,6729300,-0.010522934802722844
2019-09-24,55.2125129699707,9370200,-0.014622749603871459
2019-09-25,55.38010787963867,5788200,0.0030354515788680227
2019-09-26,53.70417785644531,6655400,-0.030262310554464274
2019-09-27,53.90901565551758,4329300,0.0038141874105178577
2019-09-30,53.05242919921875,5923700,-0.01588948427054347
2019-10-01,51.348575592041016,6329000,-0.03211641074491694
2019-10-02,49.41194152832031,6135600,-0.03771543886839345
2019-10-03,49.96127700805664,4238200,0.011117463972175189
2019-10-04,49.81229782104492,5148300,-0.00298189309668155
2019-10-07,50.83647918701172,8158600,0.02056081350927152
2019-10-08,50.184730529785156,6968700,-0.012820491655784822
2019-10-09,51.153045654296875,5632100,0.019295014923653195
2019-10-10,52.028255462646484,5426500,0.017109632420803694
2019-10-11,52.540348052978516,6810600,0.009842586221244462
2019-10-14,52.261024475097656,4402900,-0.0053163632947236346
2019-10-15,52.09342575073242,6226000,-0.003206954437816179
2019-10-16,51.23036193847656,5190700,-0.016567614815459222
2019-10-17,51.155311584472656,4364300,-0.0014649584965656798
2019-10-18,50.6112060546875,5160400,-0.010636344749590196
2019-10-21,52.4968147277832,6734100,0.037256742529672676
2019-10-22,53.040924072265625,6187300,0.010364616354417778
2019-10-23,52.76886749267578,5252400,-0.005129182501028454
2019-10-24,52.68444061279297,4552100,-0.0015999373095230969
2019-10-25,52.86267852783203,3046000,0.0033831224734648187
2019-10-28,52.23414611816406,7574600,-0.011889908479326269
2019-10-29,53.556884765625,8699200,0.02532325587305742
2019-10-30,51.633750915527344,7907800,-0.03590824706316754
2019-10-31,51.78384780883789,6346400,0.0029069531197937746
2019-11-01,53.61317443847656,6483600,0.03532620125857976
2019-11-04,54.41056823730469,5667900,0.01487309429407447
2019-11-05,54.888999938964844,7545200,0.008792992191765724
2019-11-06,54.0634651184082,5464900,-0.015040077638044309
2019-11-07,55.855262756347656,9492200,0.03314248603960384
2019-11-08,55.498779296875,4769000,-0.0063822716406815895
2019-11-11,55.264251708984375,3716200,-0.004225815249666773
2019-11-12,54.62632751464844,4939900,-0.011543161711393071
2019-11-13,53.99779510498047,4644200,-0.011506034512377266
2019-11-14,53.70698547363281,3971200,-0.005385583444329073
2019-11-15,54.64509582519531,4261900,0.01746719431912746
2019-11-18,53.19101333618164,5793300,-0.026609569752885958
2019-11-19,53.631927490234375,6588000,0.008289260279100857
2019-11-20,55.686397552490234,10097500,0.038306847402229754
2019-11-21,56.48379898071289,10527300,0.014319501049983028
2019-11-22,56.1929817199707,6575300,-0.00514868450759643
2019-11-25,57.27180862426758,7721200,0.019198605791610188
2019-11-26,56.389991760253906,8151100,-0.01539704935457587
2019-11-27,56.60574722290039,5998400,0.00382613041625869
2019-11-29,56.23050308227539,2707100,-0.0066290820108314275
2019-12-02,56.63389587402344,7171500,0.00717391397259616
2019-12-03,55.245487213134766,6110000,-0.024515506826107304
2019-12-04,56.8778076171875,8036700,0.029546674061454302
2019-12-05,56.13669204711914,5047000,-0.013029960209725223
2019-12-06,58.13488006591797,8311100,0.035595043917472376
2019-12-09,58.003543853759766,5256500,-0.0022591637242440963
2019-12-10,57.937870025634766,4630200,-0.0011322382006619938
2019-12-11,57.86281967163086,3959200,-0.0012953592179122226
2019-12-12,58.71650314331055,5162700,0.014753575379221172
2019-12-13,58.819705963134766,6965000,0.0017576458797679004
2019-12-16,58.93227005004883,5590000,0.0019137138663122867
2019-12-17,59.588951110839844,6211100,0.011142979224002784
2019-12-18,59.28874969482422,5598400,-0.005037870451138303
2019-12-19,59.27937316894531,5197100,-0.00015815017060015352
2019-12-20,59.77657699584961,11008000,0.008387467686057906
2019-12-23,60.60211181640625,7019800,0.013810339468149187
2019-12-24,60.66778564453125,3188400,0.0010836887718361776
2019-12-26,60.97735595703125,4835200,0.00510271323093701
2019-12-27,60.958595275878906,5414300,-0.0003076663600429607
2019-12-30,60.61149978637695,3665200,-0.005693954854620765
2019-12-31,61.00550079345703,3639800,0.0065004332258518675
