Date,Adj Close,Volume,LogReturn
2019-01-02,37045.5,110099,
2019-01-03,36000.0,139678,-0.028222051261286796
2019-01-04,36409.1015625,80058,0.011363932291666667
2019-01-07,36500.0,42735,0.002496585567868611
2019-01-08,36409.1015625,39820,-0.0024903681506849313
2019-01-09,37090.8984375,55957,0.018726001075023094
2019-01-10,37318.19921875,114070,0.006128209097792901
2019-01-11,38090.8984375,96536,0.020705694136542586
2019-01-14,38000.0,30294,-0.002386355828522849
2019-01-15,38818.19921875,110550,0.021531558388157894
2019-01-16,39090.8984375,139139,0.007025035273101504
2019-01-17,38727.30078125,178464,-0.009301337927326833
2019-01-18,38681.80078125,53394,-0.0011748817780254139
2019-01-22,39545.5,426217,0.02232830947127611
2019-01-23,39454.5,62084,-0.002301146780291057
2019-01-24,39136.3984375,46167,-0.008062491287432359
2019-01-25,38909.1015625,59191,-0.005807812779783206
2019-01-28,38136.3984375,93962,-0.019859187027456822
2019-01-29,38000.0,72809,-0.003576594620583723
2019-01-30,38181.80078125,100848,0.004784231085526316
2019-01-31,39045.5,184052,0.022620704133319406
2019-02-01,39045.5,49093,0.0
2019-02-04,39045.5,0,0.0
2019-02-11,39090.8984375,105930,0.001162706009655402
2019-02-12,39090.8984375,165858,0.0
2019-02-13,40409.1015625,528242,0.03372148448078247
2019-02-14,40545.5,261734,0.0033754385083032616
2019-02-15,40090.8984375,113784,-0.01121213359065741
2019-02-19,40000.0,310684,-0.0022673085673474438
2019-02-20,40000.0,0,0.0
2019-02-21,40363.6015625,156772,0.0090900390625
2019-02-22,40363.6015625,148786,0.0
2019-02-25,40363.6015625,110704,0.0
2019-02-26,40909.1015625,478082,0.013514651291841099
2019-02-27,40772.69921875,102663,-0.0033342786455871584
2019-02-28,40000.0,206943,-0.018951387412552305
2019-03-01,39545.5,299101,-0.0113625
2019-03-04,39818.19921875,420387,0.006895834386971969
2019-03-05,39363.6015625,137841,-0.011416831126705862
2019-03-06,39409.1015625,65252,0.0011558901674115583
2019-03-07,40272.69921875,398299,0.02191366009398606
2019-03-08,39545.5,132154,-0.018056878055281517
2019-03-11,39954.5,96503,0.010342516847681784
2019-03-12,40045.5,164032,0.0022775907594889187
2019-03-13,39909.1015625,169202,-0.0034060865140902222
2019-03-14,40000.0,255090,0.002277636778108064
2019-03-15,39363.6015625,138743,-0.0159099609375
2019-03-18,40090.8984375,218636,0.018476380364871498
2019-03-19,39363.6015625,129811,-0.018141196714107688
2019-03-20,39181.80078125,105864,-0.00461849968076076
2019-03-21,37727.30078125,164945,-0.0371218262305094
2019-03-22,37636.3984375,188408,-0.0024094579221839623
2019-03-25,36454.5,225533,-0.031403069543508313
2019-03-26,36636.3984375,172370,0.004989738921120849
2019-03-27,37000.0,69278,0.009924598978261671
2019-03-28,37909.1015625,114565,0.0245703125
2019-03-29,37545.5,29766,-0.009591405428074764
2019-04-01,37590.8984375,67507,0.0012091578884287065
2019-04-02,36636.3984375,144518,-0.02539178470519896
2019-04-03,36545.5,142208,-0.00248109643351184
2019-04-04,36454.5,99913,-0.0024900466541708283
2019-04-05,37136.3984375,129107,0.018705466746217887
2019-04-08,37136.3984375,114543,0.0
2019-04-09,36727.30078125,144771,-0.011016083235387115
2019-04-10,36954.5,191521,0.006186112616966113
2019-04-11,36909.1015625,61138,-0.0012284955147546307
2019-04-12,36772.69921875,50193,-0.0036956289363755763
2019-04-15,36772.69921875,0,0.0
2019-04-16,36227.30078125,131076,-0.014831612829278175
2019-04-17,35727.30078125,129470,-0.013801745899291033
2019-04-18,35000.0,221540,-0.020357003337674304
2019-04-22,35000.0,45463,0.0
2019-04-23,34545.5,94391,-0.012985714285714286
2019-04-24,35000.0,39325,0.01315656163610311
2019-04-25,35045.5,136906,0.0013
2019-04-26,34727.30078125,135179,-0.009079602766403676
2019-04-29,34727.30078125,0,0.0
2019-05-02,33909.1015625,197120,-0.023560691454366157
2019-05-03,33909.1015625,45617,0.0
2019-05-06,32545.5,193138,-0.040213438270744514
2019-05-07,32727.30078125,52734,0.005586049722695918
2019-05-08,32909.1015625,59895,0.005555019109738393
2019-05-09,33409.1015625,51238,0.015193365247313564
2019-05-10,33409.1015625,112640,0.0
2019-05-13,33409.1015625,112739,0.0
2019-05-14,34045.5,45056,0.019048654640097373
2019-05-15,34545.5,143363,0.014686228723326138
2019-05-16,34272.69921875,43021,-0.007896854329796935
2019-05-17,34272.69921875,63811,0.0
2019-05-20,34727.30078125,64053,0.013264247429081843
2019-05-21,34636.3984375,111067,-0.0026176046426009615
2019-05-22,34818.19921875,131461,0.005248836179606036
2019-05-23,34454.5,77099,-0.010445664247740412
2019-05-24,34363.6015625,85855,-0.0026382167060906413
2019-05-28,34500.0,54725,0.003969270719540866
2019-05-29,34818.19921875,274153,0.009223165760869565
2019-05-30,34545.5,98659,-0.00783208853038983
2019-05-31,34545.5,103521,0.0
2019-06-03,31800.0,103790,-0.07947489542776917
2019-06-04,32450.0,54810,0.020440251572327043
2019-06-05,32400.0,29790,-0.0015408320493066256
2019-06-06,31850.0,29080,-0.016975308641975308
2019-06-07,32200.0,35400,0.01098901098901099
2019-06-10,32200.0,17700,0.0
2019-06-11,33000.0,119500,0.024844720496894408
2019-06-12,32600.0,30590,-0.012121212121212121
2019-06-13,32200.0,36280,-0.012269938650306749
2019-06-14,31650.0,42430,-0.017080745341614908
2019-06-17,31550.0,45860,-0.00315955766192733
2019-06-18,31300.0,82810,-0.00792393026941363
2019-06-19,31300.0,91400,0.0
2019-06-20,31900.0,39060,0.019169329073482427
2019-06-21,31800.0,24530,-0.003134796238244514
2019-06-24,31500.0,39070,-0.009433962264150943
2019-06-25,31300.0,52270,-0.006349206349206349
2019-06-26,31500.0,49890,0.006389776357827476
2019-06-27,31150.0,79430,-0.011111111111111112
2019-06-28,30650.0,124860,-0.016051364365971106
2019-07-01,31200.0,100970,0.01794453507340946
2019-07-02,31000.0,109120,-0.00641025641025641
2019-07-03,30900.0,46210,-0.0032258064516129032
2019-07-05,30900.0,0,0.0
2019-07-17,31400.0,259210,0.016181229773462782
2019-07-18,31050.0,109240,-0.011146496815286623
2019-07-19,31150.0,81070,0.00322061191626409
2019-07-22,31000.0,127230,-0.004815409309791332
2019-07-23,31100.0,98990,0.0032258064516129032
2019-07-24,30850.0,150650,-0.008038585209003215
2019-07-25,30850.0,0,0.0
2019-07-31,27950.0,259310,-0.0940032414910859
2019-08-01,27350.0,231020,-0.02146690518783542
2019-08-02,27900.0,164140,0.02010968921389397
2019-08-05,27700.0,57640,-0.007168458781362007
2019-08-06,27700.0,0,0.0
2019-08-07,26750.0,120670,-0.03429602888086643
2019-08-08,28600.0,472550,0.0691588785046729
2019-08-09,28600.0,0,0.0
2019-08-12,29000.0,152450,0.013986013986013986
2019-08-13,28000.0,271140,-0.034482758620689655
2019-08-14,28100.0,205990,0.0035714285714285713
2019-08-15,28700.0,118960,0.021352313167259787
2019-08-16,28700.0,0,0.0
2019-08-21,28800.0,171410,0.003484320557491289
2019-08-22,28500.0,127370,-0.010416666666666666
2019-08-23,29500.0,253860,0.03508771929824561
2019-08-26,29900.0,268460,0.013559322033898305
2019-08-27,29850.0,154950,-0.0016722408026755853
2019-08-28,29050.0,193580,-0.02680067001675042
2019-08-29,28400.0,216310,-0.022375215146299483
2019-08-30,28400.0,0,0.0
2019-09-04,29600.0,266200,0.04225352112676056
2019-09-05,29300.0,131310,-0.010135135135135136
2019-09-06,29350.0,66330,0.0017064846416382253
2019-09-09,29150.0,93290,-0.0068143100511073255
2019-09-10,28200.0,286460,-0.032590051457975985
2019-09-11,27850.0,122840,-0.012411347517730497
2019-09-12,28550.0,145240,0.025134649910233394
2019-09-13,28550.0,124370,0.0
2019-09-16,28150.0,81120,-0.014010507880910683
2019-09-17,28300.0,71320,0.0053285968028419185
2019-09-18,28300.0,77680,0.0
2019-09-19,28200.0,105070,-0.0035335689045936395
2019-09-20,28000.0,188310,-0.0070921985815602835
2019-09-23,27900.0,90220,-0.0035714285714285713
2019-09-24,27900.0,106870,0.0
2019-09-25,28000.0,50680,0.0035842293906810036
2019-09-26,27500.0,174520,-0.017857142857142856
2019-09-27,27500.0,141150,0.0
2019-09-30,27500.0,111730,0.0
2019-10-01,27600.0,35980,0.0036363636363636364
2019-10-02,27000.0,151380,-0.021739130434782608
2019-10-03,27200.0,37550,0.007407407407407408
2019-10-04,27050.0,63630,-0.0055147058823529415
2019-10-07,27000.0,88860,-0.0018484288354898336
2019-10-08,26400.0,92630,-0.022222222222222223
2019-10-09,26600.0,40750,0.007575757575757576
2019-10-10,26800.0,45550,0.007518796992481203
2019-10-11,26600.0,60120,-0.007462686567164179
2019-10-14,26500.0,81530,-0.0037593984962406013
2019-10-15,26050.0,198160,-0.016981132075471698
2019-10-16,26400.0,300660,0.013435700575815739
2019-10-17,25900.0,159440,-0.01893939393939394
2019-10-18,25900.0,33320,0.0
2019-10-21,25900.0,41520,0.0
2019-10-22,25350.0,159330,-0.021235521235521235
2019-10-23,25500.0,74990,0.005917159763313609
2019-10-24,25600.0,41020,0.00392156862745098
2019-10-25,26350.0,193030,0.029296875
2019-10-28,26100.0,89250,-0.009487666034155597
2019-10-29,25750.0,144430,-0.013409961685823755
2019-10-30,25800.0,121620,0.001941747572815534
2019-10-31,25600.0,102110,-0.007751937984496124
2019-11-01,25700.0,74540,0.00390625
2019-11-04,25650.0,146300,-0.0019455252918287938
2019-11-05,25700.0,50700,0.001949317738791423
2019-11-06,26150.0,131040,0.017509727626459144
2019-11-07,26150.0,134580,0.0
2019-11-08,25800.0,96890,-0.01338432122370937
2019-11-11,25600.0,139770,-0.007751937984496124
2019-11-12,25550.0,73390,-0.001953125
2019-11-13,25500.0,117390,-0.0019569471624266144
2019-11-14,25500.0,92020,0.0
2019-11-15,24300.0,125190,-0.047058823529411764
2019-11-18,24600.0,302490,0.012345679012345678
2019-11-19,24900.0,172870,0.012195121951219513
2019-11-20,24750.0,77960,-0.006024096385542169
2019-11-21,24600.0,98530,-0.006060606060606061
2019-11-22,26300.0,227760,0.06910569105691057
2019-11-25,25100.0,78870,-0.045627376425855515
2019-11-26,24550.0,132650,-0.021912350597609563
2019-11-27,24350.0,44040,-0.008146639511201629
2019-11-29,24200.0,91470,-0.006160164271047228
2019-12-02,23800.0,75130,-0.01652892561983471
2019-12-06,23950.0,14840,0.0063025210084033615
2019-12-09,24100.0,50240,0.006263048016701462
2019-12-10,24600.0,48810,0.02074688796680498
2019-12-11,25450.0,148640,0.034552845528455285
2019-12-12,25950.0,75600,0.019646365422396856
2019-12-13,25600.0,104590,-0.01348747591522158
2019-12-16,25850.0,58940,0.009765625
2019-12-17,25500.0,32120,-0.013539651837524178
2019-12-18,26050.0,228680,0.021568627450980392
2019-12-19,26000.0,118630,-0.0019193857965451055
2019-12-20,25950.0,126380,-0.0019230769230769232
2019-12-23,26000.0,99130,0.0019267822736030828
2019-12-24,26000.0,51780,0.0
2019-12-26,26400.0,92970,0.015384615384615385
2019-12-27,27000.0,219460,0.022727272727272728
2019-12-30,27450.0,237610,0.016666666666666666
2019-12-31,27250.0,108340,-0.007285974499089253
