Date,Adj Close,Volume,LogReturn
2019-01-02,8.625758171081543,397400,
2019-01-03,8.414780616760254,510100,-0.024459015675700954
2019-01-04,8.674447059631348,438100,0.030858373461798823
2019-01-07,8.909770965576172,401100,0.027128404188430794
2019-01-08,9.080172538757324,355700,0.019125247308771076
2019-01-09,9.16943359375,326100,0.00983032586789278
2019-01-10,9.145092964172363,495300,-0.0026545401445763886
2019-01-11,9.185664176940918,496300,0.004436391508265702
2019-01-14,9.055830955505371,413900,-0.014134331381444532
2019-01-15,9.258691787719727,254700,0.022401128423342416
2019-01-16,9.331725120544434,327300,0.007888083381452967
2019-01-17,9.445330619812012,255700,0.012174115482406121
2019-01-18,9.477787017822266,592100,0.0034362373660245553
2019-01-22,9.404757499694824,430700,-0.007705334377119352
2019-01-23,9.404757499694824,278100,0.0
2019-01-24,9.404757499694824,240600,0.0
2019-01-25,9.477787017822266,176900,0.007765167589893854
2019-01-28,9.46155834197998,266400,-0.0017122853480214687
2019-01-29,9.404757499694824,358600,-0.006003328440425785
2019-01-30,9.640080451965332,431200,0.025021692720747328
2019-01-31,9.631965637207031,464200,-0.0008417787381272743
2019-02-01,9.672536849975586,249900,0.004212142598581682
2019-02-04,9.696877479553223,317700,0.002516468011977453
2019-02-05,9.802370071411133,229900,0.010879026994035059
2019-02-06,9.826712608337402,358500,0.0024833317604754765
2019-02-07,9.802370071411133,347000,-0.0024771801004555972
2019-02-08,9.778027534484863,246700,-0.0024833317604754765
2019-02-11,9.788647651672363,219300,0.0010861206056175727
2019-02-12,9.86218547821045,241600,0.007512562424853673
2019-02-13,9.845843315124512,272400,-0.001657052903947501
2019-02-14,9.870355606079102,213300,0.0024896080681007524
2019-02-15,9.935725212097168,260500,0.006622821773291086
2019-02-19,10.01743221282959,316400,0.00822355681022057
2019-02-20,10.08279800415039,467300,0.006525204257143371
2019-02-21,10.025601387023926,318800,-0.00567269294722764
2019-02-22,10.058286666870117,243200,0.0032601814678664327
2019-02-25,10.131823539733887,314900,0.007311073475961322
2019-02-26,10.131823539733887,260300,0.0
2019-02-27,10.131823539733887,267700,0.0
2019-02-28,10.107309341430664,202100,-0.002419524797987799
2019-03-01,10.139994621276855,293900,0.0032338260106685216
2019-03-04,10.123652458190918,242100,-0.0016116540191891788
2019-03-05,10.09096908569336,273300,-0.0032284170789678673
2019-03-06,9.984749794006348,399700,-0.010526173530509166
2019-03-07,9.894868850708008,337100,-0.009001822294264564
2019-03-08,9.821332931518555,409600,-0.0074317224714091495
2019-03-11,9.98835277557373,256200,0.017005822449942292
2019-03-12,9.980125427246094,337600,-0.0008236942078934672
2019-03-13,10.037715911865234,400900,0.005770517118143283
2019-03-14,10.103538513183594,243600,0.006557527817713268
2019-03-15,10.16936206817627,269800,0.006514901181084822
2019-03-18,10.243408203125,219800,0.007281295960584241
2019-03-19,10.259865760803223,311600,0.001606648622399123
2019-03-20,10.218727111816406,408000,-0.0040096673724506655
2019-03-21,10.325685501098633,293300,0.010466899459380358
2019-03-22,10.144676208496094,244300,-0.01753000249555151
2019-03-25,10.054176330566406,222100,-0.008920923257648627
2019-03-26,10.111767768859863,249400,0.005728111025700759
2019-03-27,10.136448860168457,265700,0.002440828534907762
2019-03-28,10.16936206817627,240700,0.0032470156424451706
2019-03-29,10.194042205810547,252600,0.0024269110951915763
2019-04-01,10.325685501098633,289600,0.01291374830810981
2019-04-02,10.30100154876709,263500,-0.0023905388488654478
2019-04-03,10.309228897094727,237900,0.0007986940190899629
2019-04-04,10.37505054473877,270400,0.006384730448908003
2019-04-05,10.37505054473877,238800,0.0
2019-04-08,10.490241050720215,290700,0.011102645282037579
2019-04-09,10.449101448059082,205900,-0.003921702319539011
2019-04-10,10.482008934020996,251900,0.00314931251509924
2019-04-11,10.517621994018555,228500,0.0033975414657366728
2019-04-12,10.567314147949219,195100,0.00472465676736855
2019-04-15,10.559029579162598,200000,-0.0007839805527338152
2019-04-16,10.592159271240234,261100,0.0031375697765839696
2019-04-17,10.60043716430664,201300,0.0007815113853963973
2019-04-18,10.60043716430664,410600,0.0
2019-04-22,10.641844749450684,279300,0.0039062148572012578
2019-04-23,10.592159271240234,423800,-0.004668878317644496
2019-04-24,10.6666898727417,257500,0.007036393580658278
2019-04-25,10.633564949035645,189600,-0.003105454841309684
2019-04-26,10.658409118652344,276100,0.002336391392329092
2019-04-29,10.71638011932373,145200,0.005438991882000173
2019-04-30,10.73294448852539,162600,0.001545705641011311
2019-05-01,10.708099365234375,234000,-0.0023148469012932646
2019-05-02,10.575592041015625,488700,-0.012374495202104405
2019-05-03,10.68325424194336,299200,0.0101802528416551
2019-05-06,10.69981575012207,259700,0.0015502306510397417
2019-05-07,10.476213455200195,371400,-0.02089777059192108
2019-05-08,10.501059532165527,266000,0.0023716657809219137
2019-05-09,10.40996265411377,248900,-0.00867501777060889
2019-05-10,10.454144477844238,216700,0.004244186573811496
2019-05-13,10.18737506866455,270500,-0.02551805264840747
2019-05-14,10.270739555358887,215700,0.008183117450024747
2019-05-15,10.320757865905762,156300,0.004869981394940282
2019-05-16,10.420797348022461,256700,0.009693036443299954
2019-05-17,10.387452125549316,193200,-0.0031998724626837124
2019-05-20,10.320757865905762,356700,-0.006420656272341445
2019-05-21,10.454144477844238,225200,0.012924110193410724
2019-05-22,10.39578914642334,212800,-0.0055820284045789235
2019-05-23,10.279077529907227,172800,-0.011226816441950229
2019-05-24,10.287410736083984,147100,0.0008106959162932808
2019-05-28,10.2040433883667,209500,-0.008103822220771934
2019-05-29,10.078997611999512,376100,-0.012254532013235866
2019-05-30,10.078997611999512,232500,0.0
2019-05-31,9.945611953735352,308100,-0.013234020226908118
2019-06-03,9.862247467041016,293600,-0.008382036930671329
2019-06-04,10.087333679199219,284200,0.02282301401485072
2019-06-05,10.195711135864258,241100,0.010743915103008924
2019-06-06,10.229055404663086,190400,0.0032704210971157177
2019-06-07,10.262404441833496,343800,0.0032602264677545336
2019-06-10,10.387452125549316,263900,0.012185027828963552
2019-06-11,10.437471389770508,262000,0.004815354488918643
2019-06-12,10.429134368896484,222000,-0.0007987586804016855
2019-06-13,10.448439598083496,227100,0.001851086437680486
2019-06-14,10.431653022766113,153000,-0.0016066107441021038
2019-06-17,10.431653022766113,227600,0.0
2019-06-18,10.532360076904297,295300,0.009653988099335724
2019-06-19,10.591108322143555,191500,0.005577880438030492
2019-06-20,10.708600044250488,314700,0.011093430312792252
2019-06-21,10.691813468933105,280400,-0.0015675788850098688
2019-06-24,10.675030708312988,194800,-0.0015696832598962162
2019-06-25,10.557537078857422,184500,-0.011006397327182426
2019-06-26,10.591108322143555,170700,0.0031798366451738784
2019-06-27,10.649850845336914,168000,0.005546399999567785
2019-06-28,10.708600044250488,189700,0.0055164339638895344
2019-07-01,10.800914764404297,223700,0.00862061518521022
2019-07-02,10.817699432373047,277300,0.0015540042982346157
2019-07-03,10.918407440185547,174500,0.009309558695180716
2019-07-05,10.842876434326172,183800,-0.006917767657339909
2019-07-08,10.775740623474121,313800,-0.006191697494542454
2019-07-09,10.834485054016113,213600,0.005451544593976397
2019-07-10,10.951979637145996,335400,0.010844500919435028
2019-07-11,11.0051851272583,362400,0.004858070584047364
2019-07-12,10.988293647766113,204200,-0.0015348655471819073
2019-07-15,11.022082328796387,232500,0.0030749707018562045
2019-07-16,11.0051851272583,255100,-0.0015330316934704946
2019-07-17,10.946065902709961,237000,-0.005371942758319423
2019-07-18,10.971402168273926,269000,0.0023146458087459753
2019-07-19,10.912280082702637,386200,-0.005388744726016222
2019-07-22,10.996742248535156,499600,0.007740102452685658
2019-07-23,11.047416687011719,252700,0.004608131874993496
2019-07-24,11.09809398651123,239500,0.0045872533765375445
2019-07-25,10.971402168273926,385800,-0.011415637531209196
2019-07-26,11.047416687011719,554700,0.006928423329299206
2019-07-29,11.047416687011719,205300,0.0
2019-07-30,11.07275390625,206200,0.0022934971999444753
2019-07-31,11.055864334106445,558400,-0.00152532714865282
2019-08-01,10.946065902709961,330100,-0.00993123903101498
2019-08-02,10.861604690551758,372700,-0.007716124944697504
2019-08-05,10.549100875854492,501600,-0.028771422234608206
2019-08-06,10.625114440917969,324900,0.007205691362518074
2019-08-07,10.582884788513184,350900,-0.003974512711331952
2019-08-08,10.802481651306152,251200,0.020750189308620496
2019-08-09,10.72001838684082,157500,-0.007633733351943367
2019-08-12,10.609506607055664,204500,-0.010308916999695928
2019-08-13,10.77952766418457,225400,0.016025350039919554
2019-08-14,10.464984893798828,351600,-0.029179643133235202
2019-08-15,10.430978775024414,355400,-0.0032495143681062415
2019-08-16,10.59250259399414,224100,0.015485010798456784
2019-08-19,10.703018188476562,247000,0.010433379034061628
2019-08-20,10.669012069702148,475800,-0.0031772457241104994
2019-08-21,10.745524406433105,206400,0.007171454698063066
2019-08-22,10.754023551940918,144900,0.0007909474853292643
2019-08-23,10.566999435424805,303400,-0.017391083031648987
2019-08-26,10.601003646850586,159300,0.003217962831698992
2019-08-27,10.507490158081055,373500,-0.008821192019617202
2019-08-28,10.549997329711914,216700,0.004045416268904915
2019-08-29,10.694518089294434,227100,0.013698653664632342
2019-08-30,10.703018188476562,312000,0.0007948089957076034
2019-09-03,10.669012069702148,178200,-0.0031772457241104994
2019-09-04,10.788030624389648,231900,0.011155536605445297
2019-09-05,10.924049377441406,209600,0.012608302459231599
2019-09-06,10.941049575805664,260000,0.001556217642091942
2019-09-09,10.941049575805664,272800,0.0
2019-09-10,10.915548324584961,224400,-0.002330786552425003
2019-09-11,10.983555793762207,159600,0.006230330090158978
2019-09-12,11.060070037841797,277200,0.006966254418541207
2019-09-13,11.079748153686523,183100,0.0017792035473010843
2019-09-16,11.002747535705566,197900,-0.006949672222950023
2019-09-17,11.002747535705566,140700,0.0
2019-09-18,11.019856452941895,266700,0.0015549677188181517
2019-09-19,11.088300704956055,240100,0.006210993065693525
2019-09-20,11.045523643493652,416900,-0.0038578554641183747
2019-09-23,11.011299133300781,262500,-0.0030984959425650214
2019-09-24,10.934297561645508,232600,-0.00699295975189725
2019-09-25,10.959967613220215,216200,0.002347663526622
2019-09-26,10.90863037109375,228700,-0.004684068779960668
2019-09-27,10.857295989990234,146400,-0.004705850263250656
2019-09-30,10.882964134216309,283300,0.0023641378341106925
2019-10-01,10.797405242919922,232300,-0.007861726845849602
2019-10-02,10.574955940246582,355200,-0.020602107420132663
2019-10-03,10.60062313079834,381100,0.002427167611552178
2019-10-04,10.746072769165039,344100,0.013720857403572775
2019-10-07,10.720403671264648,253500,-0.002388695707891162
2019-10-08,10.626291275024414,286200,-0.008778810866282637
2019-10-09,10.686179161071777,318800,0.0056358219906997315
2019-10-10,10.754627227783203,185200,0.006405289082254235
2019-10-11,10.843337059020996,200000,0.008248526830258
2019-10-14,10.826111793518066,218200,-0.0015885576007802244
2019-10-15,10.88640022277832,322500,0.005568797959055852
2019-10-16,10.895012855529785,228700,0.0007911368841138207
2019-10-17,10.989753723144531,255000,0.008695801360772162
2019-10-18,11.024201393127441,206000,0.0031345261095672254
2019-10-21,11.101716995239258,343400,0.007031402942270279
2019-10-22,11.067266464233398,285900,-0.003103171430206046
2019-10-23,11.12755298614502,209900,0.0054472820462443785
2019-10-24,11.153393745422363,222600,0.002322231968656382
2019-10-25,11.239523887634277,198600,0.007722325973407338
2019-10-28,11.162003517150879,261400,-0.006897122267668859
2019-10-29,11.170620918273926,158500,0.0007720299594786798
2019-10-30,11.22229290008545,157000,0.004625703637207281
2019-10-31,11.2136812210083,186200,-0.0007673725105751666
2019-11-01,11.239523887634277,269500,0.0023045658349518223
2019-11-04,11.299810409545898,197700,0.005363796768824729
2019-11-05,11.334259986877441,194500,0.003048686312687204
2019-11-06,11.34287166595459,152500,0.0007597919129364291
2019-11-07,11.360095977783203,220700,0.0015185142119091164
2019-11-08,11.484036445617676,145100,0.010910160273017189
2019-11-11,11.458037376403809,205800,-0.002263931269896698
2019-11-12,11.371365547180176,332100,-0.007564282291670742
2019-11-13,11.336694717407227,284400,-0.0030489592150651375
2019-11-14,11.406034469604492,227300,0.006116399349697234
2019-11-15,11.423365592956543,219500,0.0015194696630310765
2019-11-18,11.501372337341309,282800,0.0068287006793219755
2019-11-19,11.501372337341309,204500,0.0
2019-11-20,11.484036445617676,480100,-0.0015072889751902622
2019-11-21,11.449368476867676,197100,-0.003018796475800923
2019-11-22,11.510040283203125,216800,0.005299139988203773
2019-11-25,11.492704391479492,226100,-0.0015061538706281933
2019-11-26,11.536043167114258,163600,0.0037709814990887873
2019-11-27,11.536043167114258,134200,0.0
2019-11-29,11.518707275390625,61400,-0.001502758915903865
2019-12-02,11.501372337341309,221900,-0.0015049378055080873
2019-12-03,11.397364616394043,258900,-0.009043070504689735
2019-12-04,11.423365592956543,205300,0.0022813147984315626
2019-12-05,11.475370407104492,228700,0.004552494947724909
2019-12-06,11.605377197265625,178600,0.011329202069211168
2019-12-09,11.544707298278809,188800,-0.005227740378926332
2019-12-10,11.501372337341309,243200,-0.0037536647589117116
2019-12-11,11.536043167114258,256800,0.0030144950320740447
2019-12-12,11.599708557128906,304100,0.00551882383694082
2019-12-13,11.625875473022461,203000,0.0022558252877373473
2019-12-16,11.686922073364258,311600,0.00525092501493362
2019-12-17,11.721808433532715,209200,0.0029850768191538443
2019-12-18,11.756697654724121,184100,0.0029764367323729885
2019-12-19,11.817749977111816,258700,0.005192982262596762
2019-12-20,11.922408103942871,440700,0.00885601125711347
2019-12-23,11.9834566116333,246900,0.0051204846502645954
2019-12-24,12.018342018127441,117800,0.00291113053810155
2019-12-26,11.974735260009766,169100,-0.00362835057047828
2019-12-27,11.957295417785645,261400,-0.0014563864541007707
2019-12-30,11.845852851867676,231400,-0.009320047889107574
2019-12-31,11.933602333068848,220100,0.007407611954873883
