Date,Adj Close,Volume,LogReturn
2019-01-02,6.829431533813477,83600,
2019-01-03,6.689897060394287,92700,-0.020431345233982455
2019-01-04,6.782918930053711,65700,0.013904828253656467
2019-01-07,6.914700031280518,77500,0.01942837627660738
2019-01-08,6.98446798324585,128300,0.01008980167609843
2019-01-09,7.038733005523682,158000,0.007769385214163982
2019-01-10,7.085244178771973,111900,0.006607889972782195
2019-01-11,7.108498573303223,66500,0.003282087948489094
2019-01-14,7.077963829040527,43600,-0.00429552653740018
2019-01-15,7.132771015167236,75900,0.007743354932365983
2019-01-16,7.187578201293945,46800,0.007683856107278101
2019-01-17,7.2423858642578125,51400,0.007625331012607338
2019-01-18,7.320680618286133,84700,0.01081063001830873
2019-01-22,7.234557628631592,61900,-0.011764341889115706
2019-01-23,7.234557628631592,62900,0.0
2019-01-24,7.234557628631592,66300,0.0
2019-01-25,7.281534194946289,102100,0.006493357123700572
2019-01-28,7.258045673370361,56300,-0.003225765470171083
2019-01-29,7.297192573547363,49800,0.005393586915639181
2019-01-30,7.391148090362549,52900,0.012875570415364716
2019-01-31,7.453784942626953,52800,0.008474576817920564
2019-02-01,7.469442844390869,53500,0.002100664546191974
2019-02-04,7.485103607177734,77000,0.002096644035321267
2019-02-05,7.492930889129639,101600,0.0010457145769363079
2019-02-06,7.492930889129639,124000,0.0
2019-02-07,7.445957183837891,81300,-0.006269069605312269
2019-02-08,7.422464847564697,62300,-0.003155045844768696
2019-02-11,7.422464847564697,33500,0.0
2019-02-12,7.492930889129639,34500,0.009493617418486157
2019-02-13,7.532078742980957,102200,0.005224638319847853
2019-02-14,7.562900543212891,58500,0.0040920708988413075
2019-02-15,7.586607456207275,46600,0.0031346323885826925
2019-02-19,7.570803165435791,86600,-0.0020831828801888895
2019-02-20,7.586607456207275,52600,0.0020875315902595714
2019-02-21,7.570803165435791,71700,-0.0020831828801888895
2019-02-22,7.641928195953369,80800,0.009394647960509223
2019-02-25,7.673539161682129,48600,0.004136516978201748
2019-02-26,7.65773344039917,49700,-0.00205976941668389
2019-02-27,7.6656341552734375,35800,0.0010317302026454113
2019-02-28,7.673539161682129,29400,0.0010312266733018163
2019-03-01,7.7130513191223145,65600,0.005149143909695513
2019-03-04,7.6656341552734375,65800,-0.006147653099535277
2019-03-05,7.6656341552734375,35400,0.0
2019-03-06,7.610317230224609,48700,-0.007216222941030107
2019-03-07,7.554996967315674,47800,-0.007269113919355348
2019-03-08,7.515484809875488,27300,-0.005229936902836958
2019-03-11,7.618220329284668,77300,0.013669845925865393
2019-03-12,7.618220329284668,57400,0.0
2019-03-13,7.6498284339904785,55200,0.0041490142499959
2019-03-14,7.634024143218994,110700,-0.002065966695574659
2019-03-15,7.697247505187988,52000,0.008281787008121134
2019-03-18,7.720953464508057,68900,0.0030797969409312106
2019-03-19,7.760468482971191,37900,0.005117893618291932
2019-03-20,7.760468482971191,66700,0.0
2019-03-21,7.767645835876465,17200,0.0009248607762563194
2019-03-22,7.759670734405518,58100,-0.0010267076588523932
2019-03-25,7.632070541381836,37200,-0.016444021581729824
2019-03-26,7.663970947265625,33500,0.0041797839407827705
2019-03-27,7.655994415283203,94000,-0.001040783170670521
2019-03-28,7.655994415283203,46300,0.0
2019-03-29,7.71182107925415,47900,0.007291889327858422
2019-04-01,7.799545764923096,38900,0.011375352821000564
2019-04-02,7.783595085144043,39500,-0.0020450780416967026
2019-04-03,7.815495491027832,36900,0.0040984153896539335
2019-04-04,7.815495491027832,75100,0.0
2019-04-05,7.831446170806885,67700,0.002040904482302379
2019-04-08,7.85537052154541,48200,0.0030549084060243793
2019-04-09,7.8473968505859375,90100,-0.0010150598164151235
2019-04-10,7.887272357940674,51000,0.005081367504914571
2019-04-11,7.919172286987305,53500,0.004044481742096169
2019-04-12,7.927146911621094,58300,0.001007002290743551
2019-04-15,7.919172286987305,60300,-0.0010059892572570298
2019-04-16,7.927146911621094,73400,0.001007002290743551
2019-04-17,7.919097423553467,48900,-0.0010154331889354175
2019-04-18,7.911052703857422,38700,-0.0010158632058393196
2019-04-22,7.9030022621154785,35800,-0.0010176195309655784
2019-04-23,7.999577045440674,44200,0.012220012107062733
2019-04-24,7.951291561126709,71500,-0.00603600465870692
2019-04-25,7.951291561126709,42200,0.0
2019-04-26,7.935192108154297,56300,-0.0020247594807265242
2019-04-29,7.951291561126709,44300,0.002028867449329692
2019-04-30,7.959338665008545,28600,0.0010120499066060724
2019-05-01,7.975433349609375,30800,0.00202211330340632
2019-05-02,7.927145004272461,43200,-0.006054635932639216
2019-05-03,7.96738338470459,32900,0.0050760242698275095
2019-05-06,7.96738338470459,44300,0.0
2019-05-07,7.830571174621582,71900,-0.01717153593307101
2019-05-08,7.870810031890869,41400,0.00513868737949779
2019-05-09,7.838618755340576,36100,-0.004089957249617342
2019-05-10,7.814476013183594,41000,-0.003079974024828492
2019-05-13,7.742043972015381,78600,-0.009268956875165364
2019-05-14,7.774234771728516,33200,0.004157920031130354
2019-05-15,7.798380374908447,36900,0.003105849500164134
2019-05-16,7.814476013183594,32800,0.0020639719404986637
2019-05-17,7.8225250244140625,25000,0.0010300129166548695
2019-05-20,7.798380374908447,59700,-0.003086554460389695
2019-05-21,7.878860950469971,67600,0.010320165430821048
2019-05-22,7.878860950469971,45400,0.0
2019-05-23,7.8398637771606445,32900,-0.004949595322785841
2019-05-24,7.847985744476318,40000,0.0010359832194195794
2019-05-28,7.847985744476318,61100,0.0
2019-05-29,7.823612213134766,22200,-0.0031057053535944127
2019-05-30,7.799241542816162,29700,-0.0031150151176573557
2019-05-31,7.750496864318848,29700,-0.006249925486948523
2019-06-03,7.709875106811523,69800,-0.005241181077607501
2019-06-04,7.7748703956604,57400,0.008430135112234814
2019-06-05,7.7829909324646,32900,0.0010444594431737093
2019-06-06,7.9048542976379395,74200,0.015657652209900494
2019-06-07,8.04296588897705,58200,0.017471744087728554
2019-06-10,8.140459060668945,187700,0.012121544842743857
2019-06-11,8.099834442138672,52400,-0.004990457937016527
2019-06-12,8.083589553833008,88000,-0.0020055827587230016
2019-06-13,8.099834442138672,45700,0.0020096132043172826
2019-06-14,8.099834442138672,66800,0.0
2019-06-17,8.04296588897705,107600,-0.007020952535247817
2019-06-18,8.10796070098877,103600,0.008080950846850496
2019-06-19,8.124211311340332,67300,0.0020042783815640264
2019-06-20,8.17504596710205,40100,0.006257180397407961
2019-06-21,8.183247566223145,45300,0.0010032480739678472
2019-06-24,8.17504596710205,36700,-0.001002242576033793
2019-06-25,8.125848770141602,47900,-0.006017971906020853
2019-06-26,8.183247566223145,52300,0.007063729304494887
2019-06-27,8.158648490905762,75700,-0.003006028489094843
2019-06-28,8.117650032043457,124200,-0.005025153235613059
2019-07-01,8.191447257995605,51100,0.009090959287582327
2019-07-02,8.216044425964355,40500,0.0030027865887485147
2019-07-03,8.265243530273438,26500,0.0059881740845513145
2019-07-05,8.166847229003906,55300,-0.01190482783830037
2019-07-08,8.134049415588379,84800,-0.004015969993787631
2019-07-09,8.158648490905762,69700,0.003024210213210689
2019-07-10,8.191447257995605,36800,0.004020122588490447
2019-07-11,8.17504596710205,39100,-0.0020022458030899875
2019-07-12,8.17504596710205,37200,0.0
2019-07-15,8.166847229003906,58700,-0.0010028981037094864
2019-07-16,8.166847229003906,64700,0.0
2019-07-17,8.1504487991333,90300,-0.002007926609961278
2019-07-18,8.160380363464355,42300,0.0012185297491974659
2019-07-19,8.135552406311035,37800,-0.0030424999874368616
2019-07-22,8.119001388549805,54200,-0.002034406139205896
2019-07-23,8.143827438354492,39100,0.0030577713460795287
2019-07-24,8.15210247039795,57400,0.0010161109264772252
2019-07-25,8.168655395507812,52400,0.00203050994145014
2019-07-26,8.176931381225586,48600,0.001013139288789762
2019-07-29,8.168655395507812,36400,-0.0010121138764567943
2019-07-30,8.201761245727539,71600,0.004052790651192417
2019-07-31,8.176931381225586,48500,-0.0030273820168671083
2019-08-01,8.127273559570312,34800,-0.0060729165184495604
2019-08-02,8.094168663024902,55300,-0.004073309001199709
2019-08-05,7.945197582244873,172000,-0.0184047413615862
2019-08-06,7.961749076843262,72400,0.0020832074252472065
2019-08-07,7.978303909301758,47000,0.002079295930921235
2019-08-08,8.027960777282715,35600,0.006223988023703008
2019-08-09,8.036233901977539,46000,0.0010305387537810674
2019-08-12,7.961749076843262,37900,-0.009268623343074706
2019-08-13,8.019684791564941,75300,0.007276757175152084
2019-08-14,7.903815746307373,58200,-0.014448079727452476
2019-08-15,7.895541191101074,31100,-0.0010469063895074556
2019-08-16,7.978303909301758,27700,0.010482209667142767
2019-08-19,8.003131866455078,52400,0.0031119342451186717
2019-08-20,8.036233901977539,37200,0.004136135212416937
2019-08-21,8.085895538330078,47000,0.006179715144965907
2019-08-22,8.087564468383789,43100,0.00020640015021213218
2019-08-23,8.012372016906738,89800,-0.0092972923765858
2019-08-26,7.970597267150879,34200,-0.005213780596771012
2019-08-27,7.937177658081055,15400,-0.004192861331428202
2019-08-28,7.945531845092773,61000,0.001052538745080643
2019-08-29,7.9956583976745605,32400,0.006308772472260077
2019-08-30,8.020724296569824,28700,0.003134938694048483
2019-09-03,8.045790672302246,41500,0.0031252010174619596
2019-09-04,8.087564468383789,36800,0.005192006327650293
2019-09-05,8.1293363571167,50600,0.005164952798361781
2019-09-06,8.154403686523438,13700,0.003083564058066497
2019-09-09,8.146050453186035,17700,-0.0010243831012692573
2019-09-10,8.162762641906738,28500,0.0020515695080389235
2019-09-11,8.187824249267578,50200,0.0030702359556770975
2019-09-12,8.254663467407227,84400,0.008163245339032206
2019-09-13,8.263018608093262,56500,0.0010121721762522064
2019-09-16,8.229598999023438,47900,-0.004044479463847653
2019-09-17,8.296438217163086,97000,0.008121807410978335
2019-09-18,8.31314754486084,54000,0.0020140362961043727
2019-09-19,8.297126770019531,30800,-0.001927161132994997
2019-09-20,8.297126770019531,40700,0.0
2019-09-23,8.246532440185547,34300,-0.006097813283605558
2019-09-24,8.263399124145508,52700,0.0020453062038256454
2019-09-25,8.297126770019531,92200,0.0040815704732779816
2019-09-26,8.25496768951416,26900,-0.0050811662487437025
2019-09-27,8.25496768951416,32300,0.0
2019-09-30,8.31399154663086,47800,0.0071501015311875825
2019-10-01,8.271829605102539,108600,-0.005071203319349766
2019-10-02,8.145352363586426,88000,-0.015290116885156201
2019-10-03,8.195942878723145,91000,0.00621096704948975
2019-10-04,8.288694381713867,61700,0.01131675810375737
2019-10-07,8.271829605102539,46600,-0.0020346722698009485
2019-10-08,8.187507629394531,74600,-0.010193872424063617
2019-10-09,8.21280574798584,35300,0.003089843666280577
2019-10-10,8.204374313354492,28100,-0.001026620486356375
2019-10-11,8.271829605102539,36300,0.008221869111730798
2019-10-14,8.25496768951416,55600,-0.0020384747260723925
2019-10-15,8.305558204650879,28700,0.006128493416271168
2019-10-16,8.280263900756836,65900,-0.0030454670560106207
2019-10-17,8.264942169189453,126000,-0.0018503916965716962
2019-10-18,8.290478706359863,59000,0.003089741784958495
2019-10-21,8.290478706359863,78400,0.0
2019-10-22,8.239407539367676,147100,-0.006160219307120269
2019-10-23,8.222384452819824,198400,-0.002066057112300332
2019-10-24,8.213871002197266,228400,-0.001035399241109305
2019-10-25,8.20535945892334,106200,-0.0010362401931621383
2019-10-28,8.239407539367676,58200,0.004149492854613286
2019-10-29,8.281965255737305,122800,0.00516514278075083
2019-10-30,8.324524879455566,63100,0.005138831473457181
2019-10-31,8.324524879455566,140800,0.0
2019-11-01,8.452201843261719,94800,0.015337447560671182
2019-11-04,8.511784553527832,40600,0.007049371438474807
2019-11-05,8.494760513305664,30600,-0.0020000553485710715
2019-11-06,8.494760513305664,92700,0.0
2019-11-07,8.494760513305664,44000,0.0
2019-11-08,8.50327205657959,44500,0.0010019756602430204
2019-11-11,8.571366310119629,52600,0.008008005987218727
2019-11-12,8.664993286132812,58600,0.010923226545882726
2019-11-13,8.639460563659668,32700,-0.002946652308895185
2019-11-14,8.562853813171387,68200,-0.008867075661009869
2019-11-15,8.613924026489258,47100,0.005964158028637002
2019-11-18,8.664993286132812,75900,0.0059286870288742
2019-11-19,8.673505783081055,82600,0.0009824008706233304
2019-11-20,8.639460563659668,32600,-0.003925197062506941
2019-11-21,8.554430961608887,29600,-0.009842003609396972
2019-11-22,8.58019733428955,34600,0.0030120498717331416
2019-11-25,8.717618942260742,62600,0.01601613606507688
2019-11-26,8.726204872131348,63300,0.0009848939174185649
2019-11-27,8.640318870544434,24100,-0.009842308637653688
2019-11-29,8.691851615905762,16600,0.0059642180032275826
2019-12-02,8.691851615905762,36700,0.0
2019-12-03,8.640318870544434,40100,-0.005928857007524741
2019-12-04,8.67467212677002,39500,0.003975924585688503
2019-12-05,8.640318870544434,88800,-0.003960179211796589
2019-12-06,8.623141288757324,40700,-0.0019880726677425275
2019-12-09,8.640318870544434,43300,0.0019920329740514813
2019-12-10,8.691851615905762,36700,0.0059642180032275826
2019-12-11,8.709031105041504,35200,0.0019765051101774873
2019-12-12,8.726204872131348,34200,0.0019719492194604934
2019-12-13,8.78632640838623,29400,0.006889769050333827
2019-12-16,8.897982597351074,62000,0.012707949121748078
2019-12-17,8.889394760131836,56900,-0.0009651443038104926
2019-12-18,8.92579174041748,41800,0.004094427266171352
2019-12-19,8.92579174041748,22400,0.0
2019-12-20,8.917121887207031,67700,-0.000971325957695234
2019-12-23,8.891129493713379,38400,-0.002914885971329201
2019-12-24,8.960453987121582,31000,0.007797040123779567
2019-12-26,9.012451171875,38400,0.005802963201211786
2019-12-27,8.995119094848633,47400,-0.0019231257618854125
2019-12-30,9.003782272338867,48800,0.0009630975864672703
2019-12-31,9.012451171875,45800,0.0009628064377750592
