Date,Adj Close,Volume,LogReturn
2019-03-21,48.55247497558594,100,
2019-03-22,47.23064041137695,200,-0.027224864744251533
2019-03-25,47.44597244262695,0,0.004559159676313232
2019-03-26,47.547874450683594,0,0.0021477483295313103
2019-03-27,47.16910934448242,0,-0.007965973465207684
2019-03-28,47.444053649902344,300,0.005828906020081198
2019-03-29,47.82954406738281,100,0.0081251576925755
2019-04-01,48.5678596496582,100,0.015436391809113697
2019-04-02,48.432308197021484,0,-0.0027909702757031563
2019-04-04,49.08217239379883,0,0.013417989374648666
2019-04-05,49.509010314941406,0,0.008696394236953252
2019-04-09,49.48978042602539,100,-0.0003884119030796341
2019-04-10,49.48978042602539,0,0.0
2019-04-12,49.39268493652344,200,-0.001961930092760992
2019-04-15,49.0985221862793,100,-0.005955593437007549
2019-04-16,49.58783721923828,200,0.009965982908864916
2019-04-17,49.750308990478516,0,0.0032764439901242803
2019-04-22,49.55419158935547,0,-0.003942033830595522
2019-04-23,49.76087951660156,100,0.004170947413669271
2019-04-24,49.03218078613281,0,-0.014644008256036484
2019-05-09,46.73938751220703,0,-0.046760989153764594
2019-05-17,45.3512077331543,100,-0.02970042726148648
2019-05-20,45.3512077331543,0,0.0
2019-06-05,45.7069091796875,0,0.007843262931963007
2019-06-06,45.778045654296875,0,0.0015563615192118174
2019-06-07,46.15200424194336,0,0.008168950471816034
2019-06-10,46.65190124511719,0,0.010831534001279997
2019-06-11,47.074893951416016,0,0.009066998236070831
2019-06-12,46.41157531738281,100,-0.014090709045840569
2019-06-13,46.418296813964844,100,0.00014482371124157484
2019-06-14,46.069332122802734,500,-0.007517826269255189
2019-06-17,46.14816665649414,100,0.0017112150330563587
2019-06-18,47.27004623413086,0,0.024310382381763453
2019-06-19,47.6411247253418,0,0.007850182531511976
2019-06-20,48.34194564819336,500,0.014710419346560347
2019-06-21,48.1439094543457,100,-0.00409657061155248
2019-06-24,48.12563705444336,0,-0.0003795371026042505
2019-06-25,47.60643768310547,0,-0.010788415553866499
2019-06-26,48.110137939453125,0,0.010580507193177551
2019-06-27,48.2922477722168,0,0.0037852693956699542
2019-06-28,48.24962615966797,0,-0.0008825766974000521
2019-07-01,48.88409423828125,0,0.013149699367901743
2019-07-02,48.64677810668945,0,-0.00485466970984509
2019-07-03,48.503421783447266,100,-0.0029468821743505037
2019-07-05,48.21766662597656,100,-0.005891443262426129
2019-07-08,47.82342529296875,100,-0.008176283934806185
2019-07-09,47.669410705566406,100,-0.0032204842388189993
2019-07-10,48.15760803222656,200,0.010241312393718116
2019-07-11,48.15179443359375,100,-0.00012072025315132141
2019-07-12,48.23994445800781,100,0.0018306695617674312
2019-07-15,48.42882537841797,400,0.00391544647350443
2019-07-16,48.348426818847656,100,-0.0016601385423265225
2019-07-17,48.14307403564453,100,-0.0042473519143144565
2019-07-18,48.5043830871582,100,0.007504901977097748
2019-07-19,48.39492416381836,0,-0.0022566810744331185
2019-07-22,48.29902648925781,0,-0.001981564724348574
2019-07-23,48.503421783447266,0,0.004231871924683879
2019-07-24,48.51310729980469,0,0.0001996872798101689
2019-07-25,48.09367370605469,0,-0.008645778782174372
2019-07-26,48.15760803222656,0,0.0013293708141872737
2019-07-29,48.09463882446289,0,-0.0013075651041790438
2019-07-30,47.685874938964844,0,-0.008499156984834928
2019-07-31,47.097896575927734,0,-0.012330241686656428
2019-08-01,46.12343215942383,0,-0.020690189739852757
2019-08-02,45.63425827026367,0,-0.010605756472531055
2019-08-05,43.9429931640625,0,-0.037061303728984654
2019-08-06,44.4205436706543,0,0.01086750064586742
2019-08-07,44.656890869140625,0,0.005320673250617304
2019-08-08,44.95233154296875,0,0.006615791383548473
2019-08-09,44.62589645385742,100,-0.0072618055150108825
2019-08-12,44.323673248291016,100,-0.006772372760710835
2019-08-13,44.750850677490234,200,0.00963768112823748
2019-08-14,43.90230941772461,1000,-0.01896145541189551
2019-08-15,44.19483947753906,1800,0.0066632043665646075
2019-08-16,44.56195831298828,200,0.008306825859969417
2019-08-19,44.66560745239258,200,0.0023259556655095812
2019-08-20,44.77893829345703,900,0.0025373178050975415
2019-08-21,45.04144287109375,1100,0.005862233175704283
2019-08-22,44.64332962036133,300,-0.008838820991410092
2019-08-23,43.982704162597656,200,-0.014797853640880047
2019-08-26,44.2558708190918,100,0.00621077447817404
2019-08-27,44.34788131713867,100,0.0020790574525805525
2019-08-28,44.466068267822266,0,0.0026649965494049263
2019-08-29,44.780879974365234,0,0.007079818810308023
2019-08-30,45.047264099121094,100,0.005948612999752365
2019-09-03,44.798316955566406,0,-0.005526354342117408
2019-09-04,45.55580139160156,100,0.01690876996085531
2019-09-05,45.995567321777344,100,0.009653346373945125
2019-09-06,46.047874450683594,100,0.0011372210835082872
2019-09-09,46.14958953857422,900,0.0022088986539337435
2019-09-10,46.115692138671875,100,-0.0007345114060876002
2019-09-11,46.44696807861328,0,0.007183583820996229
2019-09-12,46.64069747924805,0,0.004170980553711733
2019-09-13,46.73175048828125,0,0.0019522222855632798
2019-09-16,46.41790008544922,0,-0.006715999284271073
2019-09-17,46.34815979003906,0,-0.0015024439985818743
2019-09-18,46.14764404296875,0,-0.0043262935999760326
2019-09-19,45.976200103759766,0,-0.0037151179169482716
2019-09-20,45.99750518798828,0,0.00046339375982430036
2019-09-23,45.98491668701172,0,-0.0002736779076411701
2019-09-24,45.63822937011719,0,-0.007539152876022322
2019-09-25,45.739501953125,0,0.0022190296250652387
2019-09-26,45.79793930053711,0,0.0012776122370549083
2019-09-27,45.17564392089844,0,-0.013587846727229793
2019-09-30,45.40060806274414,0,0.004979766137691593
2019-10-01,45.208763122558594,0,-0.004225602880041057
2019-10-02,44.84454345703125,0,-0.008056395273189918
2019-10-03,45.33243942260742,0,0.010879717530041525
2019-10-04,45.56519317626953,0,0.00513437522062919
2019-10-07,45.33438491821289,0,-0.0050654511035157015
2019-10-08,45.019832611083984,0,-0.006938492883412569
2019-10-09,45.38210678100586,0,0.008046990601930454
2019-10-10,45.77749252319336,0,0.008712370804983958
2019-10-11,46.452362060546875,0,0.014742387582971918
2019-10-14,46.20500183105469,0,-0.005325030171119685
2019-10-15,46.55753707885742,0,0.007629807030237863
2019-10-16,46.6997184753418,0,0.003053885695103533
2019-10-17,46.74938201904297,0,0.00106346559085565
2019-10-18,46.409515380859375,0,-0.007269970714161567
2019-10-21,46.833133697509766,0,0.009127833229327429
2019-10-22,46.90519332885742,0,0.0015386463740197647
2019-10-23,46.86526870727539,600,-0.0008511769965878911
2019-10-24,47.10483932495117,200,0.0051119010790733
2019-10-25,47.29862976074219,900,0.004114023921282455
2019-10-28,47.74757385253906,800,0.009491693397204883
2019-10-29,47.37654495239258,500,-0.007770633567526369
2019-10-30,47.4846305847168,0,0.0022814165201964624
2019-10-31,47.134056091308594,600,-0.007382904512287341
2019-11-01,47.885860443115234,300,0.015950342791425317
2019-11-04,48.4984130859375,0,0.012791931420965729
2019-11-05,48.69804000854492,0,0.004116153702878688
2019-11-06,48.597740173339844,0,-0.0020596277629957747
2019-11-07,49.04084014892578,0,0.009117707407905708
2019-11-08,48.517887115478516,0,-0.010663623050893445
2019-11-11,48.13613510131836,0,-0.00786827367918021
2019-11-12,47.83522033691406,0,-0.006251327900981717
2019-11-13,47.41548538208008,0,-0.008774600636888428
2019-11-14,47.47294998168945,0,0.0012119373902073946
2019-11-15,47.91020202636719,0,0.009210551373916822
2019-11-18,47.783607482910156,0,-0.0026423295687077347
2019-11-19,47.94623947143555,0,0.0034035100548562825
2019-11-20,47.642398834228516,0,-0.006337110909147471
2019-11-21,47.56156921386719,0,-0.001696590061356364
2019-11-22,47.65797805786133,0,0.002027032446314479
2019-11-25,48.1458740234375,0,0.010237445763725428
2019-11-26,48.07186508178711,0,-0.001537181391999716
2019-11-27,48.12834548950195,0,0.0011749160890419117
2019-11-29,47.317138671875,100,-0.016855073852557398
2019-12-02,47.21877670288086,0,-0.0020787810031422365
2019-12-03,46.8360595703125,0,-0.008105189487998944
2019-12-04,47.17496109008789,0,0.007235910170167404
2019-12-05,47.43204879760742,0,0.005449664431701013
2019-12-06,47.86833190917969,0,0.00919806592023646
2019-12-09,47.66771697998047,0,-0.004190973890208756
2019-12-10,47.81769561767578,0,0.0031463356585401535
2019-12-11,48.510093688964844,0,0.014479954802194984
2019-12-12,49.5452880859375,0,0.021339773194627824
2019-12-13,49.56379318237305,0,0.000373498614105328
2019-12-16,49.99520492553711,0,0.008704171240014989
2019-12-17,50.6369743347168,0,0.012836619234495373
2019-12-18,50.94275665283203,0,0.006038716217402222
2019-12-19,50.858028411865234,0,-0.0016632048702077183
2019-12-20,51.028446197509766,0,0.003350853168440415
2019-12-23,51.07953643798828,0,0.0010012109771237532
2019-12-24,50.97344207763672,100,-0.0020770423490503575
2019-12-26,51.333980560302734,100,0.007073065266357451
2019-12-27,51.49313735961914,100,0.0031004180384851037
2019-12-30,51.07561492919922,100,-0.00810831213301333
2019-12-31,51.18465805053711,0,0.00213493506615722
