Date,Adj Close,Volume,LogReturn
2019-01-02,96.0,2475,
2019-01-03,96.0,3139,0.0
2019-01-04,112.0,5912,0.16666666666666666
2019-01-07,112.0,8901,0.0
2019-01-08,96.0,3607,-0.14285714285714285
2019-01-09,96.0,3102,0.0
2019-01-10,88.0,2997,-0.08333333333333333
2019-01-11,96.0,8656,0.09090909090909091
2019-01-14,96.0,5033,0.0
2019-01-15,88.0,3723,-0.08333333333333333
2019-01-16,88.0,3489,0.0
2019-01-17,88.0,2042,0.0
2019-01-18,88.0,3064,0.0
2019-01-22,80.0,3249,-0.09090909090909091
2019-01-23,80.0,4533,0.0
2019-01-24,80.0,6004,0.0
2019-01-25,80.0,5695,0.0
2019-01-28,80.0,4700,0.0
2019-01-29,72.0,2813,-0.1
2019-01-30,72.0,3486,0.0
2019-01-31,80.0,14625,0.1111111111111111
2019-02-01,80.0,4222,0.0
2019-02-04,80.0,4922,0.0
2019-02-05,80.0,3498,0.0
2019-02-06,72.0,2835,-0.1
2019-02-07,72.0,3669,0.0
2019-02-08,88.0,33080,0.2222222222222222
2019-02-11,80.0,10332,-0.09090909090909091
2019-02-12,80.0,8629,0.0
2019-02-13,72.0,8598,-0.1
2019-02-14,72.0,6653,0.0
2019-02-15,72.0,4911,0.0
2019-02-19,80.0,36220,0.1111111111111111
2019-02-20,80.0,11559,0.0
2019-02-21,72.0,8100,-0.1
2019-02-22,72.0,8644,0.0
2019-02-25,72.0,9106,0.0
2019-02-26,64.0,13530,-0.1111111111111111
2019-02-27,64.0,12050,0.0
2019-02-28,64.0,13466,0.0
2019-03-01,64.0,11153,0.0
2019-03-04,64.0,6219,0.0
2019-03-05,64.0,3676,0.0
2019-03-06,72.0,47133,0.125
2019-03-07,72.0,16662,0.0
2019-03-08,72.0,13067,0.0
2019-03-11,72.0,6223,0.0
2019-03-12,64.0,4395,-0.1111111111111111
2019-03-13,64.0,4857,0.0
2019-03-14,64.0,11084,0.0
2019-03-15,28.399999618530273,117820,-0.5562500059604645
2019-03-18,35.20000076293945,68473,0.2394366632305288
2019-03-19,31.200000762939453,35590,-0.11363636117336184
2019-03-20,26.0,32125,-0.1666666870443225
2019-03-21,24.0,21135,-0.07692307692307693
2019-03-22,30.399999618530273,88645,0.2666666507720947
2019-03-25,37.599998474121094,110665,0.2368420705900954
2019-03-26,31.600000381469727,37173,-0.15957442383358017
2019-03-27,28.399999618530273,19963,-0.10126584570599996
2019-03-28,28.399999618530273,11093,0.0
2019-03-29,11.600000381469727,380990,-0.5915492768562918
2019-04-01,10.0,145390,-0.13793106283217257
2019-04-02,10.800000190734863,455730,0.08000001907348633
2019-04-03,12.0,306480,0.11111109148818314
2019-04-04,11.199999809265137,105520,-0.0666666825612386
2019-04-05,11.199999809265137,47908,0.0
2019-04-08,10.800000190734863,61595,-0.03571425226269879
2019-04-09,10.800000190734863,31298,0.0
2019-04-10,12.800000190734863,166208,0.18518518191469718
2019-04-11,11.600000381469727,78348,-0.09374998370185518
2019-04-12,11.199999809265137,42320,-0.03448280681469336
2019-04-15,10.800000190734863,45350,-0.03571425226269879
2019-04-16,10.0,50320,-0.07407409042651406
2019-04-17,10.800000190734863,452418,0.08000001907348633
2019-04-18,10.800000190734863,87500,0.0
2019-04-22,10.399999618530273,86890,-0.03703708936484497
2019-04-23,10.399999618530273,76830,0.0
2019-04-24,9.600000381469727,69988,-0.07692300638503319
2019-04-25,8.800000190734863,99330,-0.08333334989017845
2019-04-26,8.399999618530273,73248,-0.045454609492592175
2019-04-29,8.800000190734863,47898,0.04761911790117163
2019-04-30,8.800000190734863,50063,0.0
2019-05-01,8.399999618530273,62745,-0.045454609492592175
2019-05-02,8.0,88960,-0.047619004368509764
2019-05-03,7.599999904632568,94973,-0.050000011920928955
2019-05-06,7.599999904632568,55118,0.0
2019-05-07,7.599999904632568,43468,0.0
2019-05-08,7.199999809265137,45960,-0.05263159215615413
2019-05-09,7.199999809265137,42818,0.0
2019-05-10,7.199999809265137,78375,0.0
2019-05-13,8.399999618530273,542350,0.16666664459087172
2019-05-14,8.0,188680,-0.047619004368509764
2019-05-15,7.199999809265137,169020,-0.10000002384185791
2019-05-16,6.800000190734863,95775,-0.05555550404536735
2019-05-17,6.400000095367432,103645,-0.058823541786431094
2019-05-20,6.400000095367432,64248,0.0
2019-05-21,6.800000190734863,119990,0.06250001396983841
2019-05-22,6.400000095367432,62255,-0.058823541786431094
2019-05-23,6.0,39290,-0.06250001396983841
2019-05-24,6.400000095367432,32653,0.0666666825612386
2019-05-28,6.400000095367432,64283,0.0
2019-05-29,6.400000095367432,64625,0.0
2019-05-30,6.400000095367432,42298,0.0
2019-05-31,6.0,53523,-0.06250001396983841
2019-06-03,6.0,39515,0.0
2019-06-04,6.0,70558,0.0
2019-06-05,6.400000095367432,73788,0.0666666825612386
2019-06-06,6.0,16625,-0.06250001396983841
2019-06-07,6.0,21265,0.0
2019-06-10,6.0,42290,0.0
2019-06-11,5.599999904632568,39583,-0.0666666825612386
2019-06-12,5.599999904632568,56528,0.0
2019-06-13,5.599999904632568,28030,0.0
2019-06-14,5.599999904632568,63340,0.0
2019-06-17,5.599999904632568,28255,0.0
2019-06-18,6.400000095367432,260795,0.14285717934978315
2019-06-19,6.0,60235,-0.06250001396983841
2019-06-20,5.599999904632568,29663,-0.0666666825612386
2019-06-21,6.0,62323,0.07142858967489157
2019-06-24,6.800000190734863,107450,0.1333333651224772
2019-06-25,6.800000190734863,153080,0.0
2019-06-26,14.800000190734863,964975,1.1764705552361838
2019-06-27,9.199999809265137,408360,-0.3783783992770118
2019-06-28,12.0,687765,0.3043478531287619
2019-07-01,10.0,202283,-0.16666666666666666
2019-07-02,9.600000381469727,151473,-0.039999961853027344
2019-07-03,9.199999809265137,102018,-0.04166672461562456
2019-07-05,9.199999809265137,53055,0.0
2019-07-08,11.199999809265137,168758,0.21739130885479366
2019-07-09,10.0,192288,-0.10714284193759036
2019-07-10,10.0,139465,0.0
2019-07-11,9.600000381469727,72578,-0.039999961853027344
2019-07-12,9.199999809265137,46893,-0.04166672461562456
2019-07-15,8.800000190734863,110128,-0.043478220306857156
2019-07-16,8.0,56940,-0.09090911061310529
2019-07-17,8.0,65648,0.0
2019-07-18,8.0,192933,0.0
2019-07-19,7.599999904632568,39115,-0.050000011920928955
2019-07-22,7.199999809265137,41705,-0.05263159215615413
2019-07-23,6.400000095367432,63303,-0.11111107431811953
2019-07-24,7.199999809265137,68455,0.12499995343387196
2019-07-25,6.800000190734863,47060,-0.05555550404536735
2019-07-26,5.599999904632568,130993,-0.17647062535929328
2019-07-29,5.599999904632568,39480,0.0
2019-07-30,6.0,56675,0.07142858967489157
2019-07-31,5.599999904632568,62028,-0.0666666825612386
2019-08-01,5.599999904632568,76445,0.0
2019-08-02,5.599999904632568,91510,0.0
2019-08-05,5.599999904632568,193408,0.0
2019-08-06,4.179999828338623,418400,-0.2535714465136434
2019-08-07,3.0,338400,-0.2822966212435526
2019-08-08,2.3299999237060547,225500,-0.22333335876464844
2019-08-09,2.390000104904175,170700,0.025751151572007323
2019-08-12,2.299999952316284,73800,-0.03765696595712037
2019-08-13,2.069999933242798,149400,-0.10000001036602539
2019-08-14,2.059999942779541,169400,-0.004830913423070096
2019-08-15,1.7200000286102295,103100,-0.1650485066084771
2019-08-16,2.059999942779541,202300,0.1976743654150015
2019-08-19,4.800000190734863,15230800,1.3300972446913093
2019-08-20,3.5899999141693115,1454600,-0.252083380934263
2019-08-21,3.2100000381469727,1321000,-0.1058495501692141
2019-08-22,3.180000066757202,684300,-0.009345785368615916
2019-08-23,3.3299999237060547,364000,0.04716976534589024
2019-08-26,3.359999895095825,851900,0.009009000623754567
2019-08-27,2.880000114440918,422400,-0.14285708203607486
2019-08-28,3.180000066757202,4531100,0.10416664597061027
2019-08-29,3.240000009536743,319000,0.018867906138356098
2019-08-30,3.049999952316284,184700,-0.05864199279666832
2019-09-03,3.009999990463257,615500,-0.013114741796192448
2019-09-04,2.809999942779541,419800,-0.0664451987765404
2019-09-05,2.9000000953674316,271500,0.032028524704831855
2019-09-06,2.809999942779541,109000,-0.031034534354554066
2019-09-09,2.890000104904175,131400,0.028469809165013998
2019-09-10,2.990000009536743,231800,0.034602041869435884
2019-09-11,3.1700000762939453,467000,0.060200691031131646
2019-09-12,2.940000057220459,229500,-0.07255520931796945
2019-09-13,3.0399999618530273,843900,0.0340135723422776
2019-09-16,3.0199999809265137,193100,-0.00657894117680275
2019-09-17,2.9600000381469727,169700,-0.019867530847180164
2019-09-18,2.7899999618530273,180800,-0.05743245746725369
2019-09-19,2.8299999237060547,159300,0.014336904085998865
2019-09-20,2.6600000858306885,180300,-0.060070615709678615
2019-09-23,2.5999999046325684,173400,-0.022556458369204422
2019-09-24,2.5199999809265137,146500,-0.03076920255401327
2019-09-25,2.259999990463257,125600,-0.10317460017109371
2019-09-26,2.240000009536743,66300,-0.008849549119871482
2019-09-27,2.2200000286102295,68200,-0.008928562875609045
2019-09-30,2.0899999141693115,65800,-0.05855860935384807
2019-10-01,1.9199999570846558,123500,-0.08133969572540567
2019-10-02,1.899999976158142,95100,-0.010416656965389631
2019-10-03,2.0,153200,0.05263159215615413
2019-10-04,2.130000114440918,582200,0.06500005722045898
2019-10-07,1.9199999570846558,265700,-0.09859161787481077
2019-10-08,1.850000023841858,102800,-0.03645829937886371
2019-10-09,1.8300000429153442,214000,-0.010810800361494111
2019-10-10,1.7799999713897705,70200,-0.027322442815858848
2019-10-11,1.690000057220459,195700,-0.050561750346008315
2019-10-14,1.659999966621399,148100,-0.017751532297816112
2019-10-15,1.6299999952316284,140800,-0.018072272284938358
2019-10-16,1.7300000190734863,370600,0.06134970805791173
2019-10-17,1.7200000286102295,95200,-0.005780341244511894
2019-10-18,1.659999966621399,154100,-0.03488375638999901
2019-10-21,1.6200000047683716,92700,-0.02409636304658448
2019-10-22,1.590000033378601,89600,-0.018518500803374947
2019-10-23,1.5,116200,-0.05660379338946266
2019-10-24,1.309999942779541,258600,-0.1266667048136393
2019-10-25,1.4500000476837158,1157400,0.10687031375522382
2019-10-28,1.3799999952316284,1072100,-0.048275896655250526
2019-10-29,1.25,366800,-0.09420289542088611
2019-10-30,1.159999966621399,357800,-0.07200002670288086
2019-10-31,1.1200000047683716,154500,-0.034482726727597
2019-11-01,1.2000000476837158,690100,0.07142860944173758
2019-11-04,1.399999976158142,513000,0.16666660043928622
2019-11-05,1.3700000047683716,236300,-0.021428551357619275
2019-11-06,1.2400000095367432,207900,-0.0948905071380695
2019-11-07,1.25,58300,0.008064508376086847
2019-11-08,1.2699999809265137,75500,0.015999984741210938
2019-11-11,1.2400000095367432,79000,-0.023622025071121953
2019-11-12,1.2699999809265137,76800,0.02419352512826054
2019-11-13,1.2599999904632568,69800,-0.00787400835704065
2019-11-14,1.2100000381469727,111500,-0.03968250213867144
2019-11-15,1.149999976158142,114500,-0.04958682652664732
2019-11-18,1.1200000047683716,31400,-0.026086932184114293
2019-11-19,1.0499999523162842,104000,-0.06250004656612854
2019-11-20,0.9599999785423279,206200,-0.08571426462964851
2019-11-21,0.800000011920929,267000,-0.16666663562258016
2019-11-22,0.8199999928474426,248300,0.024999975785613422
2019-11-25,0.8299999833106995,81800,0.01219511042741837
2019-11-26,0.8799999952316284,124700,0.06024097942928767
2019-11-27,0.9399999976158142,233100,0.06818182126057051
2019-11-29,0.9300000071525574,78000,-0.010638287753851585
2019-12-02,0.8899999856948853,118700,-0.04301077543014525
2019-12-03,0.9100000262260437,86700,0.022471956014182424
2019-12-04,0.8500000238418579,61800,-0.06593406665384184
2019-12-05,0.8199999928474426,28700,-0.03529415312110247
2019-12-06,0.8399999737739563,88500,0.02439022085483674
2019-12-09,0.8700000047683716,17800,0.035714323727453215
2019-12-10,0.8799999952316284,91400,0.011494241848790828
2019-12-11,1.6100000143051147,7244400,0.8295454807148493
2019-12-12,1.25,1837600,-0.22360249137046923
2019-12-13,1.159999966621399,420500,-0.07200002670288086
2019-12-16,1.0099999904632568,451300,-0.12931032799512063
2019-12-17,1.0099999904632568,208300,0.0
2019-12-18,1.0700000524520874,228000,0.05940600253006966
2019-12-19,1.1699999570846558,643400,0.093457850215429
2019-12-20,1.1100000143051147,158600,-0.05128200425668879
2019-12-23,1.25,1287000,0.12612611161318626
2019-12-24,1.2300000190734863,246700,-0.015999984741210938
2019-12-26,1.2000000476837158,141100,-0.02439022026387315
2019-12-27,1.190000057220459,72000,-0.008333325054910776
2019-12-30,1.190000057220459,0,0.0
