Date,Adj Close,Volume,LogReturn
2019-01-02,3160.0,10920,
2019-01-03,3160.0,76760,0.0
2019-01-04,3180.0,28020,0.006329113924050633
2019-01-07,3250.0,4730,0.0220125786163522
2019-01-08,3250.0,7710,0.0
2019-01-09,3250.0,940,0.0
2019-01-10,3200.0,14660,-0.015384615384615385
2019-01-11,3160.0,2010,-0.0125
2019-01-14,3200.0,23460,0.012658227848101266
2019-01-15,3200.0,8930,0.0
2019-01-16,3200.0,81760,0.0
2019-01-17,3200.0,26090,0.0
2019-01-18,3200.0,19600,0.0
2019-01-22,3200.0,110720,0.0
2019-01-23,3200.0,21680,0.0
2019-01-24,3220.0,23520,0.00625
2019-01-25,3200.0,23270,-0.006211180124223602
2019-01-28,3200.0,7600,0.0
2019-01-29,3200.0,34680,0.0
2019-01-30,3290.0,10020,0.028125
2019-01-31,3290.0,2260,0.0
2019-02-01,3280.0,12080,-0.00303951367781155
2019-02-04,3280.0,0,0.0
2019-02-11,3130.0,1770,-0.04573170731707317
2019-02-12,3230.0,217330,0.03194888178913738
2019-02-13,3200.0,225840,-0.009287925696594427
2019-02-14,3240.0,83290,0.0125
2019-02-15,3200.0,3040,-0.012345679012345678
2019-02-19,3160.0,58760,-0.0125
2019-02-20,3160.0,163660,0.0
2019-02-21,3150.0,19780,-0.0031645569620253164
2019-02-22,3200.0,98200,0.015873015873015872
2019-02-25,3120.0,57700,-0.025
2019-02-26,3330.0,230250,0.0673076923076923
2019-02-27,3350.0,27140,0.006006006006006006
2019-02-28,3220.0,18720,-0.03880597014925373
2019-03-01,3300.0,133520,0.024844720496894408
2019-03-04,3300.0,89450,0.0
2019-03-05,3400.0,145650,0.030303030303030304
2019-03-06,3390.0,218030,-0.0029411764705882353
2019-03-07,3500.0,196640,0.032448377581120944
2019-03-08,3500.0,0,0.0
2019-03-11,3400.0,95020,-0.02857142857142857
2019-03-12,3430.0,153440,0.008823529411764706
2019-03-13,3420.0,43810,-0.0029154518950437317
2019-03-14,3320.0,63580,-0.029239766081871343
2019-03-15,3300.0,28210,-0.006024096385542169
2019-03-18,3300.0,26400,0.0
2019-03-19,3530.0,405150,0.0696969696969697
2019-03-20,3730.0,293630,0.056657223796033995
2019-03-21,3670.0,131390,-0.0160857908847185
2019-03-22,3500.0,36330,-0.04632152588555858
2019-03-25,3490.0,23520,-0.002857142857142857
2019-03-26,3450.0,55570,-0.011461318051575931
2019-03-27,3400.0,90460,-0.014492753623188406
2019-03-28,3310.0,570,-0.026470588235294117
2019-03-29,3520.0,212540,0.0634441087613293
2019-04-01,3530.0,6810,0.002840909090909091
2019-04-02,3500.0,23020,-0.0084985835694051
2019-04-03,3460.0,12410,-0.011428571428571429
2019-04-04,3480.0,9580,0.005780346820809248
2019-04-05,3540.0,27950,0.017241379310344827
2019-04-08,3310.0,190180,-0.06497175141242938
2019-04-09,3460.0,86460,0.045317220543806644
2019-04-10,3400.0,63700,-0.017341040462427744
2019-04-11,3390.0,9660,-0.0029411764705882353
2019-04-12,3370.0,6310,-0.0058997050147492625
2019-04-15,3370.0,0,0.0
2019-04-16,3310.0,5230,-0.017804154302670624
2019-04-17,3250.0,11110,-0.01812688821752266
2019-04-18,3100.0,117170,-0.046153846153846156
2019-04-22,3220.0,124200,0.03870967741935484
2019-04-23,3160.0,22190,-0.018633540372670808
2019-04-24,3180.0,13330,0.006329113924050633
2019-04-25,3000.0,24810,-0.05660377358490566
2019-04-26,3190.0,19290,0.06333333333333334
2019-04-29,3190.0,0,0.0
2019-05-02,3050.0,9040,-0.0438871473354232
2019-05-03,3180.0,23830,0.04262295081967213
2019-05-06,3180.0,100240,0.0
2019-05-07,3160.0,105300,-0.006289308176100629
2019-05-08,3160.0,58820,0.0
2019-05-09,3160.0,110,0.0
2019-05-10,3130.0,2110,-0.00949367088607595
2019-05-13,3150.0,225300,0.006389776357827476
2019-05-14,3150.0,104910,0.0
2019-05-15,3100.0,101550,-0.015873015873015872
2019-05-16,3140.0,110130,0.012903225806451613
2019-05-17,3050.0,3410,-0.028662420382165606
2019-05-20,3070.0,80210,0.006557377049180328
2019-05-21,3090.0,27030,0.006514657980456026
2019-05-22,3070.0,85520,-0.006472491909385114
2019-05-23,3050.0,35930,-0.006514657980456026
2019-05-24,3000.0,229680,-0.01639344262295082
2019-05-28,3140.0,11090,0.04666666666666667
2019-05-29,3030.0,5040,-0.03503184713375796
2019-05-30,2980.0,64540,-0.0165016501650165
2019-05-31,2980.0,27730,0.0
2019-06-03,2960.0,62490,-0.006711409395973154
2019-06-04,2930.0,64340,-0.010135135135135136
2019-06-05,2980.0,16920,0.017064846416382253
2019-06-06,2980.0,7220,0.0
2019-06-07,2930.0,900,-0.016778523489932886
2019-06-10,2930.0,25970,0.0
2019-06-11,2960.0,15090,0.010238907849829351
2019-06-12,2920.0,29170,-0.013513513513513514
2019-06-13,2910.0,2040,-0.003424657534246575
2019-06-14,2950.0,128100,0.013745704467353952
2019-06-17,2830.0,67940,-0.04067796610169491
2019-06-18,2830.0,168920,0.0
2019-06-19,2830.0,91640,0.0
2019-06-20,2840.0,115310,0.0035335689045936395
2019-06-21,2830.0,6940,-0.0035211267605633804
2019-06-24,2840.0,65510,0.0035335689045936395
2019-06-25,2950.0,30120,0.03873239436619718
2019-06-26,3150.0,76720,0.06779661016949153
2019-06-27,3000.0,141380,-0.047619047619047616
2019-06-28,2950.0,4190,-0.016666666666666666
2019-07-01,2950.0,3650,0.0
2019-07-02,2970.0,10130,0.006779661016949152
2019-07-03,2990.0,18510,0.006734006734006734
2019-07-05,2970.0,5170,-0.006688963210702341
2019-07-08,2970.0,90,0.0
2019-07-09,3000.0,5420,0.010101010101010102
2019-07-10,2900.0,4270,-0.03333333333333333
2019-07-11,2880.0,133110,-0.006896551724137931
2019-07-12,2980.0,216050,0.034722222222222224
2019-07-15,3150.0,85040,0.05704697986577181
2019-07-16,3060.0,1660,-0.02857142857142857
2019-07-17,2980.0,15300,-0.026143790849673203
2019-07-18,2980.0,12610,0.0
2019-07-19,2980.0,1000,0.0
2019-07-22,2950.0,14740,-0.010067114093959731
2019-07-23,2900.0,11750,-0.01694915254237288
2019-07-24,2900.0,6460,0.0
2019-07-25,2900.0,0,0.0
2019-07-31,2820.0,52480,-0.027586206896551724
2019-08-01,2840.0,11130,0.0070921985815602835
2019-08-02,2930.0,11600,0.03169014084507042
2019-08-05,2900.0,22030,-0.010238907849829351
2019-08-07,2850.0,53030,-0.017241379310344827
2019-08-08,2850.0,10090,0.0
2019-08-09,2880.0,26600,0.010526315789473684
2019-08-12,2950.0,27210,0.024305555555555556
2019-08-13,2790.0,22670,-0.05423728813559322
2019-08-14,2840.0,27590,0.017921146953405017
2019-08-15,2870.0,51580,0.01056338028169014
2019-08-16,2880.0,98070,0.003484320557491289
2019-08-19,2920.0,13780,0.013888888888888888
2019-08-20,2900.0,3820,-0.00684931506849315
2019-08-21,2900.0,113080,0.0
2019-08-22,2900.0,224100,0.0
2019-08-23,2910.0,120230,0.0034482758620689655
2019-08-26,2950.0,29520,0.013745704467353952
2019-08-27,2900.0,3750,-0.01694915254237288
2019-08-28,2890.0,69640,-0.0034482758620689655
2019-08-29,2920.0,23400,0.010380622837370242
2019-08-30,2860.0,63630,-0.02054794520547945
2019-09-03,2850.0,36200,-0.0034965034965034965
2019-09-04,2830.0,54340,-0.007017543859649123
2019-09-05,2780.0,58690,-0.0176678445229682
2019-09-06,2840.0,5320,0.02158273381294964
2019-09-09,2840.0,1050,0.0
2019-09-10,2830.0,840,-0.0035211267605633804
2019-09-11,2800.0,9370,-0.01060070671378092
2019-09-12,2700.0,84670,-0.03571428571428571
2019-09-13,2700.0,21760,0.0
2019-09-16,2740.0,12790,0.014814814814814815
2019-09-17,2680.0,3580,-0.021897810218978103
2019-09-18,2640.0,85950,-0.014925373134328358
2019-09-19,2510.0,34610,-0.04924242424242424
2019-09-20,2660.0,14830,0.05976095617529881
2019-09-23,2480.0,204120,-0.06766917293233082
2019-09-24,2480.0,164950,0.0
2019-09-25,2480.0,10640,0.0
2019-09-26,2310.0,99790,-0.06854838709677419
2019-09-27,2150.0,325540,-0.06926406926406926
2019-09-30,2000.0,829360,-0.06976744186046512
2019-10-01,2090.0,180230,0.045
2019-10-02,1950.0,682940,-0.06698564593301436
2019-10-03,1820.0,1321530,-0.06666666666666667
2019-10-04,1940.0,925420,0.06593406593406594
2019-10-07,1950.0,287330,0.005154639175257732
2019-10-08,1880.0,308700,-0.035897435897435895
2019-10-09,1800.0,909290,-0.0425531914893617
2019-10-10,1790.0,146710,-0.005555555555555556
2019-10-11,1800.0,80610,0.00558659217877095
2019-10-14,1780.0,117140,-0.011111111111111112
2019-10-15,1700.0,944250,-0.0449438202247191
2019-10-16,1810.0,485120,0.06470588235294118
2019-10-17,1810.0,276450,0.0
2019-10-18,1760.0,202200,-0.027624309392265192
2019-10-21,1850.0,182840,0.05113636363636364
2019-10-22,1830.0,186140,-0.010810810810810811
2019-10-23,1830.0,102230,0.0
2019-10-24,1940.0,1187530,0.060109289617486336
2019-10-25,1900.0,271850,-0.020618556701030927
2019-10-28,1890.0,113670,-0.005263157894736842
2019-10-29,1810.0,345760,-0.042328042328042326
2019-10-30,1800.0,211990,-0.0055248618784530384
2019-10-31,1800.0,73570,0.0
2019-11-01,1760.0,98980,-0.022222222222222223
2019-11-04,1760.0,105220,0.0
2019-11-05,1740.0,303550,-0.011363636363636364
2019-11-06,1740.0,137400,0.0
2019-11-07,1780.0,147110,0.022988505747126436
2019-11-08,1760.0,54580,-0.011235955056179775
2019-11-11,1740.0,162860,-0.011363636363636364
2019-11-12,1750.0,203900,0.005747126436781609
2019-11-13,1730.0,111900,-0.011428571428571429
2019-11-14,1850.0,1172840,0.06936416184971098
2019-11-15,1970.0,714130,0.06486486486486487
2019-11-18,2100.0,178370,0.06598984771573604
2019-11-19,2240.0,292540,0.06666666666666667
2019-11-20,2110.0,1990200,-0.05803571428571429
2019-11-21,2140.0,334640,0.014218009478672985
2019-11-22,2090.0,145820,-0.02336448598130841
2019-11-25,1950.0,501100,-0.06698564593301436
2019-11-26,1940.0,304950,-0.005128205128205128
2019-11-27,1990.0,95620,0.02577319587628866
2019-11-29,2120.0,893800,0.06532663316582915
2019-12-02,2170.0,336430,0.02358490566037736
2019-12-03,1.2599999904632568,0,-0.9994193548431045
2019-12-05,1.2799999713897705,1183153,0.015873000855468576
2019-12-06,1970.0,31820,1538.0625344007283
2019-12-09,1950.0,109990,-0.01015228426395939
2019-12-10,1900.0,146900,-0.02564102564102564
2019-12-11,1920.0,391370,0.010526315789473684
2019-12-12,2050.0,228560,0.06770833333333333
2019-12-13,1960.0,156050,-0.04390243902439024
2019-12-16,1990.0,280100,0.015306122448979591
2019-12-17,1950.0,283530,-0.020100502512562814
2019-12-18,1950.0,369860,0.0
2019-12-19,2000.0,366160,0.02564102564102564
2019-12-20,1970.0,91560,-0.015
2019-12-23,2070.0,174720,0.050761421319796954
2019-12-24,1990.0,104090,-0.03864734299516908
2019-12-26,1970.0,85470,-0.010050251256281407
2019-12-27,1970.0,201850,0.0
2019-12-30,1970.0,506860,0.0
2019-12-31,1950.0,349240,-0.01015228426395939
