Date,Adj Close,Volume,LogReturn
2019-01-02,2.700000047683716,2343800,
2019-01-03,2.700000047683716,2474900,0.0
2019-01-04,2.630000114440918,2300700,-0.02592590074316836
2019-01-07,2.8399999141693115,2824100,0.07984782912187631
2019-01-08,2.819999933242798,2957900,-0.007042247017941755
2019-01-09,3.75,5073900,0.3297872655222969
2019-01-10,3.7200000286102295,2339800,-0.007999992370605469
2019-01-11,4.0,2062900,0.07526880893449264
2019-01-14,3.890000104904175,1471200,-0.0274999737739563
2019-01-15,3.9800000190734863,1096100,0.02313622409825836
2019-01-16,4.03000020980835,1586000,0.01256286193347882
2019-01-17,3.9600000381469727,1545900,-0.017369768738723187
2019-01-18,3.950000047683716,927400,-0.0025252500926581287
2019-01-22,3.950000047683716,683200,0.0
2019-01-23,4.079999923706055,1916600,0.032911360621013394
2019-01-24,4.150000095367432,729300,0.017156905139790426
2019-01-25,4.260000228881836,1437000,0.02650605565941924
2019-01-28,4.170000076293945,741200,-0.021126795247030736
2019-01-29,4.079999923706055,813200,-0.021582770009893514
2019-01-30,4.199999809265137,1190200,0.029411737206622428
2019-01-31,4.25,1119900,0.011904807858458375
2019-02-01,4.360000133514404,957000,0.02588238435633042
2019-02-04,4.980000019073486,1912800,0.14220180425988369
2019-02-05,5.110000133514404,2307500,0.026104440550806282
2019-02-06,5.210000038146973,1339800,0.019569452450051775
2019-02-07,5.130000114440918,1273300,-0.015355071616181418
2019-02-08,5.010000228881836,1151900,-0.023391790035497878
2019-02-11,4.900000095367432,1085100,-0.02195611347086801
2019-02-12,5.21999979019165,2191400,0.06530605889717299
2019-02-13,7.260000228881836,17826800,0.3908046974490947
2019-02-14,7.409999847412109,4535400,0.020661103829383205
2019-02-15,8.029999732971191,5179800,0.08367070152850443
2019-02-19,8.510000228881836,4360600,0.059775904342781204
2019-02-20,8.510000228881836,3067900,0.0
2019-02-21,8.380000114440918,2131000,-0.01527615874788281
2019-02-22,8.65999984741211,2094100,0.033412855506848874
2019-02-25,8.40999984741211,1922500,-0.02886836078579241
2019-02-26,8.550000190734863,2636900,0.016646890114490814
2019-02-27,8.920000076293945,1947600,0.04327483945088438
2019-02-28,9.1899995803833,2634600,0.03026900244170559
2019-03-01,9.180000305175781,2481500,-0.0010880604639921514
2019-03-04,8.890000343322754,2054500,-0.03159040873773417
2019-03-05,9.34000015258789,2512000,0.050618649256085786
2019-03-06,9.789999961853027,4319300,0.048179850311935224
2019-03-07,9.229999542236328,2529700,-0.057201268825204744
2019-03-08,9.3100004196167,1353100,0.008667484436406348
2019-03-11,10.029999732971191,2179200,0.07733612039774056
2019-03-12,10.09000015258789,1892800,0.005982095833907392
2019-03-13,10.5,3000100,0.04063427564041734
2019-03-14,11.020000457763672,3051100,0.0495238531203497
2019-03-15,11.100000381469727,5408100,0.0072595209058901764
2019-03-18,11.380000114440918,2167700,0.025225200301670372
2019-03-19,11.020000457763672,1659000,-0.03163441591010321
2019-03-20,10.949999809265137,1980900,-0.0063521456978905275
2019-03-21,11.430000305175781,1665200,0.043835662490560146
2019-03-22,10.75,1793200,-0.05949258854068977
2019-03-25,10.350000381469727,1968200,-0.037209266840025436
2019-03-26,10.539999961853027,988100,0.018357446703429044
2019-03-27,10.329999923706055,1119500,-0.019924102363094578
2019-03-28,10.300000190734863,1172100,-0.00290413680472018
2019-03-29,11.069999694824219,2412900,0.07475723202238302
2019-04-01,11.609999656677246,1498800,0.048780485703672105
2019-04-02,12.020000457763672,1585200,0.0353144541955798
2019-04-03,11.899999618530273,1975200,-0.009983430504438156
2019-04-04,11.9399995803833,1461900,0.0033613414399392724
2019-04-05,11.65999984741211,1742500,-0.02345056472457621
2019-04-08,12.010000228881836,1480700,0.03001718576758024
2019-04-09,11.920000076293945,1460900,-0.007493767766253397
2019-04-10,12.579999923706055,1778100,0.05536911436139104
2019-04-11,12.529999732971191,870000,-0.003974577983950677
2019-04-12,12.699999809265137,1219000,0.013567444526483948
2019-04-15,12.6899995803833,1048900,-0.0007874196088208117
2019-04-16,12.760000228881836,1456600,0.005516205737842963
2019-04-17,12.59000015258789,1162700,-0.013322889752709862
2019-04-18,12.720000267028809,1018800,0.010325664246651838
2019-04-22,12.979999542236328,1330500,0.020440194162688587
2019-04-23,13.300000190734863,1237200,0.024653363619718753
2019-04-24,13.020000457763672,1103600,-0.021052611199678533
2019-04-25,12.710000038146973,1040500,-0.02380955520104069
2019-04-26,12.6899995803833,1181600,-0.0015736001340396375
2019-04-29,12.430000305175781,2152600,-0.020488517242304452
2019-04-30,10.09000015258789,6813000,-0.18825423130629593
2019-05-01,8.949999809265137,5159900,-0.1129831839527144
2019-05-02,9.529999732971191,2477500,0.06480446213033798
2019-05-03,10.9399995803833,3173700,0.1479538181448102
2019-05-06,11.010000228881836,2338100,0.0063985970003193155
2019-05-07,11.0,2240100,-0.0009082859831013419
2019-05-08,10.930000305175781,1035200,-0.006363608620383523
2019-05-09,10.850000381469727,1024500,-0.0073192974814622475
2019-05-10,10.5600004196167,1308900,-0.026728106143508203
2019-05-13,9.720000267028809,2025300,-0.07954546583421258
2019-05-14,10.140000343322754,1063200,0.043209883205314985
2019-05-15,10.180000305175781,1091800,0.003944769279950522
2019-05-16,9.960000038146973,1380200,-0.021611027547509466
2019-05-17,9.65999984741211,1638600,-0.030120500962435477
2019-05-20,9.539999961853027,1016600,-0.012422348597782816
2019-05-21,10.130000114440918,928400,0.06184487997348905
2019-05-22,9.359999656677246,786000,-0.07601189033216203
2019-05-23,8.9399995803833,1145700,-0.044871804668745394
2019-05-24,9.210000038146973,723700,0.030201394903431936
2019-05-28,9.520000457763672,1561100,0.033659111653931165
2019-05-29,9.399999618530273,712000,-0.012605129565465131
2019-05-30,9.100000381469727,749700,-0.03191481374841299
2019-05-31,8.5,1301400,-0.06593410508987489
2019-06-03,8.75,1521400,0.029411764705882353
2019-06-04,9.460000038146973,1791600,0.08114286150251115
2019-06-05,9.050000190734863,860500,-0.04334036424511688
2019-06-06,9.210000038146973,935100,0.01767954077790106
2019-06-07,9.279999732971191,751100,0.007600401143787888
2019-06-10,9.420000076293945,1536800,0.015086244326639629
2019-06-11,9.3100004196167,1314300,-0.011677245837191395
2019-06-12,9.100000381469727,537800,-0.022556394058209778
2019-06-13,9.140000343322754,1038400,0.004395600019366923
2019-06-14,8.75,836300,-0.042669620204956495
2019-06-17,9.0,585800,0.02857142857142857
2019-06-18,9.430000305175781,1066000,0.047777811686197914
2019-06-19,9.390000343322754,908900,-0.004241777365698794
2019-06-20,9.529999732971191,819100,0.014909412622970917
2019-06-21,8.829999923706055,978300,-0.07345223807754463
2019-06-24,8.699999809265137,931400,-0.014722549894015785
2019-06-25,8.3100004196167,714800,-0.044827517034322736
2019-06-26,8.680000305175781,677300,0.044524653053645495
2019-06-27,8.829999923706055,638100,0.01728106143508203
2019-06-28,9.15999984741211,2692800,0.03737258511408342
2019-07-01,9.279999732971191,812100,0.013100424405900453
2019-07-02,9.3100004196167,725600,0.003232832705686129
2019-07-03,9.329999923706055,424800,0.0021481743488663413
2019-07-05,9.569999694824219,497900,0.025723448347342703
2019-07-08,9.399999618530273,985000,-0.017763853888719257
2019-07-09,9.399999618530273,892300,0.0
2019-07-10,9.510000228881836,513800,0.011702193065488817
2019-07-11,9.0,648300,-0.0536277830291704
2019-07-12,9.199999809265137,745300,0.022222201029459637
2019-07-15,9.4399995803833,612400,0.026086932184114293
2019-07-16,9.770000457763672,715900,0.03495772161538293
2019-07-17,9.279999732971191,734400,-0.05015360305363183
2019-07-18,9.5,571400,0.02370692600853888
2019-07-19,9.670000076293945,955000,0.017894744873046875
2019-07-22,9.65999984741211,933900,-0.0010341498245022304
2019-07-23,10.039999961853027,1075000,0.03933748658833769
2019-07-24,10.289999961853027,1293300,0.024900398500983547
2019-07-25,13.170000076293945,5356200,0.2798833940833452
2019-07-26,13.890000343322754,3961400,0.05466972383127105
2019-07-29,14.220000267028809,1901100,0.0237580932720922
2019-07-30,14.130000114440918,1386400,-0.0063291245357125206
2019-07-31,13.90999984741211,1568500,-0.015569728609129127
2019-08-01,13.59000015258789,1449400,-0.023005010663875256
2019-08-02,13.34000015258789,998000,-0.018395879116483563
2019-08-05,12.84000015258789,1776900,-0.03748125894159024
2019-08-06,12.789999961853027,1010700,-0.003894095805348241
2019-08-07,13.390000343322754,1269100,0.04691167969188938
2019-08-08,14.180000305175781,1516400,0.05899924881234076
2019-08-09,14.199999809265137,1366400,0.0014104022326470286
2019-08-12,13.539999961853027,658600,-0.04647886311811612
2019-08-13,13.65999984741211,1662500,0.008862620819583765
2019-08-14,12.84000015258789,1647700,-0.06002926090658543
2019-08-15,12.449999809265137,1536500,-0.030373858153276555
2019-08-16,12.489999771118164,918000,0.003212848390829682
2019-08-19,12.350000381469727,1133400,-0.011208918511925969
2019-08-20,12.0600004196167,963600,-0.023481777562383812
2019-08-21,12.329999923706055,797700,0.022388017802236263
2019-08-22,12.539999961853027,990400,0.017031633369536347
2019-08-23,11.579999923706055,1057100,-0.07655502719835049
2019-08-26,11.609999656677246,1579500,0.0025906505327152295
2019-08-27,10.760000228881836,1621700,-0.07321270051085238
2019-08-28,10.479999542236328,2452700,-0.026022368093816025
2019-08-29,11.039999961853027,1922400,0.05343515687761191
2019-08-30,11.210000038146973,952600,0.015398557688528412
2019-09-03,11.010000228881836,1180800,-0.01784119612707842
2019-09-04,11.760000228881836,733000,0.06811988959206128
2019-09-05,12.649999618530273,1221100,0.07568021873525596
2019-09-06,12.770000457763672,749200,0.009486232636530357
2019-09-09,13.029999732971191,529800,0.02036016177661528
2019-09-10,13.470000267028809,905000,0.03376826884687013
2019-09-11,13.949999809265137,995900,0.035634709184917165
2019-09-12,13.4399995803833,734900,-0.03655915669211052
2019-09-13,13.369999885559082,534000,-0.005208310789413165
2019-09-16,13.449999809265137,651700,0.005983539595423818
2019-09-17,13.569999694824219,1207000,0.00892192470340551
2019-09-18,13.40999984741211,976700,-0.011790703832744777
2019-09-19,13.199999809265137,801900,-0.015659958280126222
2019-09-20,12.319999694824219,1420700,-0.06666667629974071
2019-09-23,12.319999694824219,642800,0.0
2019-09-24,11.869999885559082,835200,-0.03652595944902394
2019-09-25,12.039999961853027,608000,0.014321826279102633
2019-09-26,11.4399995803833,936100,-0.04983391888461293
2019-09-27,11.420000076293945,2046700,-0.0017482084635430887
2019-09-30,11.199999809265137,1564800,-0.019264471590109113
2019-10-01,10.710000038146973,1165400,-0.043749980309179516
2019-10-02,10.369999885559082,1150300,-0.03174604588019375
2019-10-03,10.079999923706055,1998300,-0.027965281104474424
2019-10-04,9.899999618530273,833000,-0.017857173267676135
2019-10-07,9.789999961853027,1847900,-0.011111076860180358
2019-10-08,9.260000228881836,1674200,-0.05413684729686907
2019-10-09,9.09000015258789,1663200,-0.018358539102808765
2019-10-10,9.140000343322754,944400,0.005500570945604265
2019-10-11,9.329999923706055,830400,0.020787699479913626
2019-10-14,9.369999885559082,619700,0.004287241391223784
2019-10-15,9.420000076293945,738400,0.005336199716706817
2019-10-16,9.369999885559082,611800,-0.0053078758312000525
2019-10-17,9.520000457763672,655100,0.016008599150120453
2019-10-18,9.050000190734863,944800,-0.04936977357448737
2019-10-21,9.539999961853027,917100,0.054143619976915816
2019-10-22,9.5,861700,-0.004192868135531716
2019-10-23,9.529999732971191,868300,0.0031578666285464636
2019-10-24,9.539999961853027,783500,0.0010493419897209316
2019-10-25,9.640000343322754,813600,0.010482220321760119
2019-10-28,9.880000114440918,1343600,0.024896240930572414
2019-10-29,6.960000038146973,8068700,-0.29554656300317056
2019-10-30,6.920000076293945,3285600,-0.005747120924395414
2019-10-31,7.0,3900600,0.011560682489023788
2019-11-01,7.480000019073486,2600100,0.06857143129621233
2019-11-04,8.210000038146973,2772700,0.09759358518877492
2019-11-05,8.630000114440918,1772800,0.05115713451187034
2019-11-06,8.270000457763672,1191200,-0.04171490752066672
2019-11-07,8.119999885559082,877000,-0.01813791582850192
2019-11-08,8.319999694824219,700700,0.024630518729541365
2019-11-11,8.0600004196167,1164100,-0.03124991403175919
2019-11-12,8.09000015258789,898900,0.0037220510433444956
2019-11-13,8.010000228881836,889900,-0.009888741927954563
2019-11-14,7.75,782200,-0.03245945336485102
2019-11-15,8.140000343322754,1225200,0.05032262494487147
2019-11-18,7.940000057220459,904700,-0.024570058681429325
2019-11-19,7.849999904632568,641800,-0.011335031730389787
2019-11-20,7.599999904632568,669600,-0.03184713414486361
2019-11-21,7.590000152587891,610100,-0.001315756864494485
2019-11-22,7.389999866485596,573500,-0.026350498297961523
2019-11-25,7.949999809265137,928600,0.0757780721105555
2019-11-26,7.099999904632568,967700,-0.10691822956296884
2019-11-27,7.519999980926514,820700,0.05915494111766199
2019-11-29,7.269999980926514,558700,-0.03324468093538457
2019-12-02,7.079999923706055,584700,-0.02613480848953795
2019-12-03,7.070000171661377,909300,-0.0014123943718128353
2019-12-04,7.400000095367432,1019700,0.0466760842565168
2019-12-05,7.429999828338623,1153500,0.004054017916833802
2019-12-06,7.710000038146973,820800,0.0376850896739467
2019-12-09,7.710000038146973,635300,0.0
2019-12-10,7.489999771118164,1252500,-0.02853440543972859
2019-12-11,7.730000019073486,943200,0.032042757715531035
2019-12-12,9.300000190734863,5027500,0.20310480825193533
2019-12-13,9.970000267028809,2436700,0.07204301747879895
2019-12-16,10.109999656677246,2140000,0.014042064784232866
2019-12-17,10.649999618530273,1471800,0.05341246094863902
2019-12-18,10.979999542236328,1364600,0.03098590943908367
2019-12-19,10.9399995803833,1506900,-0.003642983927199731
2019-12-20,10.979999542236328,2376100,0.0036563037831145767
2019-12-23,11.1899995803833,948400,0.019125687331695583
2019-12-24,10.949999809265137,218300,-0.021447701529756728
2019-12-26,11.289999961853027,620400,0.031050242786324605
2019-12-27,10.949999809265137,720800,-0.030115159764100338
2019-12-30,10.550000190734863,942500,-0.03652964616417813
2019-12-31,10.5600004196167,1316900,0.0009478889764019397
