Date,Adj Close,Volume,LogReturn
2019-01-02,29.397592544555664,477200,
2019-01-03,28.874364852905273,430700,-0.017798317697524883
2019-01-04,29.44603729248047,296900,0.019798615224524148
2019-01-07,30.10491371154785,483600,0.022375724533760532
2019-01-08,30.52155876159668,412400,0.013839768950708153
2019-01-09,31.01571273803711,493700,0.016190325674394847
2019-01-10,30.870376586914062,888200,-0.004685887838547371
2019-01-11,30.434354782104492,612800,-0.01412427877521908
2019-01-14,30.40528678894043,444000,-0.0009551046300201043
2019-01-15,30.889753341674805,648500,0.015933628782958696
2019-01-16,31.31608772277832,601400,0.013801805938292427
2019-01-17,31.597078323364258,490000,0.008972723638832891
2019-01-18,31.75211524963379,280900,0.004906685506896699
2019-01-22,31.64552879333496,289000,-0.0033568301028403906
2019-01-23,32.11061477661133,600700,0.014696736032242303
2019-01-24,31.568010330200195,360200,-0.01689797751260602
2019-01-25,32.188133239746094,339300,0.019644028972983608
2019-01-28,32.53694534301758,299100,0.010836667683504216
2019-01-29,32.66291427612305,663300,0.0038715660544483676
2019-01-30,32.478816986083984,563500,-0.005636278761985414
2019-01-31,32.827632904052734,441900,0.010739797515353013
2019-02-01,32.92452621459961,472600,0.0029515777403162397
2019-02-04,32.96327590942383,275100,0.0011769249030844401
2019-02-05,33.14738464355469,462200,0.005585268121916996
2019-02-06,33.28303146362305,428800,0.004092232962781729
2019-02-07,33.42837905883789,436700,0.00436701793145563
2019-02-08,33.35085678100586,320300,-0.0023190558446038586
2019-02-11,33.14738464355469,553100,-0.00610095682960248
2019-02-12,33.17645263671875,877900,0.0008769317240753894
2019-02-13,33.19582748413086,933400,0.0005839939436643039
2019-02-14,33.4186897277832,643900,0.006713561930603544
2019-02-15,33.4186897277832,662200,0.0
2019-02-19,33.28303146362305,831300,-0.004059353172287135
2019-02-20,33.108619689941406,1234500,-0.005240261058319323
2019-02-21,32.91483688354492,2139700,-0.005852941264578201
2019-02-22,33.990360260009766,1182000,0.03267594429436559
2019-02-25,34.261661529541016,778000,0.007981712092955971
2019-02-26,34.67830276489258,839500,0.012160567139813899
2019-02-27,34.69768142700195,455300,0.0005588122994587111
2019-02-28,34.56203079223633,423900,-0.003909501418733438
2019-03-01,34.833335876464844,473300,0.007849801588900236
2019-03-04,34.55234146118164,410400,-0.00806682473018776
2019-03-05,34.42637634277344,297800,-0.0036456319045619695
2019-03-06,34.38163757324219,406400,-0.0012995491911724619
2019-03-07,34.313560485839844,270000,-0.001980042028461301
2019-03-08,34.38163757324219,505300,0.0019839703731834263
2019-03-11,34.469173431396484,801600,0.002546006075708925
2019-03-12,34.34273910522461,498000,-0.0036680405587188065
2019-03-13,34.56644058227539,428200,0.006513792518569063
2019-03-14,34.94575119018555,669900,0.010973377690055108
2019-03-15,34.829044342041016,420500,-0.0033396577314757556
2019-03-18,35.218082427978516,609000,0.011169932832980567
2019-03-19,35.55849838256836,766900,0.009665942354641235
2019-03-20,35.188907623291016,360100,-0.01039387983432186
2019-03-21,35.490413665771484,300600,0.008568212622801236
2019-03-22,35.480682373046875,358100,-0.0002741949647657858
2019-03-25,35.72383499145508,556600,0.006853098704576087
2019-03-26,35.23753356933594,405300,-0.013612800032120318
2019-03-27,34.84849166870117,669300,-0.011040554239395288
2019-03-28,34.86794662475586,376100,0.0005582725427442467
2019-03-29,34.984657287597656,547800,0.003347219269830291
2019-04-01,35.59739685058594,540500,0.01751452237908594
2019-04-02,35.78219223022461,522400,0.005191261046820903
2019-04-03,35.51959228515625,825500,-0.0073388445117833125
2019-04-04,35.79191970825195,508800,0.007666963655140535
2019-04-05,35.55849838256836,338900,-0.006521620734128369
2019-04-08,35.626583099365234,320100,0.001914724183916939
2019-04-09,35.65575408935547,421200,0.0008187984210799638
2019-04-10,35.84054946899414,295900,0.0051827645876052295
2019-04-11,35.76274490356445,224600,-0.002170853030503806
2019-04-12,36.03506851196289,344300,0.007614728934615283
2019-04-15,35.98644256591797,348500,-0.0013494062326752363
2019-04-16,36.073978424072266,397200,0.0024324676715113906
2019-04-17,36.08369827270508,264500,0.00026944210362798293
2019-04-18,36.17123031616211,317000,0.002425805769561138
2019-04-22,36.23931884765625,441900,0.0018823946793901881
2019-04-23,36.443572998046875,346000,0.005636257989540964
2019-04-24,36.51165008544922,378300,0.0018680135289147475
2019-04-25,36.706172943115234,406900,0.005327692865448931
2019-04-26,36.06425094604492,357500,-0.017488121087020435
2019-04-29,35.99616622924805,375300,-0.0018878727551761806
2019-04-30,35.86000061035156,531900,-0.003782781144783286
2019-05-01,35.30561828613281,683000,-0.015459629525458476
2019-05-02,37.09521484375,1081000,0.05068871880711681
2019-05-03,36.58946228027344,570100,-0.013633903068276053
2019-05-06,36.91041946411133,531100,0.00877184751662582
2019-05-07,36.745079040527344,1100300,-0.004479505407538049
2019-05-08,36.307403564453125,437600,-0.011911131708044287
2019-05-09,36.48246765136719,485300,0.004821718705478007
2019-05-10,36.59918212890625,366400,0.003199193614160269
2019-05-13,35.58767318725586,440500,-0.0276374739218966
2019-05-14,35.78219223022461,503800,0.005465910680510811
2019-05-15,36.35227584838867,587600,0.015932048391448822
2019-05-16,36.57679748535156,485300,0.006176274572169397
2019-05-17,36.71345138549805,458000,0.003736081602037798
2019-05-20,36.60607147216797,197900,-0.0029248111871196508
2019-05-21,36.498695373535156,527200,-0.002933286591937401
2019-05-22,36.459651947021484,530300,-0.0010697211534300998
2019-05-23,35.82514953613281,496500,-0.017402865277228917
2019-05-24,35.86419677734375,372100,0.0010899393782447418
2019-05-28,35.64944076538086,611400,-0.00598803350584327
2019-05-29,35.4444465637207,695400,-0.005750278188353124
2019-05-30,35.620155334472656,507800,0.004957300445813717
2019-05-31,35.20040512084961,271900,-0.011784064658943777
2019-06-03,34.95636749267578,624500,-0.006932807373551556
2019-06-04,35.47372817993164,576300,0.014800184468945727
2019-06-05,35.708011627197266,304400,0.006604421336186618
2019-06-06,35.6787223815918,441800,-0.0008202429726767643
2019-06-07,35.952049255371094,453000,0.007660780866983009
2019-06-10,36.381561279296875,312900,0.011946802277525637
2019-06-11,36.381561279296875,293400,0.0
2019-06-12,36.53774642944336,279000,0.004292975470389237
2019-06-13,37.30891799926758,533900,0.021106161303992805
2019-06-14,37.83603286743164,810600,0.01412838796811021
2019-06-17,38.11912536621094,572000,0.0074820872413126635
2019-06-18,38.37293243408203,683300,0.006658260530187037
2019-06-19,38.16793441772461,413100,-0.005342255682689159
2019-06-20,38.20697784423828,288400,0.0010229378956263533
2019-06-21,38.19722366333008,307300,-0.00025529841559227337
2019-06-24,37.98246765136719,218800,-0.005622293752439911
2019-06-25,37.38700485229492,400300,-0.015677306817921604
2019-06-26,37.18201446533203,302900,-0.005482931509832025
2019-06-27,37.53342819213867,452200,0.009451175033410137
2019-06-28,37.75794982910156,514100,0.005981911266232707
2019-07-01,37.91413497924805,286300,0.004136483862429052
2019-07-02,38.011749267578125,401700,0.002574614675595432
2019-07-03,38.226505279541016,229000,0.0056497271528112855
2019-07-05,37.98246765136719,521800,-0.006383990019208951
2019-07-08,37.865325927734375,332300,-0.0030840998722892602
2019-07-09,38.109371185302734,484800,0.006445085354187034
2019-07-10,37.85556411743164,332800,-0.0066599647272316325
2019-07-11,38.031272888183594,432900,0.0046415573205272394
2019-07-12,38.59744644165039,348700,0.014887052430020252
2019-07-15,38.929344177246094,328700,0.00859895579096013
2019-07-16,39.339332580566406,412800,0.010531603138589415
2019-07-17,39.21242904663086,346200,-0.003225869012283068
2019-07-18,39.202667236328125,287400,-0.000248946840072717
2019-07-19,38.480308532714844,399300,-0.01842626419418446
2019-07-22,38.20697784423828,261000,-0.00710313141705152
2019-07-23,38.831722259521484,350500,0.016351578966286032
2019-07-24,38.402217864990234,585600,-0.011060657872982601
2019-07-25,38.587684631347656,305700,0.00482958476537639
2019-07-26,38.441261291503906,284400,-0.003794561431778661
2019-07-29,38.82196807861328,327100,0.009903597705143896
2019-07-30,38.46078872680664,530400,-0.0093034786663897
2019-07-31,38.43149948120117,374600,-0.0007615352304268932
2019-08-01,38.25578689575195,775800,-0.004572098091961487
2019-08-02,37.72866439819336,674300,-0.013778895700015704
2019-08-05,37.357723236083984,633800,-0.009831812708618902
2019-08-06,36.371795654296875,962800,-0.026391532898203972
2019-08-07,36.51822280883789,400800,0.004025843429143897
2019-08-08,36.947731018066406,246400,0.011761476221799298
2019-08-09,36.498695373535156,209100,-0.012153267119750443
2019-08-12,35.952049255371094,279800,-0.014977141307917274
2019-08-13,36.5670280456543,426200,0.017105528141523885
2019-08-14,35.072059631347656,413500,-0.040882961897810176
2019-08-15,35.20921325683594,279400,0.003910623639727516
2019-08-16,35.434532165527344,259400,0.006399430372039345
2019-08-19,35.59128189086914,219800,0.004423643145888394
2019-08-20,35.74803161621094,316700,0.004404160710547789
2019-08-21,35.81660842895508,854100,0.0019183381474084454
2019-08-22,35.68925094604492,518600,-0.0035558219635111275
2019-08-23,34.8663330078125,543700,-0.02305786522324357
2019-08-26,35.1798210144043,372600,0.008991137855579869
2019-08-27,35.4835205078125,550000,0.008632775399393137
2019-08-28,35.46392822265625,322900,-0.0005521516714198727
2019-08-29,36.169288635253906,347800,0.01988951726298144
2019-08-30,35.93416213989258,302000,-0.006500722138398716
2019-09-03,35.669654846191406,373400,-0.007360886631262988
2019-09-04,36.46318817138672,756100,0.022246734054956557
2019-09-05,36.6787109375,359300,0.005910694509220277
2019-09-06,36.46318817138672,310700,-0.005875963484118321
2019-09-09,36.48278045654297,368000,0.0005373168430626809
2019-09-10,36.53176498413086,363600,0.0013426752833775733
2019-09-11,36.65911865234375,430300,0.0034861077275683823
2019-09-12,36.54155731201172,318300,-0.00320687852446543
2019-09-13,36.717899322509766,315900,0.004825793520301906
2019-09-16,35.54229736328125,351700,-0.03201713553661327
2019-09-17,36.179080963134766,390300,0.017916219465075343
2019-09-18,35.434532165527344,388900,-0.020579538722005995
2019-09-19,35.17002868652344,352400,-0.0074645681158796206
2019-09-20,34.758567810058594,249000,-0.011699190811934384
2019-09-23,34.494056701660156,375700,-0.007609954180042253
2019-09-24,34.41568374633789,365500,-0.0022720712730345117
2019-09-25,34.278533935546875,343700,-0.003985096207934834
2019-09-26,34.7487678527832,429900,0.013718028843371713
2019-09-27,34.59202194213867,203800,-0.004510833630377967
2019-09-30,34.77816390991211,470100,0.005381066422910842
2019-10-01,34.170772552490234,585600,-0.017464733302058038
2019-10-02,34.1315803527832,387800,-0.0011469509402173312
2019-10-03,34.337310791015625,404800,0.00602756848953365
2019-10-04,34.337310791015625,359000,0.0
2019-10-07,34.180564880371094,208900,-0.004564886038936512
2019-10-08,33.778900146484375,182400,-0.011751260849330876
2019-10-09,34.04341125488281,198300,0.007830660774962122
2019-10-10,34.19036102294922,344800,0.004316540635901444
2019-10-11,34.08259963989258,705900,-0.0031518059427424337
2019-10-14,33.73971176147461,332900,-0.010060496618240048
2019-10-15,34.494056701660156,758900,0.022357776661473705
2019-10-16,34.56263732910156,464200,0.0019881867776400317
2019-10-17,34.66060256958008,493700,0.0028344260753512983
2019-10-18,25.745635986328125,17935700,-0.2572074898396655
2019-10-21,26.45099449157715,2758600,0.027397206486706897
2019-10-22,27.23472785949707,2028100,0.02962963710757597
2019-10-23,26.2746524810791,1391400,-0.03525188073737918
2019-10-24,25.882789611816406,1057100,-0.014914102842840017
2019-10-25,25.441938400268555,1192400,-0.017032600355665967
2019-10-28,25.66726303100586,1117600,0.008856425449679033
2019-10-29,25.34397315979004,951500,-0.012595416613968097
2019-10-30,25.24600601196289,1220700,-0.0038655007724905607
2019-10-31,25.01088523864746,801100,-0.009313186933569494
2019-11-01,25.34397315979004,1544800,0.013317718184076193
2019-11-04,26.25506019592285,1074100,0.0359488636761309
2019-11-05,26.294248580932617,745500,0.0014926031293522302
2019-11-06,26.28445053100586,782000,-0.0003726309157152682
2019-11-07,26.18648338317871,398400,-0.003727190253095978
2019-11-08,26.656723022460938,519100,0.01795734205320185
2019-11-11,26.41180992126465,589700,-0.009187667253395154
2019-11-12,26.539165496826172,1225300,0.004821917768648904
2019-11-13,26.81877326965332,913300,0.010535665594330267
2019-11-14,26.917226791381836,1395400,0.0036710673056742802
2019-11-15,26.680938720703125,716400,-0.008778321500577613
2019-11-18,26.277278900146484,576400,-0.015129146121212744
2019-11-19,26.57263946533203,1603600,0.011240150333218115
2019-11-20,26.365886688232422,829300,-0.007780663918213664
2019-11-21,27.005834579467773,1345100,0.024271813757015502
2019-11-22,26.641555786132812,630900,-0.01348889227115084
2019-11-25,27.527637481689453,771800,0.03325938254769095
2019-11-26,27.655630111694336,1670200,0.004649604605190679
2019-11-27,28.18727684020996,834200,0.019223815417274304
2019-11-29,28.65985679626465,685900,0.016765718757923383
2019-12-02,28.502330780029297,1189400,-0.005496399279143731
2019-12-03,28.40387725830078,1634300,-0.0034542270415828225
2019-12-04,28.49248695373535,1526800,0.00311963379607532
2019-12-05,28.807537078857422,988200,0.011057305233959838
2019-12-06,28.98475456237793,793400,0.006151774899582519
2019-12-09,28.896146774291992,846700,-0.0030570480731601565
2019-12-10,28.069135665893555,1057600,-0.028620117237714328
2019-12-11,28.305423736572266,475700,0.00841807433941835
2019-12-12,28.305423736572266,629000,0.0
2019-12-13,28.138050079345703,567500,-0.005913130246140987
2019-12-16,28.24635124206543,579200,0.003848922097100941
2019-12-17,28.57124900817871,428200,0.011502291511175164
2019-12-18,28.718929290771484,451100,0.005168842375441794
2019-12-19,28.49248695373535,537900,-0.00788477643938131
2019-12-20,28.72877311706543,538400,0.008292928718849554
2019-12-23,28.905990600585938,503900,0.006168640853487659
2019-12-24,28.866607666015625,422900,-0.0013624488817731155
2019-12-26,28.945371627807617,286300,0.0027285492879275948
2019-12-27,29.093053817749023,611700,0.005102100323339052
2019-12-30,29.10289764404297,604800,0.0003383565835202839
2019-12-31,29.0733642578125,312900,-0.0010147919492997253
