Date,Adj Close,Volume,LogReturn
2019-01-02,21.986814498901367,14000,
2019-01-03,22.15732765197754,17700,0.007755245903616099
2019-01-04,22.25604248046875,22500,0.004455177539535128
2019-01-07,22.247068405151367,13500,-0.00040321972449765936
2019-01-08,22.27399253845215,13400,0.0012102328635150371
2019-01-09,22.085533142089844,23900,-0.008460961636624532
2019-01-10,22.265016555786133,18600,0.008126741271834447
2019-01-11,22.27399253845215,10000,0.00040314286960110016
2019-01-14,22.21117401123047,9200,-0.00282026345807715
2019-01-15,22.30091667175293,26100,0.004040428501306821
2019-01-16,22.247068405151367,11000,-0.002414621219125422
2019-01-17,22.238096237182617,13400,-0.00040329664139804013
2019-01-18,21.986814498901367,25300,-0.011299606567090085
2019-01-22,22.247068405151367,10000,0.011836817300796543
2019-01-23,22.176172256469727,17700,-0.0031867636396184424
2019-01-24,22.22014617919922,27100,0.0019829356581888536
2019-01-25,22.10348129272461,17100,-0.005250410394861489
2019-01-28,22.327836990356445,18100,0.010150242609325207
2019-01-29,22.30988883972168,32700,-0.0008038463664222182
2019-01-30,22.30091667175293,49400,-0.0004021610342036079
2019-01-31,22.25604248046875,41800,-0.0020122128585422145
2019-02-01,22.35475730895996,22900,0.004435416969474253
2019-02-04,22.408605575561523,8000,0.0024088056898734344
2019-02-05,22.510013580322266,22000,0.0045254045111729835
2019-02-06,22.659883499145508,11000,0.006657922185984597
2019-02-07,22.535140991210938,12200,-0.005504993348234746
2019-02-08,22.435527801513672,13400,-0.004420349077741131
2019-02-11,22.435527801513672,11900,0.0
2019-02-12,22.35475730895996,25600,-0.003600115551917684
2019-02-13,22.443603515625,32500,0.0039743758090108544
2019-02-14,22.435527801513672,9600,-0.0003598225260799095
2019-02-15,22.435527801513672,18800,0.0
2019-02-19,22.444501876831055,15900,0.00039999394695663693
2019-02-20,22.453475952148438,31100,0.00039983401577054135
2019-02-21,22.435527801513672,20300,-0.0007993484248503749
2019-02-22,22.444501876831055,30000,0.00039999394695663693
2019-02-25,22.471424102783203,21100,0.001199502047311624
2019-02-26,22.462451934814453,40600,-0.0003992701097941875
2019-02-27,22.53424644470215,55700,0.0031962009355007825
2019-02-28,22.845102310180664,147500,0.013794819642242731
2019-03-01,22.626317977905273,27100,-0.009576859376895494
2019-03-04,22.662782669067383,21000,0.001611605175783234
2019-03-05,22.717477798461914,29900,0.0024134339632169302
2019-03-06,22.626317977905273,26800,-0.004012761511879307
2019-03-07,22.644548416137695,23000,0.0008057182901002276
2019-03-08,22.65366554260254,11900,0.00040261904531275203
2019-03-11,22.589853286743164,22200,-0.002816862275086101
2019-03-12,22.608083724975586,25600,0.0008070188859137209
2019-03-13,22.65366554260254,30500,0.002016173426348294
2019-03-14,22.69924545288086,26100,0.0020120324542005187
2019-03-15,22.681011199951172,33600,-0.0008032977557574854
2019-03-18,22.662782669067383,27500,-0.0008036912782719451
2019-03-19,22.671897888183594,26200,0.00040221093981774686
2019-03-20,22.69013023376465,29600,0.0008041825907551055
2019-03-21,22.65366554260254,16300,-0.0016070728015411355
2019-03-22,22.744827270507812,18200,0.004024149104427911
2019-03-25,22.790407180786133,21700,0.0020039681874138354
2019-03-26,22.835987091064453,22000,0.001999960330535353
2019-03-27,22.88157081604004,28400,0.0019961355203875772
2019-03-28,22.954500198364258,25100,0.0031872541841880485
2019-03-29,22.954500198364258,55000,0.0
2019-04-01,22.92715072631836,20600,-0.0011914644975736552
2019-04-02,22.92715072631836,18400,0.0
2019-04-03,22.94538116455078,15600,0.0007951462634864144
2019-04-04,22.9909610748291,17600,0.001986452521814652
2019-04-05,22.93626594543457,15400,-0.0023789840370967534
2019-04-08,23.000080108642578,12900,0.002782238545708436
2019-04-09,22.981849670410156,13500,-0.000792624988535216
2019-04-10,22.93626594543457,13200,-0.0019834663279638624
2019-04-11,22.845102310180664,35500,-0.0039746502534800015
2019-04-12,22.835987091064453,18100,-0.0003990010196692725
2019-04-15,22.92715072631836,17900,0.003992103993156393
2019-04-16,22.88157081604004,35800,-0.001988032042114966
2019-04-17,22.972732543945312,13800,0.003984067730235061
2019-04-18,22.9909610748291,8300,0.0007934855311147288
2019-04-22,22.9909610748291,13000,0.0
2019-04-23,23.018312454223633,15900,0.0011896579401578827
2019-04-24,23.0456600189209,19200,0.0011880786113947991
2019-04-25,23.018312454223633,10800,-0.0011866687556274277
2019-04-26,23.036542892456055,14600,0.000791997166111835
2019-04-29,23.00919532775879,13200,-0.0011871384011453096
2019-04-30,23.073009490966797,68000,0.002773420030513672
2019-05-01,22.981849670410156,16400,-0.003950928923785611
2019-05-02,22.9909610748291,6600,0.00039646088324546517
2019-05-03,22.944473266601562,10200,-0.002022003694244636
2019-05-06,23.018312454223633,10700,0.003218168783571603
2019-05-07,23.13681983947754,10500,0.005148395890862161
2019-05-08,23.155054092407227,14400,0.0007881054119017272
2019-05-09,23.282682418823242,12900,0.0055118992988172815
2019-05-10,23.30091094970703,7500,0.0007829222834329401
2019-05-13,23.25533103942871,10200,-0.0019561428468054553
2019-05-14,23.346492767333984,4300,0.003920035700661989
2019-05-15,23.428539276123047,12800,0.0035142969698583842
2019-05-16,23.4467716217041,17100,0.0007782109403481247
2019-05-17,23.40118980407715,4500,-0.0019440551715341123
2019-05-20,23.310028076171875,12200,-0.0038956022607615657
2019-05-21,23.382959365844727,13600,0.003128751687236441
2019-05-22,23.455886840820312,11000,0.003118829992157042
2019-05-23,23.4467716217041,20400,-0.00038861114815525583
2019-05-24,23.4467716217041,11800,0.0
2019-05-28,23.419422149658203,10200,-0.001166449372526054
2019-05-29,23.37384033203125,29300,-0.0019463254616475826
2019-05-30,23.421981811523438,24100,0.0020596307157200416
2019-05-31,23.309967041015625,50200,-0.004782463388845349
2019-06-03,23.319225311279297,17700,0.0003971807530822012
2019-06-04,23.337739944458008,24100,0.0007939643333586892
2019-06-05,23.384023666381836,6300,0.0019832135431271302
2019-06-06,23.4395694732666,6900,0.002375374216055954
2019-06-07,23.513628005981445,8500,0.003159551748563868
2019-06-10,23.513628005981445,10600,0.0
2019-06-11,23.476598739624023,15100,-0.0015748002115199872
2019-06-12,23.393281936645508,6600,-0.0035489298898265338
2019-06-13,23.309967041015625,27000,-0.003561488116781522
2019-06-14,23.37476921081543,13300,0.0027800197952138
2019-06-17,23.309967041015625,13500,-0.0027723127109987008
2019-06-18,23.4395694732666,16300,0.005559957764973731
2019-06-19,23.45808219909668,8900,0.0007898065641176703
2019-06-20,23.65248680114746,4900,0.008287318647824815
2019-06-21,23.624717712402344,9800,-0.0011740452062643163
2019-06-24,23.559913635253906,8400,-0.002743062496548566
2019-06-25,23.532142639160156,6900,-0.0011787392994596906
2019-06-26,23.384023666381836,23500,-0.0062943258100022536
2019-06-27,23.448827743530273,8400,0.0027712971075035055
2019-06-28,23.67099952697754,57900,0.009474750118737371
2019-07-01,23.4395694732666,11800,-0.00977694471444603
2019-07-02,23.661745071411133,10500,0.009478655245691603
2019-07-03,23.550657272338867,3100,-0.00469482697649741
2019-07-05,23.578428268432617,2100,0.0011792025917836306
2019-07-08,23.606203079223633,13000,0.001177975498400851
2019-07-09,23.698772430419922,9300,0.00392139942563493
2019-07-10,23.606203079223633,4600,-0.003906082117463027
2019-07-11,23.624717712402344,18700,0.0007843122045749956
2019-07-12,23.596942901611328,9300,-0.0011756674144908234
2019-07-15,23.643232345581055,7200,0.0019616712284609406
2019-07-16,23.791349411010742,16200,0.0062646707211914164
2019-07-17,23.89318084716797,8100,0.004280187491597199
2019-07-18,23.83763313293457,16000,-0.0023248354661820777
2019-07-19,23.89318084716797,11500,0.002330252920817569
2019-07-22,23.89318084716797,7300,0.0
2019-07-23,23.874664306640625,6400,-0.0007749717647802634
2019-07-24,23.939464569091797,6200,0.0027141852810532705
2019-07-25,23.80986213684082,21600,-0.005413756513932481
2019-07-26,23.865407943725586,4200,0.0023328907393722377
2019-07-29,23.85614776611328,11200,-0.00038801673259221474
2019-07-30,23.846891403198242,19400,-0.000388007443858449
2019-07-31,23.96723747253418,67900,0.00504661455873436
2019-08-01,23.85614776611328,6500,-0.004635065119549314
2019-08-02,23.791349411010742,6000,-0.002716212011168986
2019-08-05,23.846891403198242,10600,0.0023345456883498554
2019-08-06,23.61545753479004,12100,-0.009704991082282708
2019-08-07,23.695072174072266,10100,0.003371293533692461
2019-08-08,23.735801696777344,11300,0.0017189026649028474
2019-08-09,23.735801696777344,4100,0.0
2019-08-12,23.708032608032227,7600,-0.0011699241972049105
2019-08-13,23.78209114074707,10400,0.0031237738676701873
2019-08-14,23.883920669555664,8500,0.004281773549934977
2019-08-15,23.74506187438965,15900,-0.005813902879983019
2019-08-16,23.7172908782959,30000,-0.0011695482724221721
2019-08-19,23.78209114074707,12900,0.002732194953618067
2019-08-20,23.83763313293457,5900,0.0023354545173841787
2019-08-21,23.78209114074707,16500,-0.0023300128782820315
2019-08-22,23.883920669555664,6000,0.004281773549934977
2019-08-23,23.865407943725586,4600,-0.0007751125154956619
2019-08-26,23.846891403198242,9800,-0.0007758736230700763
2019-08-27,23.883920669555664,9900,0.001552792174516116
2019-08-28,23.97649383544922,20000,0.003875961873025134
2019-08-29,24.015031814575195,14700,0.0016073233805769468
2019-08-30,24.090225219726562,43800,0.0031310974614545723
2019-09-03,24.043228149414062,5500,-0.0019508771663129117
2019-09-04,24.250011444091797,11600,0.008600479660746958
2019-09-05,24.203014373779297,6600,-0.001938022603447069
2019-09-06,24.212417602539062,2400,0.0003885147781407243
2019-09-09,24.268810272216797,2100,0.0023290804992484805
2019-09-10,24.109024047851562,7300,-0.006584015556302709
2019-09-11,24.16541862487793,7700,0.0023391480681439155
2019-09-12,24.240615844726562,11900,0.003111769798650143
2019-09-13,24.22181510925293,35500,-0.0007755881943784373
2019-09-16,24.19361686706543,14600,-0.001164167179887689
2019-09-17,24.156021118164062,18000,-0.0015539532227835668
2019-09-18,24.109024047851562,18600,-0.0019455633890450884
2019-09-19,24.062026977539062,30700,-0.0019493559846811
2019-09-20,24.043228149414062,31000,-0.0007812653581740206
2019-09-23,24.024431228637695,49900,-0.0007817968809993292
2019-09-24,24.033830642700195,10700,0.0003912439788083588
2019-09-25,23.986833572387695,23500,-0.001955454834112116
2019-09-26,23.883441925048828,14500,-0.004310349968738095
2019-09-27,23.939834594726562,21700,0.002361161756111461
2019-09-30,23.78005027770996,35500,-0.006674411904742176
2019-10-01,23.79884910583496,13000,0.0007905293683344702
2019-10-02,23.808250427246094,10100,0.00039503260722081776
2019-10-03,23.808250427246094,9200,0.0
2019-10-04,23.78005027770996,23800,-0.001184469628388176
2019-10-07,23.78944969177246,4700,0.0003952646841672351
2019-10-08,23.742454528808594,10600,-0.0019754623823904755
2019-10-09,23.78944969177246,8400,0.001979372558420371
2019-10-10,23.808250427246094,8500,0.000790297199692476
2019-10-11,23.79884910583496,14100,-0.00039487661808084676
2019-10-14,23.83644676208496,20400,0.0015798098505856685
2019-10-15,23.81764793395996,33000,-0.0007886589940452885
2019-10-16,23.808250427246094,28300,-0.00039456065266914634
2019-10-17,23.808250427246094,22500,0.0
2019-10-18,23.808250427246094,34700,0.0
2019-10-21,23.81764793395996,23600,0.00039471639222648245
2019-10-22,23.82704734802246,9400,0.00039464073398691967
2019-10-23,23.81764793395996,27900,-0.00039448505411561664
2019-10-24,23.82704734802246,28100,0.00039464073398691967
2019-10-25,23.92104148864746,76500,0.0039448505411561665
2019-10-28,23.911640167236328,19200,-0.0003930147195135516
2019-10-29,23.808250427246094,15700,-0.004323824684008868
2019-10-30,23.864643096923828,4400,0.0023686188050676235
2019-10-31,23.874042510986328,81100,0.00039386359244197503
2019-11-01,23.949237823486328,13300,0.0031496681999035863
2019-11-04,24.005634307861328,19500,0.002354834203520815
2019-11-05,24.109024047851562,14000,0.004306894734140662
2019-11-06,24.071426391601562,10500,-0.0015594847877448798
2019-11-07,24.090225219726562,4200,0.0007809602895638476
2019-11-08,24.212417602539062,7600,0.0050722806324135705
2019-11-11,24.250011444091797,6000,0.0015526678157406328
2019-11-12,24.250011444091797,10600,0.0
2019-11-13,24.240615844726562,10100,-0.00038744721365991324
2019-11-14,24.19361686706543,5300,-0.0019388524599451226
2019-11-15,24.250011444091797,15200,0.002330969252602188
2019-11-18,24.240615844726562,8400,-0.00038744721365991324
2019-11-19,24.052631378173828,10500,-0.007754937735776608
2019-11-20,24.137224197387695,21600,0.003516988136717115
2019-11-21,24.118423461914062,8900,-0.0007789104215085164
2019-11-22,24.075185775756836,4200,-0.0017927243969948596
2019-11-25,24.158838272094727,8700,0.0034746355486954036
2019-11-26,24.062026977539062,9400,-0.004007282695686919
2019-11-27,24.196613311767578,10200,0.005593308259281173
2019-11-29,24.206157684326172,1300,0.00039445076199783795
2019-12-02,24.14888572692871,11700,-0.002366007779687618
2019-12-03,24.425695419311523,7200,0.01146262794536059
2019-12-04,24.320697784423828,14500,-0.0042986548831146785
2019-12-05,24.287290573120117,3900,-0.0013736123691774403
2019-12-06,24.28251838684082,9400,-0.00019648903466319448
2019-12-09,24.304471969604492,2500,0.0009040900294579395
2019-12-10,24.211883544921875,15600,-0.003809522165238132
2019-12-11,24.101163864135742,25000,-0.0045729478493776584
2019-12-12,24.129798889160156,12000,0.0011881179342971494
2019-12-13,24.082073211669922,8700,-0.0019778729905483884
2019-12-16,24.177522659301758,10400,0.003963506247692252
2019-12-17,24.196613311767578,23400,0.0007896033326009774
2019-12-18,24.272972106933594,15100,0.0031557637501641576
2019-12-19,24.28251838684082,4200,0.0003932884636117412
2019-12-20,24.3111515045166,11200,0.0011791659011487913
2019-12-23,24.30542755126953,8600,-0.00023544558331623652
2019-12-24,24.37796974182129,1000,0.0029846087010293614
2019-12-26,24.33978843688965,4600,-0.0015662216885165467
2019-12-27,24.292064666748047,11700,-0.0019607306885737305
2019-12-30,24.187068939208984,13900,-0.004322223284823742
2019-12-31,24.14888572692871,29500,-0.0015786622337845863
