Date,Adj Close,Volume,LogReturn
2019-01-02,83.69557189941406,1369228,
2019-01-03,84.044677734375,1428448,0.0041711386521200355
2019-01-04,85.32466125488281,1426568,0.01522979866200722
2019-01-07,85.03763580322266,1084878,-0.0033639213732446064
2019-01-08,85.79011535644531,854813,0.008848782613899289
2019-01-09,85.38671112060547,921318,-0.004702222792961152
2019-01-10,86.65119171142578,1188630,0.014808868666159093
2019-01-11,86.77530670166016,936945,0.0014323517978577236
2019-01-14,85.29364776611328,1347255,-0.017074660889888026
2019-01-15,86.30211639404297,1732068,0.011823490427974717
2019-01-16,86.6744613647461,1031885,0.004314436148970574
2019-01-17,87.80705261230469,1103208,0.013067185301474087
2019-01-18,87.6441421508789,1072188,-0.001855323195336955
2019-01-22,87.69070434570312,769978,0.0005312641972587533
2019-01-23,88.64485931396484,983240,0.01088091349454958
2019-01-24,89.59904479980469,1245500,0.010764137855532974
2019-01-25,88.53626251220703,1177350,-0.011861535912266477
2019-01-28,88.51299285888672,985120,-0.00026282624384674214
2019-01-29,89.15685272216797,1135168,0.007274184755087133
2019-01-30,89.43611907958984,825555,0.0031323038991980722
2019-01-31,91.344482421875,2071055,0.0213377253164003
2019-02-01,91.04193878173828,900990,-0.00331211729614296
2019-02-04,91.06520080566406,1541013,0.00025550888125909813
2019-02-05,90.99536895751953,1084173,-0.0007668335162797758
2019-02-06,90.82472229003906,1264653,-0.0018753335409863968
2019-02-07,91.77113342285156,1533493,0.010420192971141018
2019-02-08,91.97282409667969,1390260,0.0021977572500799345
2019-02-11,92.34518432617188,978658,0.004048589712769623
2019-02-12,92.69426727294922,1420223,0.0037801965454348973
2019-02-13,92.58567810058594,1292030,-0.0011714766787413898
2019-02-14,92.47706604003906,975720,-0.0011730978567643892
2019-02-15,92.94252014160156,1049628,0.005033184134117923
2019-02-19,93.48552703857422,1172768,0.005842394806439119
2019-02-20,94.46299743652344,2030870,0.01045584732646255
2019-02-21,95.2154541015625,1812085,0.007965623423549447
2019-02-22,95.9756851196289,1012028,0.007984323818437061
2019-02-25,95.27751159667969,1741468,-0.00727448334522416
2019-02-26,94.87413024902344,1178760,-0.00423375192001034
2019-02-27,94.92068481445312,867503,0.0004906982051639593
2019-02-28,95.85157775878906,1290385,0.00980706098102439
2019-03-01,95.33958435058594,1180875,-0.005341523010623349
2019-03-04,95.50249481201172,955158,0.001708738951773918
2019-03-05,95.23097229003906,830255,-0.002843093497265433
2019-03-06,94.93619537353516,1313415,-0.0030953891303989053
2019-03-07,95.0292739868164,1622558,0.000980433362797231
2019-03-08,95.57229614257812,1259483,0.0057142618582675195
2019-03-11,95.9524154663086,1443958,0.003977296131542066
2019-03-12,96.23944854736328,1854503,0.0029914106868468814
2019-03-13,96.31703186035156,1415405,0.0008061487691307728
2019-03-14,96.48768615722656,1409178,0.0017717977140577668
2019-03-15,96.91370391845703,3064400,0.0044152552330488405
2019-03-18,96.4134292602539,1785060,-0.005162063134271031
2019-03-19,95.47541046142578,1349958,-0.009729130122486163
2019-03-20,95.67864990234375,1226113,0.002128709789627792
2019-03-21,96.33527374267578,2218048,0.006862804199288211
2019-03-22,97.62504577636719,2186088,0.01338836735063999
2019-03-25,97.79701232910156,617345,0.00176150035441012
2019-03-26,98.42236328125,728853,0.006394376855236007
2019-03-27,97.85954284667969,882425,-0.0057184202431921575
2019-03-28,96.75737762451172,762223,-0.011262726047011822
2019-03-29,97.5077896118164,1118835,0.007755604851309905
2019-04-01,96.77300262451172,901108,-0.007535674741781275
2019-04-02,96.8511734008789,1021898,0.0008077746297745602
2019-04-03,96.51504516601562,781493,-0.0034705644037166714
2019-04-04,96.00694274902344,910508,-0.005264489242254407
2019-04-05,96.91370391845703,693250,0.009444745801394839
2019-04-08,95.8506088256836,721803,-0.010969502245708442
2019-04-09,96.32744598388672,863743,0.00497479529911295
2019-04-10,96.15547180175781,1015905,-0.0017853082304047948
2019-04-11,96.86679077148438,893235,0.007397592216000743
2019-04-12,97.25765228271484,1114370,0.004035041401882909
2019-04-15,97.28890991210938,1185928,0.0003213899231668635
2019-04-16,95.99913024902344,830490,-0.013257211579933644
2019-04-17,95.99913024902344,1382270,0.0
2019-04-18,96.31181335449219,1570858,0.003257145191395427
2019-04-22,95.92877960205078,1340793,-0.003977017347099308
2019-04-23,96.2571029663086,1679545,0.0034225741807601766
2019-04-24,96.96060943603516,1619503,0.0073086187725055485
2019-04-25,97.06221771240234,1238333,0.0010479335573299836
2019-04-26,97.19511413574219,898875,0.0013691879958236584
2019-04-29,96.6323013305664,705000,-0.005790546265419884
2019-04-30,98.26602935791016,941880,0.016906645136753818
2019-05-01,96.93714904785156,976895,-0.013523293031597623
2019-05-02,97.02314758300781,785723,0.0008871576686642406
2019-05-03,97.88298797607422,658470,0.008862219114575446
2019-05-06,97.77356719970703,680560,-0.0011178732753227096
2019-05-07,97.37491607666016,722155,-0.004077289337644925
2019-05-08,96.17109680175781,723448,-0.012362724646197542
2019-05-09,96.61666107177734,813453,0.004633037210108924
2019-05-10,98.47708129882812,782433,0.019255687439546882
2019-05-13,99.59489440917969,868090,0.011350997568252101
2019-05-14,98.59434509277344,1140220,-0.010046190844839422
2019-05-15,98.2425765991211,762693,-0.003567836404018337
2019-05-16,99.08679962158203,563178,0.008593250011202274
2019-05-17,99.62615966796875,714048,0.00544330878024686
2019-05-20,99.57144927978516,709583,-0.0005491568516334563
2019-05-21,99.43855285644531,634500,-0.0013346840314277136
2019-05-22,100.28276824951172,588793,0.00848981978131922
2019-05-23,101.09573364257812,787603,0.008106730670255153
2019-05-24,100.67362213134766,580450,-0.004175364241609199
2019-05-28,98.3832778930664,1345963,-0.02275019205421124
2019-05-29,97.5077896118164,988175,-0.008898750885303654
2019-05-30,97.10130310058594,966673,-0.004168759366289737
2019-05-31,98.07843780517578,998985,0.010063044195994394
2019-06-03,99.14934539794922,1059850,0.010918889174200568
2019-06-04,98.79757690429688,908863,-0.003547865013535628
2019-06-05,100.93941497802734,947873,0.021679054697922622
2019-06-06,101.28334045410156,808870,0.003407246576068278
2019-06-07,100.50946807861328,747418,-0.007640667971836651
2019-06-10,100.23587799072266,706175,-0.0027220329897342313
2019-06-11,99.75904846191406,709583,-0.004757074396582098
2019-06-12,100.95503997802734,576455,0.011988802364828952
2019-06-13,100.73616790771484,1055385,-0.0021680152903722
2019-06-14,102.00791931152344,851758,0.012624575961373225
2019-06-17,102.1654052734375,1282395,0.0015438601529859056
2019-06-18,101.55907440185547,1575088,-0.005934796323268482
2019-06-19,102.74026489257812,853168,0.011630575580561573
2019-06-20,103.29935455322266,688315,0.005441777488398508
2019-06-21,103.24423217773438,1670498,-0.0005336178113279564
2019-06-24,103.6222152709961,903928,0.0036610577200189057
2019-06-25,102.54338836669922,1023073,-0.01041115461077041
2019-06-26,100.37787628173828,786663,-0.0211180078935658
2019-06-27,100.44873809814453,696188,0.0007059505443944311
2019-06-28,100.70073699951172,1312475,0.0025087313801888606
2019-07-01,101.01570892333984,1055973,0.0031278015753713126
2019-07-02,102.24415588378906,973958,0.012160949752691228
2019-07-03,103.22846984863281,537093,0.009627092681585864
2019-07-05,103.05523681640625,628743,-0.0016781517005975155
2019-07-08,103.18123626708984,854930,0.0012226399606267734
2019-07-09,103.33085632324219,1144920,0.0014500703961817696
2019-07-10,103.59859466552734,756113,0.0025910783265708204
2019-07-11,103.64583587646484,791715,0.00045600243024551
2019-07-12,102.68513488769531,671630,-0.009269074639087169
2019-07-15,102.3622817993164,1350780,-0.003144107360154946
2019-07-16,102.01580047607422,859513,-0.0033848534553134724
2019-07-17,102.43315887451172,816273,0.004091115263418269
2019-07-18,103.44110107421875,921670,0.009839999183680705
2019-07-19,101.41731262207031,778320,-0.019564645301835815
2019-07-22,101.27557373046875,719335,-0.0013975808265571953
2019-07-23,100.92908477783203,1102268,-0.0034212489732109766
2019-07-24,100.56686401367188,1219298,-0.0035888640519973693
2019-07-25,100.84247589111328,889710,0.002740583393392254
2019-07-26,101.8740463256836,1093690,0.010229523079978438
2019-07-29,101.56694030761719,1346315,-0.0030145658206665476
2019-07-30,100.75585174560547,911800,-0.007985753627658406
2019-07-31,100.0943832397461,1168655,-0.006565062915943494
2019-08-01,101.62206268310547,951280,0.015262389296113418
2019-08-02,101.31494903564453,908628,-0.0030221158609880757
2019-08-05,99.94477081298828,1091693,-0.01352394918714508
2019-08-06,100.65349578857422,1112608,0.0070911661492732685
2019-08-07,100.93695831298828,974898,0.002816221356181054
2019-08-08,101.81105041503906,1119658,0.008659782468779877
2019-08-09,101.8740463256836,962560,0.0006187531745102768
2019-08-12,100.85035705566406,756700,-0.010048577699042938
2019-08-13,100.9763412475586,1019078,0.0012492190962199038
2019-08-14,99.3462905883789,1270175,-0.016142896831480305
2019-08-15,101.31494903564453,991113,0.019816124342501722
2019-08-16,101.81105041503906,1082528,0.004896625662023413
2019-08-19,102.99224090576172,1691295,0.011601790629872297
2019-08-20,102.03153991699219,1389555,-0.00932789674562549
2019-08-21,102.77175903320312,966085,0.007254806864751264
2019-08-22,102.5670166015625,985238,-0.0019922051891169594
2019-08-23,101.10233306884766,1325988,-0.014280258715183599
2019-08-26,102.48826599121094,1033060,0.01370821899252812
2019-08-27,102.68513488769531,1291090,0.0019208920609629383
2019-08-28,102.00004577636719,814393,-0.0066717457407773125
2019-08-29,102.35440063476562,721098,0.0034740656800816795
2019-08-30,102.1023941040039,1126238,-0.0024620976645739097
2019-09-03,103.85057830810547,1204610,0.017121872796839816
2019-09-04,103.99231719970703,1321875,0.0013648348801780323
2019-09-05,102.29926300048828,1760150,-0.01628056999602582
2019-09-06,101.48818969726562,1282160,-0.00792843740446874
2019-09-09,100.77159881591797,1159255,-0.007060830264932425
2019-09-10,101.24408721923828,1397428,0.004688706032970847
2019-09-11,101.779541015625,933773,0.0052887414079522905
2019-09-12,101.76380920410156,2904483,-0.00015456752276985002
2019-09-13,101.87882995605469,1057618,0.0011302716835455205
2019-09-16,103.1639175415039,1395665,0.0126138824523558
2019-09-17,103.69539642333984,2311108,0.005151790417634325
2019-09-18,104.41726684570312,1017198,0.00696145101192556
2019-09-19,104.60765075683594,905808,0.0018232991236415128
2019-09-20,104.9408187866211,1921478,0.0031849298533585917
2019-09-23,104.30620574951172,2442943,-0.006047342153864363
2019-09-24,106.04346466064453,1252198,0.016655374420432745
2019-09-25,106.1386489868164,1574970,0.0008975972868906117
2019-09-26,105.85307312011719,1491663,-0.0026905926297845608
2019-09-27,105.09947204589844,880898,-0.007119312193833034
2019-09-30,105.47232055664062,1098860,0.003547577390106767
2019-10-01,105.65474700927734,1072070,0.0017296144777506086
2019-10-02,104.09202575683594,1354658,-0.014790828587230317
2019-10-03,103.60814666748047,2034278,-0.004648570203502754
2019-10-04,104.90115356445312,1434440,0.012479780196459135
2019-10-07,105.06774139404297,1111080,0.0015880457357171887
2019-10-08,103.26704406738281,1507878,-0.017138441378566176
2019-10-09,103.01318359375,1394373,-0.0024582912770037837
2019-10-10,103.35430908203125,1303663,0.003311474088855814
2019-10-11,103.03697967529297,1295203,-0.0030703064976847763
2019-10-14,101.6249771118164,753528,-0.013703842716724583
2019-10-15,102.35478973388672,1635013,0.007181429632867822
2019-10-16,102.53723907470703,1067605,0.0017825188376104767
2019-10-17,102.71176147460938,1048218,0.0017020391954886698
2019-10-18,101.01416778564453,2906715,-0.016527743898000363
2019-10-21,102.48963928222656,1248320,0.014606579739517643
2019-10-22,102.31511688232422,1171123,-0.0017028296823424266
2019-10-23,102.58483123779297,1108025,0.002636114424606061
2019-10-24,102.4182357788086,962090,-0.0016239775118234057
2019-10-25,101.70429992675781,1773193,-0.006970788420849776
2019-10-28,99.69735717773438,1625495,-0.019733116008553563
2019-10-29,100.41921997070312,3405503,0.00724054090703585
2019-10-30,100.74445343017578,6169690,0.0032387570782519692
2019-10-31,100.99829864501953,2178333,0.0025196941985464807
2019-11-01,100.74445343017578,1994210,-0.0025133612966684138
2019-11-04,99.20553588867188,1773663,-0.015275456753264367
2019-11-05,98.13461303710938,1664505,-0.010794990843699349
2019-11-06,98.28534698486328,1179700,0.0015359916658244381
2019-11-07,96.60363006591797,1750045,-0.017110555851263465
2019-11-08,95.58031463623047,1668148,-0.010592929364965226
2019-11-11,95.75483703613281,1267355,0.0018259240991888267
2019-11-12,95.64376831054688,1424100,-0.0011599280937006455
2019-11-13,97.26996612548828,1329630,0.017002653112341677
2019-11-14,98.13461303710938,1453005,0.008889145807921946
2019-11-15,98.23774719238281,1224820,0.0010509457578890902
2019-11-18,97.96803283691406,1747578,-0.0027455266756123576
2019-11-19,98.0711669921875,1311653,0.0010527327362500317
2019-11-20,98.44398498535156,866680,0.003801504607299735
2019-11-21,97.86491394042969,1143745,-0.00588223897080193
2019-11-22,97.92044067382812,952220,0.0005673814154911186
2019-11-25,98.42813110351562,2413333,0.005184723702159502
2019-11-26,98.56298065185547,2105835,0.0013700305677654713
2019-11-27,99.1341323852539,1040815,0.005794789581454135
2019-11-29,99.11033630371094,802760,-0.00024003923744944574
2019-12-02,97.87284851074219,1461700,-0.012485960991764038
2019-12-03,98.37260437011719,1045280,0.005106174664162845
2019-12-04,99.36418914794922,1452653,0.01007988742578464
2019-12-05,99.44351196289062,1059263,0.0007983038519370174
2019-12-06,99.34037780761719,951985,-0.0010371129623008902
2019-12-09,99.39590454101562,1052800,0.0005589543207291873
2019-12-10,99.09447479248047,951633,-0.0030326173892886257
2019-12-11,99.4276351928711,1087345,0.0033620481978265254
2019-12-12,99.10240936279297,1102973,-0.003270980240526162
2019-12-13,99.85657501220703,994403,0.007609962807798361
2019-12-16,101.95191192626953,1670733,0.020983464672269744
2019-12-17,102.90361022949219,2598513,0.009334776418032393
2019-12-18,103.40746307373047,1682718,0.004896357310638621
2019-12-19,103.69536590576172,1767905,0.0027841591261742165
2019-12-20,103.85530090332031,4053750,0.0015423543391894926
2019-12-23,102.97557830810547,1023543,-0.008470656649811108
2019-12-24,102.49573516845703,399618,-0.0046597761093677475
2019-12-26,102.8076400756836,707703,0.0030431013223519076
2019-12-27,103.07154846191406,816860,0.0025670114209040114
2019-12-30,103.18351745605469,1603170,0.0010863230038888824
2019-12-31,103.8633041381836,984415,0.0065881324739527685
