Date,Adj Close,Volume,LogReturn
2019-01-02,12.449999809265137,300,
2019-01-03,12.09000015258789,1900,-0.02891563551746714
2019-01-04,12.390000343322754,2100,0.024813911244711405
2019-01-07,12.5600004196167,600,0.013720748311807926
2019-01-08,12.720000267028809,2100,0.012738840928875715
2019-01-09,13.010000228881836,1100,0.02279873866077888
2019-01-10,12.75,500,-0.019984644451015665
2019-01-11,11.989999771118164,1000,-0.05960786108877145
2019-01-14,11.600000381469727,9300,-0.03252705563747203
2019-01-15,11.699999809265137,12400,0.008620640043698013
2019-01-16,11.90999984741211,700,0.017948721501745264
2019-01-17,12.739999771118164,1400,0.06968933117882474
2019-01-18,12.699999809265137,2500,-0.003139714487570719
2019-01-22,12.34000015258789,2000,-0.028346430085346343
2019-01-23,12.489999771118164,1100,0.012155560508547983
2019-01-24,12.760000228881836,300,0.0216173308816242
2019-01-25,13.010000228881836,500,0.01959247613758919
2019-01-28,13.130000114440918,900,0.009223665138197742
2019-01-29,13.149999618530273,700,0.0015231914634455475
2019-01-30,13.369999885559082,1000,0.016730058814510992
2019-01-31,13.079999923706055,1500,-0.021690348865765954
2019-02-01,12.949999809265137,900,-0.009938846727766957
2019-02-04,12.789999961853027,700,-0.012355200754337985
2019-02-05,13.079999923706055,1300,0.022673961119466013
2019-02-06,13.1899995803833,600,0.008409759733857786
2019-02-07,12.930000305175781,900,-0.01971184863373316
2019-02-08,12.920000076293945,800,-0.0007734128883069648
2019-02-11,12.989999771118164,1800,0.005417933003936786
2019-02-12,13.239999771118164,500,0.019245573857194942
2019-02-13,13.239999771118164,500,0.0
2019-02-14,13.119999885559082,1000,-0.009063435621868414
2019-02-15,13.170000076293945,1200,0.003810990180716196
2019-02-19,13.34000015258789,1400,0.012908130243669942
2019-02-20,13.029999732971191,2100,-0.023238411999310267
2019-02-21,13.050000190734863,1000,0.0015349545797044488
2019-02-22,13.279999732971191,600,0.01762448573752676
2019-02-25,12.880000114440918,1200,-0.0301204538082306
2019-02-26,13.039999961853027,800,0.01242234829118668
2019-02-27,12.84000015258789,1700,-0.015337408730844512
2019-02-28,12.699999809265137,900,-0.010903453400235122
2019-03-01,12.949999809265137,300,0.019685039665718374
2019-03-04,12.350000381469727,3400,-0.04633200282876744
2019-03-05,11.899999618530273,4600,-0.0364373076145525
2019-03-06,12.0,2200,0.008403393670198895
2019-03-07,12.010000228881836,800,0.0008333524068196615
2019-03-08,12.100000381469727,600,0.007493767766253397
2019-03-11,12.279999732971191,2700,0.014875978993944562
2019-03-12,12.34000015258789,1100,0.004886027762329755
2019-03-13,12.75,1700,0.033225270854322156
2019-03-14,12.960000038146973,600,0.016470591227213543
2019-03-15,12.899999618530273,6600,-0.00462966199383423
2019-03-18,12.899999618530273,200,0.0
2019-03-19,13.34000015258789,1100,0.03410856954023286
2019-03-20,11.770000457763672,8800,-0.11769113019984838
2019-03-21,12.0600004196167,3900,0.02463890829007903
2019-03-22,11.850000381469727,2100,-0.01741293788061469
2019-03-25,12.079999923706055,300,0.01940924344576281
2019-03-26,11.479999542236328,900,-0.04966890606450028
2019-03-27,11.8100004196167,3300,0.028745722172397077
2019-03-28,12.199999809265137,1200,0.03302280912713932
2019-03-29,12.100000381469727,900,-0.008196674537606701
2019-04-01,11.869999885559082,700,-0.019008304847896833
2019-04-02,11.65999984741211,500,-0.017691663030465276
2019-04-03,11.90999984741211,200,0.021440823608199832
2019-04-04,12.180000305175781,4200,0.022670063914596902
2019-04-05,12.199999809265137,2400,0.0016419953684941092
2019-04-08,12.109999656677246,2000,-0.007377061802865041
2019-04-09,12.0600004196167,400,-0.0041287562739919775
2019-04-10,12.069999694824219,500,0.0008291272686238709
2019-04-11,12.079999923706055,500,0.0008285193980679364
2019-04-12,12.270000457763672,900,0.0157285211305967
2019-04-15,12.170000076293945,400,-0.008149990035774832
2019-04-16,12.5,1000,0.0271158522298504
2019-04-17,12.649999618530273,900,0.011999969482421874
2019-04-18,12.880000114440918,1800,0.018181857932527502
2019-04-22,12.59000015258789,600,-0.02251552478853494
2019-04-23,12.970000267028809,1000,0.030182693394392727
2019-04-24,12.989999771118164,700,0.0015419817793062382
2019-04-25,13.069999694824219,800,0.006158577761019343
2019-04-26,13.329999923706055,400,0.019892902444733587
2019-04-29,13.670000076293945,1500,0.02550638818708729
2019-04-30,13.710000038146973,2200,0.002926112774673201
2019-05-01,13.720000267028809,2200,0.0007294112949679872
2019-05-02,13.899999618530273,2200,0.01311948600569855
2019-05-03,14.050000190734863,900,0.010791408368430608
2019-05-06,14.210000038146973,500,0.011387889340928246
2019-05-07,13.539999961853027,2000,-0.04714989968299221
2019-05-08,13.399999618530273,1300,-0.010339759506439027
2019-05-09,13.079999923706055,2900,-0.02388057492044292
2019-05-10,13.380000114440918,500,0.02293579453247137
2019-05-13,13.149999618530273,3700,-0.01718987249203436
2019-05-14,13.34000015258789,1300,0.014448710233411615
2019-05-15,13.260000228881836,900,-0.005996995711468198
2019-05-16,13.149999618530273,700,-0.008295671829022164
2019-05-17,13.300000190734863,1000,0.011406887951024507
2019-05-20,13.079999923706055,1300,-0.016541373223593385
2019-05-21,12.989999771118164,700,-0.006880745650829499
2019-05-22,12.239999771118164,2200,-0.05773672157158482
2019-05-23,11.899999618530273,2500,-0.02777779076353941
2019-05-24,11.880000114440918,4300,-0.001680630649618923
2019-05-28,11.539999961853027,1200,-0.028619541187933
2019-05-29,11.25,5300,-0.025129979446417677
2019-05-30,11.460000038146973,1800,0.01866667005750868
2019-05-31,11.529999732971191,1300,0.006108175793299331
2019-06-03,11.739999771118164,1100,0.018213360191714184
2019-06-04,12.279999732971191,1200,0.04599659049240302
2019-06-05,12.350000381469727,1200,0.0057003786661808204
2019-06-06,12.369999885559082,1200,0.001619392993652313
2019-06-07,12.229999542236328,11100,-0.011317731982050569
2019-06-10,12.239999771118164,1300,0.0008176802335355882
2019-06-11,12.239999771118164,1400,0.0
2019-06-12,12.40999984741211,1000,0.013888895381769704
2019-06-13,12.859999656677246,1200,0.03626106485077648
2019-06-14,12.779999732971191,1600,-0.006220834046796933
2019-06-17,12.649999618530273,3100,-0.010172153142189038
2019-06-18,12.949999809265137,1100,0.023715430812773296
2019-06-19,13.289999961853027,1100,0.026254838424370937
2019-06-20,13.600000381469727,1400,0.023325840519677156
2019-06-21,13.220000267028809,4100,-0.02794118410163251
2019-06-24,13.210000038146973,2300,-0.0007564469500637526
2019-06-25,13.369999885559082,1600,0.012112024750194723
2019-06-26,13.880000114440918,6000,0.03814511841789067
2019-06-27,13.1899995803833,5100,-0.049711853628857855
2019-06-28,13.640000343322754,40700,0.03411681404514314
2019-07-01,14.229999542236328,4700,0.0432550721453903
2019-07-02,14.130000114440918,1600,-0.00702736690177677
2019-07-03,14.149999618530273,800,0.0014153930592623203
2019-07-05,16.139999389648438,7500,0.1406360300188376
2019-07-08,16.299999237060547,1100,0.00991324990475074
2019-07-09,16.25,1400,-0.0030674380000500824
2019-07-10,16.149999618530273,2700,-0.00615386962890625
2019-07-11,16.260000228881836,2200,0.0068111834643853125
2019-07-12,16.34000015258789,3500,0.004920044439111063
2019-07-15,16.440000534057617,1400,0.006119974329001994
2019-07-16,16.93000030517578,1200,0.029805337907566686
2019-07-17,16.530000686645508,1200,-0.023626675210867358
2019-07-18,16.729999542236328,1200,0.012099143816273295
2019-07-19,16.270000457763672,2500,-0.027495463063901996
2019-07-22,16.219999313354492,500,-0.0030732110019898794
2019-07-23,16.200000762939453,1600,-0.0012329563046635616
2019-07-24,16.25,2700,0.003086372512705649
2019-07-25,15.59000015258789,2400,-0.04061537522536058
2019-07-26,15.930000305175781,7700,0.02180886140218874
2019-07-29,15.539999961853027,1300,-0.02448213031082239
2019-07-30,15.380000114440918,2000,-0.010296000502243927
2019-07-31,15.720000267028809,2700,0.022106641746292992
2019-08-01,15.710000038146973,1700,-0.0006361468646289058
2019-08-02,15.449999809265137,500,-0.016549982702132666
2019-08-05,14.970000267028809,2600,-0.031067931919874815
2019-08-06,14.729999542236328,1000,-0.016032112258613535
2019-08-07,14.640000343322754,600,-0.006109925438593083
2019-08-08,13.899999618530273,3800,-0.0505464964097485
2019-08-09,12.390000343322754,2700,-0.10863304436314657
2019-08-12,12.850000381469727,900,0.037126717142899585
2019-08-13,12.279999732971191,4900,-0.04435802580368025
2019-08-14,11.5,11600,-0.06351789494562697
2019-08-15,11.210000038146973,11200,-0.02521738798721977
2019-08-16,11.449999809265137,11300,0.021409435352494104
2019-08-19,12.34000015258789,14200,0.07772928892126106
2019-08-20,12.149999618530273,14300,-0.015397125746207638
2019-08-21,12.279999732971191,2400,0.010699598232303768
2019-08-22,11.720000267028809,1900,-0.04560256336478673
2019-08-23,11.170000076293945,1400,-0.046928342850140255
2019-08-26,12.739999771118164,11600,0.14055502991053903
2019-08-27,11.6899995803833,4200,-0.08241759886960397
2019-08-28,11.9399995803833,8900,0.021385800596564506
2019-08-29,11.569999694824219,4300,-0.030988266211245896
2019-08-30,11.59000015258789,4600,0.0017286480804851688
2019-09-03,11.0,11300,-0.05090596590338711
2019-09-04,11.300000190734863,2800,0.0272727446122603
2019-09-05,11.989999771118164,3600,0.06106190873775805
2019-09-06,12.369999885559082,1600,0.03169308771433612
2019-09-09,12.829999923706055,4100,0.03718674554588989
2019-09-10,12.40999984741211,1700,-0.032735781667302205
2019-09-11,13.65999984741211,9700,0.10072522283396046
2019-09-12,13.119999885559082,11000,-0.03953147641911069
2019-09-13,15.630000114440918,8700,0.19131099472375318
2019-09-16,14.569999694824219,11600,-0.06781832449491414
2019-09-17,14.9399995803833,12400,0.025394639211318525
2019-09-18,14.819999694824219,10000,-0.008032121079618083
2019-09-19,15.869999885559082,18000,0.0708502167582074
2019-09-20,16.260000228881836,21100,0.02457469099780114
2019-09-23,17.0,7200,0.045510440387555404
2019-09-24,16.270000457763672,13200,-0.04294114954331342
2019-09-25,16.510000228881836,11700,0.014751061116512856
2019-09-26,15.800000190734863,7700,-0.04300424156899351
2019-09-27,15.359999656677246,6000,-0.02784813473075994
2019-09-30,15.380000114440918,4400,0.0013021131647602182
2019-10-01,14.960000038146973,8200,-0.0273081972151346
2019-10-02,14.859999656677246,5100,-0.006684517460877838
2019-10-03,14.989999771118164,5500,0.008748325534617575
2019-10-04,15.0,8300,0.0006671266867597811
2019-10-07,14.420000076293945,3000,-0.03866666158040365
2019-10-08,14.449999809265137,5800,0.00208042529906155
2019-10-09,15.149999618530273,2600,0.04844289401417893
2019-10-10,15.100000381469727,8300,-0.00330027975706295
2019-10-11,15.4399995803833,6200,0.02251650267047749
2019-10-14,15.199999809265137,8700,-0.015544027049267965
2019-10-15,15.140000343322754,11300,-0.003947333335215585
2019-10-16,14.989999771118164,9700,-0.009907567292146403
2019-10-17,14.680000305175781,4000,-0.02068041832393295
2019-10-18,14.279999732971191,2100,-0.027247994815337993
2019-10-21,14.390000343322754,4400,0.007703124118243597
2019-10-22,14.319999694824219,2600,-0.004864534178487136
2019-10-23,15.199999809265137,5500,0.06145252326778909
2019-10-24,15.359999656677246,1300,0.0105263058828844
2019-10-25,16.020000457763672,2300,0.04296880311449177
2019-10-28,16.65999984741211,1900,0.03995002318107167
2019-10-29,17.25,2900,0.03541417514955972
2019-10-30,16.510000228881836,5900,-0.04289853745612545
2019-10-31,15.949999809265137,5900,-0.033918862014130094
2019-11-01,16.290000915527344,1600,0.021316684033106072
2019-11-04,16.139999389648438,1000,-0.009208196282906738
2019-11-05,16.299999237060547,9900,0.00991324990475074
2019-11-06,15.4399995803833,3300,-0.05276071760309688
2019-11-07,15.039999961853027,4000,-0.025906711748779943
2019-11-08,15.0,4100,-0.0026595719384628963
2019-11-11,15.050000190734863,3600,0.0033333460489908856
2019-11-12,14.710000038146973,5000,-0.022591371978666338
2019-11-13,14.710000038146973,3600,0.0
2019-11-14,14.75,4500,0.0027192360128685737
2019-11-15,14.34000015258789,4300,-0.027796599824549788
2019-11-18,14.0,3700,-0.02370991275941737
2019-11-19,14.039999961853027,5700,0.002857140132359096
2019-11-20,13.779999732971191,5200,-0.01851853487095883
2019-11-21,13.109999656677246,4400,-0.048621196609376305
2019-11-22,12.699999809265137,6100,-0.03127382594577616
2019-11-25,13.039999961853027,6000,0.026771665960171706
2019-11-26,12.90999984741211,3600,-0.009969333958682353
2019-11-27,13.300000190734863,4100,0.030209167151998992
2019-11-29,13.229999542236328,4800,-0.005263206578545727
2019-12-02,13.5,4900,0.020408198571867254
2019-12-03,12.819999694824219,4100,-0.050370392975983794
2019-12-04,13.460000038146973,3500,0.04992202484849819
2019-12-05,13.699999809265137,3100,0.017830592157353713
2019-12-06,13.529999732971191,3000,-0.01240876486574667
2019-12-09,13.140000343322754,4100,-0.028824789160789847
2019-12-10,14.050000190734863,6500,0.0692541722705918
2019-12-11,14.0600004196167,4500,0.0007117600531016713
2019-12-12,15.6899995803833,4100,0.11593165804550085
2019-12-13,15.869999885559082,8500,0.011472295091762131
2019-12-16,16.149999618530273,5800,0.017643335538141836
2019-12-17,15.800000190734863,2700,-0.021671791706658984
2019-12-18,15.119999885559082,4100,-0.04303799347891996
2019-12-19,15.5600004196167,1000,0.029100564642057708
2019-12-20,15.140000343322754,5500,-0.026992292093028843
2019-12-23,15.430000305175781,6000,0.019154554509698343
2019-12-24,15.6899995803833,2900,0.01685024433345645
2019-12-26,16.299999237060547,3700,0.03887824556986661
2019-12-27,16.790000915527344,4800,0.030061454073734124
2019-12-30,16.719999313354492,3500,-0.004169243499451765
2019-12-31,17.1299991607666,1000,0.024521522981441564
