Date,Adj Close,Volume,LogReturn
2019-01-02,4.0,300,
2019-01-03,3.990000009536743,2600,-0.002499997615814209
2019-01-04,3.990000009536743,0,0.0
2019-01-07,4.0,1900,0.0025062632680088338
2019-01-08,3.950000047683716,800,-0.012499988079071045
2019-01-09,3.950000047683716,100,0.0
2019-01-10,3.950000047683716,1500,0.0
2019-01-11,3.950000047683716,0,0.0
2019-01-15,3.950000047683716,400,0.0
2019-01-16,3.950000047683716,2200,0.0
2019-01-17,3.950000047683716,3900,0.0
2019-01-18,3.940000057220459,4000,-0.0025316431246933378
2019-01-22,3.9100000858306885,9000,-0.007614205825909177
2019-01-23,3.8499999046325684,7300,-0.015345314547575756
2019-01-24,3.819999933242798,400,-0.007792200553998094
2019-01-25,3.809999942779541,900,-0.002617798596338677
2019-01-28,3.809999942779541,1300,0.0
2019-01-29,3.799999952316284,700,-0.0026246694523468835
2019-01-30,3.799999952316284,600,0.0
2019-01-31,3.799999952316284,0,0.0
2019-02-01,3.7699999809265137,6800,-0.0078947294121633
2019-02-04,3.7799999713897705,600,0.0026525173776789364
2019-02-05,3.7799999713897705,0,0.0
2019-02-06,3.7799999713897705,100,0.0
2019-02-13,3.799999952316284,6500,0.005291000285156192
2019-02-15,3.799999952316284,100,0.0
2019-02-19,3.799999952316284,200,0.0
2019-02-20,3.7799999713897705,400,-0.0052631529414422
2019-02-22,3.6500000953674316,300,-0.03439150185351524
2019-02-25,3.6500000953674316,100,0.0
2019-02-26,3.559999942779541,11800,-0.024657575407222188
2019-02-27,3.690000057220459,1800,0.0365168866658514
2019-02-28,3.7300000190734863,300,0.010840097895054733
2019-03-01,3.7899999618530273,8300,0.016085775461857695
2019-03-04,3.5999999046325684,1600,-0.05013194172370469
2019-03-05,3.7799999713897705,500,0.05000001986821545
2019-03-11,3.7899999618530273,300,0.002645500142578096
2019-03-12,3.799999952316284,600,0.0026385199377066976
2019-03-13,3.75,8600,-0.0131578823536055
2019-03-14,3.75,2300,0.0
2019-03-15,3.75,1800,0.0
2019-03-18,3.75,200,0.0
2019-03-19,3.75,0,0.0
2019-03-21,3.75,100,0.0
2019-03-25,3.700000047683716,1900,-0.013333320617675781
2019-03-26,3.700000047683716,100,0.0
2019-03-28,3.700000047683716,0,0.0
2019-03-29,3.75,8700,0.013513500451867638
2019-04-01,3.7799999713897705,5700,0.007999992370605469
2019-04-04,3.7899999618530273,2000,0.002645500142578096
2019-04-05,3.7899999618530273,0,0.0
2019-04-08,3.7899999618530273,100,0.0
2019-04-11,3.7100000381469727,700,-0.02110815950165358
2019-04-12,3.75,3300,0.010781660765967553
2019-04-15,3.75,1200,0.0
2019-04-16,3.740000009536743,2800,-0.002666664123535156
2019-04-17,3.740000009536743,2100,0.0
2019-04-18,3.740000009536743,5200,0.0
2019-04-22,3.740000009536743,2200,0.0
2019-04-23,3.740000009536743,3000,0.0
2019-04-24,3.75,2500,0.0026737942346945313
2019-04-26,3.75,3500,0.0
2019-04-29,3.619999885559082,2300,-0.03466669718424479
2019-04-30,3.75,2300,0.03591163495875095
2019-05-01,3.75,700,0.0
2019-05-02,3.75,400,0.0
2019-05-06,3.619999885559082,1500,-0.03466669718424479
2019-05-07,3.609999895095825,900,-0.0027624283920971485
2019-05-08,3.75,2800,0.038781193621186684
2019-05-09,3.75,2000,0.0
2019-05-10,3.700000047683716,3400,-0.013333320617675781
2019-05-13,3.5999999046325684,2300,-0.027027065341188258
2019-05-14,3.5999999046325684,3100,0.0
2019-05-15,3.5199999809265137,3300,-0.02222220161814694
2019-05-16,3.5199999809265137,2100,0.0
2019-05-17,3.5199999809265137,2800,0.0
2019-05-20,3.5,3600,-0.005681812794001605
2019-05-21,3.5,1800,0.0
2019-05-22,3.4800000190734863,1100,-0.005714280264718192
2019-05-23,3.4800000190734863,2700,0.0
2019-05-24,3.4800000190734863,100,0.0
2019-05-28,3.4700000286102295,1100,-0.002873560462197707
2019-05-29,3.4700000286102295,0,0.0
2019-05-30,3.4700000286102295,4100,0.0
2019-05-31,3.4700000286102295,600,0.0
2019-06-05,3.4700000286102295,100,0.0
2019-06-07,3.3299999237060547,100,-0.04034585122474661
2019-06-10,3.2100000381469727,300,-0.03603600249501827
2019-06-11,3.2100000381469727,100,0.0
2019-06-12,3.309999942779541,200,0.031152617895386384
2019-06-13,3.3299999237060547,1700,0.006042290414578944
2019-06-14,3.3299999237060547,0,0.0
2019-06-17,3.0799999237060547,100,-0.07507507679512727
2019-06-18,3.2699999809265137,196700,0.06168833179444974
2019-06-19,3.2699999809265137,132600,0.0
2019-06-20,3.119999885559082,59900,-0.04587158906494274
2019-06-21,3.299999952316284,111200,0.05769233120498894
2019-06-24,3.119999885559082,27700,-0.054545475563070635
2019-06-25,3.009999990463257,32500,-0.03525637792647354
2019-06-26,3.009999990463257,2300,0.0
2019-06-27,3.0399999618530273,3800,0.009966767935156483
2019-06-28,3.0299999713897705,200,-0.003289470588401375
2019-07-01,2.640000104904175,3700,-0.12871282843831658
2019-07-02,2.859999895095825,2300,0.08333325054910777
2019-07-03,2.7300000190734863,3600,-0.04545450377297415
2019-07-05,2.4000000953674316,2200,-0.12087909208808388
2019-07-08,2.5199999809265137,700,0.04999995032946466
2019-07-09,2.9600000381469727,61900,0.1746031986312503
2019-07-10,3.0999999046325684,9800,0.047297251581536734
2019-07-11,3.0899999141693115,800,-0.003225803474481751
2019-07-12,2.9700000286102295,1600,-0.03883491549912931
2019-07-15,3.2899999618530273,2100,0.10774408422902858
2019-07-16,3.0899999141693115,1100,-0.060790288754614376
2019-07-17,3.2100000381469727,800,0.038834992657247665
2019-07-22,3.180000066757202,1000,-0.009345785368615916
2019-07-23,3.2899999618530273,300,0.034591161253652844
2019-07-24,3.2899999618530273,0,0.0
2019-07-25,3.2899999618530273,100,0.0
2019-07-29,3.2899999618530273,12200,0.0
2019-07-31,3.299999952316284,600,0.0030395108143480157
2019-08-01,3.299999952316284,100,0.0
2019-08-02,3.299999952316284,100,0.0
2019-08-05,3.299999952316284,900,0.0
2019-08-06,3.2899999618530273,700,-0.0030303001841675177
2019-08-07,3.2899999618530273,100,0.0
2019-08-08,3.2899999618530273,200,0.0
2019-08-09,3.2899999618530273,100,0.0
2019-08-13,3.299999952316284,400,0.0030395108143480157
2019-08-14,3.299999952316284,900,0.0
2019-08-15,3.3499999046325684,300,0.015151500920837589
2019-08-16,3.3499999046325684,0,0.0
2019-08-19,3.3299999237060547,300,-0.00597014373011073
2019-08-21,3.299999952316284,1400,-0.009009000623754567
2019-08-22,3.299999952316284,0,0.0
2019-09-05,3.2899999618530273,1200,-0.0030303001841675177
2019-09-11,3.299999952316284,400,0.0030395108143480157
2019-09-16,3.0199999809265137,1100,-0.08484847740474581
2019-09-17,3.0199999809265137,100,0.0
2019-09-18,3.0199999809265137,0,0.0
2019-09-19,3.0,600,-0.006622510282393388
2019-09-20,3.0,100,0.0
2019-09-24,3.299999952316284,500,0.09999998410542806
2019-09-27,3.299999952316284,1700,0.0
2019-09-30,3.299999952316284,2300,0.0
2019-10-01,3.299999952316284,1100,0.0
2019-10-02,3.299999952316284,2100,0.0
2019-10-07,3.0299999713897705,100,-0.0818181772205783
2019-10-08,3.299999952316284,600,0.08910890543760393
2019-10-10,3.299999952316284,2600,0.0
2019-10-18,3.299999952316284,6900,0.0
2019-10-23,3.299999952316284,500,0.0
2019-10-28,3.119999885559082,100,-0.054545475563070635
2019-10-29,3.119999885559082,0,0.0
2019-11-08,2.6500000953674316,2000,-0.15064096392023738
2019-11-11,2.7300000190734863,800,0.030188649368694614
2019-11-12,2.5199999809265137,500,-0.07692309035889419
2019-11-13,2.430000066757202,2100,-0.03571425192480429
2019-11-14,2.430000066757202,300,0.0
2019-11-15,2.009999990463257,3700,-0.17283953282125994
2019-11-18,2.0,3400,-0.004975119657066306
2019-11-19,1.600000023841858,5800,-0.19999998807907104
2019-11-20,1.5,1600,-0.06250001396983841
2019-11-21,1.5,100,0.0
2019-11-22,1.4900000095367432,400,-0.006666660308837891
2019-11-25,1.5,3300,0.00671140295251806
2019-11-26,1.5,3000,0.0
2019-11-27,1.5499999523162842,800,0.03333330154418945
2019-11-29,1.899999976158142,9900,0.22580647394138686
2019-12-02,2.1500000953674316,2100,0.1315790117612514
2019-12-03,1.9600000381469727,4300,-0.08837211571750571
2019-12-04,1.9500000476837158,4100,-0.00510203585134164
2019-12-05,1.9500000476837158,0,0.0
2019-12-06,1.6100000143051147,900,-0.17435898721257265
2019-12-09,1.5199999809265137,2600,-0.05590064135337639
2019-12-10,1.5199999809265137,0,0.0
2019-12-12,1.6200000047683716,700,0.06578949019519266
2019-12-13,1.5099999904632568,1300,-0.06790124319835579
2019-12-16,1.690000057220459,2600,0.11920534297618073
2019-12-17,1.690000057220459,0,0.0
2019-12-19,1.75,300,0.0355029235195547
2019-12-20,1.7599999904632568,3600,0.005714280264718192
2019-12-23,1.7599999904632568,600,0.0
2019-12-24,1.5800000429153442,100,-0.10227269802458014
2019-12-26,1.6699999570846558,200,0.056961969446056325
2019-12-27,1.7000000476837158,1200,0.01796412656886032
2019-12-30,1.5199999809265137,2100,-0.10588238924019788
