Date,Adj Close,Volume,LogReturn
2019-01-02,15.703899383544922,472600,
2019-01-03,15.467809677124023,312000,-0.015033826991293719
2019-01-04,15.83415699005127,412100,0.02368449835978084
2019-01-07,16.086523056030273,214500,0.015938080324552014
2019-01-08,16.2900447845459,202000,0.012651691593438014
2019-01-09,16.34703254699707,279800,0.003498318341348898
2019-01-10,16.387731552124023,274000,0.0024896876549272843
2019-01-11,16.485427856445312,126700,0.005961551420985206
2019-01-14,16.469144821166992,135800,-0.000987722940533456
2019-01-15,16.721515655517578,210400,0.015323857862141448
2019-01-16,16.68081283569336,174900,-0.0024341585214369063
2019-01-17,16.80292510986328,107300,0.007320523008844498
2019-01-18,17.00644874572754,261300,0.012112393201395028
2019-01-22,16.762218475341797,219800,-0.014361038805770615
2019-01-23,16.799118041992188,197700,0.0022013534010830397
2019-01-24,16.782716751098633,146700,-0.0009763185693770908
2019-01-25,16.840110778808594,153900,0.0034198293733464697
2019-01-28,16.84830665588379,169100,0.00048668783613400646
2019-01-29,16.930295944213867,228500,0.004866322177335591
2019-01-30,17.217248916625977,152100,0.016949081891872008
2019-01-31,17.299230575561523,217600,0.004761600377188055
2019-02-01,17.373023986816406,167000,0.004265704820371036
2019-02-04,17.373023986816406,183400,0.0
2019-02-05,17.45500946044922,211900,0.004719125104243656
2019-02-06,17.47960662841797,150600,0.0014091752871566174
2019-02-07,17.3812198638916,104300,-0.005628660107625769
2019-02-08,17.364826202392578,126800,-0.0009431824479178383
2019-02-11,17.45500946044922,133000,0.005193444322766381
2019-02-12,17.65998077392578,193200,0.01174283600023253
2019-02-13,17.774755477905273,206900,0.006499140936152785
2019-02-14,17.766559600830078,125700,-0.00046109647389428864
2019-02-15,17.8813419342041,100100,0.0064605830252392055
2019-02-19,18.01252555847168,176600,0.00733634112866245
2019-02-20,17.99188804626465,181400,-0.001145731182450702
2019-02-21,17.892852783203125,112500,-0.005504439712322713
2019-02-22,17.96712875366211,103800,0.004151153053062102
2019-02-25,18.123937606811523,134800,0.008727541016672063
2019-02-26,18.123937606811523,87400,0.0
2019-02-27,18.074419021606445,95900,-0.0027322200219044865
2019-02-28,18.115684509277344,158800,0.0022830879167717107
2019-03-01,18.14869499206543,163200,0.001822204552700215
2019-03-04,18.090923309326172,137800,-0.0031832417022003767
2019-03-05,18.156953811645508,82200,0.0036499243952516297
2019-03-06,17.97538185119629,106900,-0.010000133410746582
2019-03-07,17.892852783203125,133200,-0.004591227528647556
2019-03-08,17.793813705444336,139700,-0.005535119466905902
2019-03-11,18.024904251098633,119900,0.012987128531282227
2019-03-12,18.156953811645508,79400,0.007325950735013001
2019-03-13,18.26424217224121,94800,0.00590894054744417
2019-03-14,18.239482879638672,76200,-0.0013556156542957644
2019-03-15,18.346778869628906,120200,0.005882622369190761
2019-03-18,18.437559127807617,113700,0.004948021602254539
2019-03-19,18.470569610595703,161800,0.0017903933248029217
2019-03-20,18.366735458374023,123500,-0.005621599897066243
2019-03-21,18.42487907409668,150300,0.0031657022476548266
2019-03-22,18.109222412109375,146400,-0.017132088667603938
2019-03-25,18.092601776123047,157000,-0.0009177995392675804
2019-03-26,18.142446517944336,129300,0.002754979214049224
2019-03-27,18.167367935180664,167200,0.0013736525121724264
2019-03-28,18.29197120666504,241100,0.006858630921603333
2019-03-29,18.516263961791992,153300,0.012261814355208893
2019-04-01,18.69901466369629,168800,0.009869739504761865
2019-04-02,18.715635299682617,137900,0.0008888508985768492
2019-04-03,18.782089233398438,114200,0.003550717496453206
2019-04-04,18.823617935180664,115000,0.002211079995742963
2019-04-05,18.90669059753418,201900,0.004413214433037116
2019-04-08,18.89838218688965,170100,-0.00043944288407696464
2019-04-09,18.88176727294922,119500,-0.0008791712314907004
2019-04-10,18.923303604125977,86500,0.0021998116265453836
2019-04-11,19.01468276977539,131600,0.00482892245249873
2019-04-12,19.222349166870117,141500,0.010921370585515143
2019-04-15,19.272193908691406,155900,0.002593061929558376
2019-04-16,19.338651657104492,122400,0.0034483748310105322
2019-04-17,19.405101776123047,147000,0.003436129891410642
2019-04-18,19.430028915405273,106900,0.0012845662738495962
2019-04-22,19.425844192504883,197600,-0.0002153739924222516
2019-04-23,19.50107765197754,166700,0.0038728540560252073
2019-04-24,19.48436164855957,119000,-0.0008571835729433977
2019-04-25,19.46764373779297,104900,-0.0008580168582447491
2019-04-26,19.48436164855957,149300,0.0008587536833821708
2019-04-29,19.634817123413086,139800,0.007721858050434945
2019-04-30,19.835430145263672,165100,0.010217208573405533
2019-05-01,19.952451705932617,179000,0.005899623038771754
2019-05-02,19.801992416381836,107800,-0.007540892305783355
2019-05-03,19.994253158569336,99600,0.009709161489651218
2019-05-06,19.960811614990234,103600,-0.0016725577751709546
2019-05-07,19.62645721435547,142100,-0.016750541364944853
2019-05-08,19.643178939819336,122100,0.0008519991805569647
2019-05-09,19.4509220123291,192500,-0.009787465057425304
2019-05-10,19.57630729675293,110200,0.0064462386073190665
2019-05-13,19.225236892700195,134200,-0.017933433447428846
2019-05-14,19.442569732666016,91900,0.01130455979184014
2019-05-15,19.559589385986328,111000,0.006018733888026357
2019-05-16,19.74349021911621,83800,0.009402080457866896
2019-05-17,19.643178939819336,79300,-0.005080726770373698
2019-05-20,19.559589385986328,85500,-0.004255398481533998
2019-05-21,19.776920318603516,74700,0.011111221627837266
2019-05-22,19.718412399291992,136800,-0.0029583938433774704
2019-05-23,19.40301513671875,173500,-0.01599506370931601
2019-05-24,19.394603729248047,85100,-0.0004335103287522137
2019-05-28,19.209571838378906,132000,-0.00954038006923045
2019-05-29,18.923614501953125,141700,-0.014886190011505908
2019-05-30,18.999311447143555,101700,0.004000131432745945
2019-05-31,18.68812370300293,177800,-0.016378895888219697
2019-06-03,18.620830535888672,175900,-0.003600851973354859
2019-06-04,18.8647403717041,186600,0.013098762450221138
2019-06-05,19.03295135498047,87900,0.008916686896400274
2019-06-06,19.1927490234375,116800,0.00839584284521465
2019-06-07,19.276859283447266,108100,0.00438239774339013
2019-06-10,19.48711585998535,154200,0.010907200879897999
2019-06-11,19.638507843017578,108200,0.007768824495116455
2019-06-12,19.596454620361328,91900,-0.0021413654740170046
2019-06-13,19.588045120239258,112000,-0.00042913375327252205
2019-06-14,19.596454620361328,60800,0.000429317988112108
2019-06-17,19.588045120239258,104500,-0.00042913375327252205
2019-06-18,19.806713104248047,126500,0.011163338794990388
2019-06-19,19.89082145690918,95800,0.004246456856241012
2019-06-20,20.04737663269043,121600,0.007870724500765642
2019-06-21,19.96275520324707,84100,-0.0042210724621879305
2019-06-24,19.928897857666016,101700,-0.001696025685650224
2019-06-25,19.675033569335938,96900,-0.012738501152607622
2019-06-26,19.810426712036133,88200,0.006881469463473197
2019-06-27,19.94582748413086,88600,0.006834823603898533
2019-06-28,20.14046287536621,108100,0.00975820087635902
2019-07-01,20.284320831298828,165300,0.007142733353391285
2019-07-02,20.368946075439453,96100,0.004171953542070176
2019-07-03,20.51280975341797,61400,0.007062892574102503
2019-07-05,20.4620361328125,66200,-0.0024752153028186957
2019-07-08,20.4620361328125,140800,0.0
2019-07-09,20.50434684753418,104900,0.002067766592095451
2019-07-10,20.84284019470215,187100,0.01650837013658279
2019-07-11,20.766677856445312,139400,-0.0036541247519709403
2019-07-12,20.868223190307617,115000,0.0048898208256641425
2019-07-15,20.986698150634766,153900,0.005677290263129585
2019-07-16,20.851301193237305,136600,-0.006451560718395605
2019-07-17,20.665130615234375,186900,-0.00892848730530593
2019-07-18,20.605894088745117,136500,-0.0028664965923606853
2019-07-19,20.724365234375,106200,0.005749381469188053
2019-07-22,20.84284019470215,122700,0.00571669911176034
2019-07-23,20.83007049560547,130500,-0.0006126659791752134
2019-07-24,20.898170471191406,77500,0.0032693108552035188
2019-07-25,20.821557998657227,62400,-0.003665989452990236
2019-07-26,20.753459930419922,101400,-0.0032705558460945287
2019-07-29,20.770479202270508,111600,0.0008200691310097888
2019-07-30,20.91519546508789,105100,0.006967401252907216
2019-07-31,20.855606079101562,154300,-0.002849095342465054
2019-08-01,20.727920532226562,120500,-0.006122360884201192
2019-08-02,20.651308059692383,152000,-0.003696100263172424
2019-08-05,20.08948516845703,185600,-0.02720519637842836
2019-08-06,20.038408279418945,200000,-0.0025424687895080037
2019-08-07,19.970314025878906,148900,-0.0033981867516881233
2019-08-08,20.259733200073242,105400,0.014492469863983445
2019-08-09,20.2852725982666,94800,0.00126059893983535
2019-08-12,20.05543327331543,104100,-0.011330354267500052
2019-08-13,20.200145721435547,105000,0.007215623125562836
2019-08-14,19.80006217956543,145400,-0.019805973055212436
2019-08-15,19.77452278137207,87900,-0.0012898645449566923
2019-08-16,19.93625831604004,124300,0.008178985478240027
2019-08-19,20.12353515625,127400,0.009393780780783942
2019-08-20,20.080974578857422,116000,-0.0021149652415499965
2019-08-21,20.26824378967285,101300,0.009325703295924645
2019-08-22,20.315353393554688,94300,0.0023243061594630803
2019-08-23,19.92137908935547,138800,-0.019392933835165882
2019-08-26,19.998455047607422,95800,0.003869007155891978
2019-08-27,19.869993209838867,106300,-0.006423588095317574
2019-08-28,20.01558494567871,96900,0.007327216184842592
2019-08-29,20.221139907836914,81300,0.01026974543667192
2019-08-30,20.212575912475586,110300,-0.000423516943177326
2019-09-03,20.212575912475586,78500,0.0
2019-09-04,20.366741180419922,89100,0.0076271954951165925
2019-09-05,20.606552124023438,110100,0.011774635003171932
2019-09-06,20.666505813598633,80600,0.002909447888921717
2019-09-09,20.726457595825195,91300,0.002900915266823384
2019-09-10,20.78640365600586,134300,0.0028922482244500207
2019-09-11,20.966264724731445,110300,0.00865282285969744
2019-09-12,20.98339080810547,140000,0.0008168399855135762
2019-09-13,21.077604293823242,106900,0.004489907593075025
2019-09-16,21.03478240966797,61200,-0.0020316295703407964
2019-09-17,21.060476303100586,57700,0.0012214955654025594
2019-09-18,21.103302001953125,79000,0.0020334629775791984
2019-09-19,21.06903839111328,98100,-0.0016236137281584004
2019-09-20,21.13365364074707,89000,0.0030668343013245045
2019-09-23,21.16811752319336,120500,0.0016307583644619044
2019-09-24,21.064733505249023,94700,-0.004883949544925794
2019-09-25,20.952733993530273,101400,-0.005316920420134504
2019-09-26,21.03888511657715,94700,0.00411168886473128
2019-09-27,21.107807159423828,94100,0.003275936080490026
2019-09-30,21.16811752319336,134200,0.0028572538736031127
2019-10-01,21.107807159423828,105500,-0.0028491132337795625
2019-10-02,20.883811950683594,170400,-0.010611960164712282
2019-10-03,20.77181053161621,140500,-0.0053630735294816064
2019-10-04,20.702884674072266,125700,-0.0033182402390506656
2019-10-07,20.64257049560547,75300,-0.0029133224387001837
2019-10-08,20.53919219970703,109200,-0.005008014671450214
2019-10-09,20.64257049560547,93000,0.005033221116647035
2019-10-10,20.633960723876953,97200,-0.0004170881591683813
2019-10-11,20.87519073486328,119200,0.01169092130272326
2019-10-14,20.69427490234375,101900,-0.008666547521282618
2019-10-15,20.72873306274414,104300,0.0016651059562607837
2019-10-16,20.866575241088867,129500,0.006649812023122196
2019-10-17,20.96996307373047,90200,0.004954710173906168
2019-10-18,20.978580474853516,99900,0.0004109402144747733
2019-10-21,21.245656967163086,96800,0.012730913449063345
2019-10-22,21.211198806762695,118400,-0.0016218919684925983
2019-10-23,21.215530395507812,102700,0.00020421234955075531
2019-10-24,21.310863494873047,74700,0.004493552486692497
2019-10-25,21.267526626586914,65800,-0.0020335575935981555
2019-10-28,21.319528579711914,102600,0.0024451340317115876
2019-10-29,21.475522994995117,93000,0.007316973013730262
2019-10-30,21.562183380126953,108400,0.004035309647733943
2019-10-31,21.622854232788086,136700,0.002813762019900584
2019-11-01,21.55352020263672,120800,-0.0032065160965767258
2019-11-04,21.640188217163086,66200,0.004021060769264261
2019-11-05,21.60551643371582,97900,-0.0016021941722192152
2019-11-06,21.709516525268555,85000,0.0048135897085264875
2019-11-07,21.700855255126953,125200,-0.0003989619083188873
2019-11-08,21.839513778686523,67700,0.006389541883461548
2019-11-11,21.874181747436523,85200,0.0015873965465216969
2019-11-12,21.770183563232422,174800,-0.0047543805480307535
2019-11-13,21.67485237121582,117300,-0.004378979705876529
2019-11-14,21.79618263244629,63200,0.005597743373403327
2019-11-15,21.874181747436523,96000,0.0035785676925886617
2019-11-18,22.15151023864746,113400,0.01267834812808201
2019-11-19,22.186172485351562,118500,0.001564780294014752
2019-11-20,22.064838409423828,137000,-0.0054689052835880225
2019-11-21,21.894880294799805,100200,-0.00770266754146882
2019-11-22,21.807720184326172,183900,-0.003980844348088717
2019-11-25,21.842580795288086,161200,0.0015985444909995393
2019-11-26,21.746706008911133,141200,-0.004389352488861361
2019-11-27,21.755420684814453,136400,0.0004007354447036395
2019-11-29,21.868732452392578,88100,0.005208438357490278
2019-12-02,21.668264389038086,128500,-0.009166880787027952
2019-12-03,21.45035743713379,151300,-0.010056502357177042
2019-12-04,21.63338851928711,86900,0.008532775394990203
2019-12-05,21.668264389038086,77900,0.0016121316232953153
2019-12-06,21.938459396362305,85400,0.012469619276978624
2019-12-09,21.947179794311523,93800,0.0003974936339725255
2019-12-10,21.807720184326172,141700,-0.0063543294078038225
2019-12-11,21.816434860229492,95600,0.00039961425722913476
2019-12-12,21.9210262298584,115500,0.004794154970735948
2019-12-13,21.9210262298584,155700,0.0
2019-12-16,22.051769256591797,116700,0.0059642749095074185
2019-12-17,22.16507911682129,102800,0.005138356877900905
2019-12-18,22.060489654541016,76600,-0.004718659551316445
2019-12-19,22.130212783813477,99400,0.0031605431413490345
2019-12-20,22.14764404296875,110100,0.0007876679418113432
2019-12-23,22.2659854888916,100300,0.005343297268696244
2019-12-24,22.187097549438477,69000,-0.0035429799185166017
2019-12-26,22.248458862304688,93400,0.0027656304629067583
2019-12-27,22.336116790771484,94600,0.003939955077756631
2019-12-30,22.230926513671875,108300,-0.004709425460341002
2019-12-31,22.371183395385742,114800,0.006309088450614513
