Date,Adj Close,Volume,LogReturn
2019-01-02,40.07542037963867,5402700,
2019-01-03,40.12088394165039,4713200,0.0011344500339868589
2019-01-04,40.5755615234375,5540600,0.011332691035630407
2019-01-07,40.648311614990234,7544200,0.001792953413860016
2019-01-08,41.27577209472656,4606700,0.015436323301185627
2019-01-09,40.93931198120117,6265000,-0.008151515924480482
2019-01-10,41.6395149230957,4414500,0.017103436965820427
2019-01-11,41.6395149230957,4782700,0.0
2019-01-14,40.95750045776367,6814900,-0.016379020423068047
2019-01-15,41.6395149230957,5051700,0.0166517599391921
2019-01-16,41.64860916137695,5571600,0.00021840403996170967
2019-01-17,41.848670959472656,4138000,0.004803564923873411
2019-01-18,41.903236389160156,4821400,0.0013038748528081713
2019-01-22,42.05781936645508,5264600,0.0036890462555038005
2019-01-23,42.62161636352539,4620000,0.01340528362057667
2019-01-24,42.70345687866211,4438300,0.0019201645108597055
2019-01-25,42.22150421142578,6726400,-0.01128603402309447
2019-01-28,41.96688461303711,3555600,-0.006030566725279483
2019-01-29,42.01235580444336,5140100,0.0010835017139233698
2019-01-30,42.421566009521484,3786500,0.009740234681980047
2019-01-31,43.43095397949219,8023300,0.02379421753888451
2019-02-01,43.15814208984375,4859800,-0.006281508110028103
2019-02-04,43.04902648925781,6413600,-0.0025282738158372967
2019-02-05,43.0035514831543,5072300,-0.0010563538786379566
2019-02-06,43.03083038330078,5118200,0.0006343406348001348
2019-02-07,43.767417907714844,7132600,0.017117669304841356
2019-02-08,43.39458084106445,8799600,-0.00851859863966686
2019-02-11,43.46733093261719,5659900,0.0016764787248247986
2019-02-12,43.576446533203125,4610000,0.002510289871606975
2019-02-13,43.558265686035156,4375600,-0.00041721729545147356
2019-02-14,43.521888732910156,3876200,-0.0008351331843008273
2019-02-15,43.8856315612793,6128300,0.008357698596248821
2019-02-19,44.11743927001953,4836800,0.005282086653271739
2019-02-20,44.099124908447266,5817600,-0.0004151274841718055
2019-02-21,44.4289665222168,9513600,0.007479550092077893
2019-02-22,44.65802764892578,4250700,0.005155670830075281
2019-02-25,44.36481857299805,4001900,-0.006565652165222468
2019-02-26,44.49310302734375,5395800,0.0028915807270714603
2019-02-27,44.2548828125,4955900,-0.005354093075894235
2019-02-28,44.52058792114258,6281200,0.006003972708917183
2019-03-01,44.47477722167969,4724200,-0.0010289778639948144
2019-03-04,44.39231491088867,3729600,-0.0018541365677896757
2019-03-05,44.36481857299805,4382400,-0.0006193940988619321
2019-03-06,44.373992919921875,3542900,0.00020679329294974165
2019-03-07,44.483943939208984,4137400,0.0024778256823885336
2019-03-08,44.69468307495117,3405400,0.00473742022582755
2019-03-11,44.96955871582031,4504200,0.006150074728311314
2019-03-12,45.31773376464844,4840500,0.007742460872884591
2019-03-13,45.47349548339844,4653900,0.003437103001640099
2019-03-14,45.464332580566406,4097900,-0.00020149985688644635
2019-03-15,45.812503814697266,12012700,0.007658118229578589
2019-03-18,45.51013946533203,5582900,-0.00660003981856656
2019-03-19,44.96955871582031,6530700,-0.011878248580703944
2019-03-20,44.98788070678711,4776400,0.00040743097086143277
2019-03-21,45.5009765625,8557500,0.01140520174882304
2019-03-22,46.069053649902344,7286600,0.012484942748910781
2019-03-25,46.16067886352539,5892100,0.001988866850171147
2019-03-26,46.435550689697266,4179500,0.005954674691516927
2019-03-27,46.29811477661133,5146400,-0.0029597132163747685
2019-03-28,45.59260559082031,5403400,-0.01523839986131404
2019-03-29,45.93162155151367,5692200,0.007435766311228709
2019-04-01,45.6659049987793,4213000,-0.005785046200390858
2019-04-02,46.078216552734375,6380800,0.009028870750861057
2019-04-03,45.75752258300781,4315900,-0.006959773917454969
2019-04-04,45.4826545715332,3986400,-0.006007056238151372
2019-04-05,45.720882415771484,5030900,0.0052377735310854935
2019-04-08,45.464332580566406,6370800,-0.005611217930399806
2019-04-09,45.372703552246094,5267200,-0.0020154046726175642
2019-04-10,45.40935516357422,4489200,0.0008077898925710065
2019-04-11,45.61092758178711,3576500,0.004439006400482536
2019-04-12,45.537628173828125,6541200,-0.00160705804168415
2019-04-15,45.98658752441406,5035600,0.00985908508172958
2019-04-16,45.07950210571289,3682200,-0.01972499956035234
2019-04-17,44.795467376708984,5184400,-0.00630075124471951
2019-04-18,45.26274871826172,8692700,0.010431442485533553
2019-04-22,45.3360481262207,6105100,0.0016194201641450683
2019-04-23,45.57427978515625,6573000,0.005254795439432279
2019-04-24,45.87664031982422,7003800,0.006634455576551951
2019-04-25,46.16983413696289,4185100,0.006390917362184801
2019-04-26,46.243141174316406,4971800,0.0015877691294287558
2019-04-29,45.88580322265625,5297300,-0.0077273719428606405
2019-04-30,46.68293762207031,7601000,0.01737213568096537
2019-05-01,46.078216552734375,5495500,-0.012953792116330812
2019-05-02,45.565120697021484,4707500,-0.011135323675682549
2019-05-03,45.70255661010742,4597000,0.0030162525849497302
2019-05-06,45.25358963012695,5252700,-0.009823673187709082
2019-05-07,44.96955871582031,4655200,-0.006276428381220635
2019-05-08,44.51144027709961,5553700,-0.01018730118335666
2019-05-09,44.67634582519531,4447000,0.0037047902082949285
2019-05-10,45.19861602783203,4062300,0.01169008326419981
2019-05-13,45.647579193115234,4122200,0.009933117531889567
2019-05-14,45.198097229003906,4933400,-0.00984678644643484
2019-05-15,45.01349639892578,4516400,-0.004084261094948605
2019-05-16,45.14270782470703,4584600,0.00287050409584121
2019-05-17,45.20732116699219,4125100,0.0014313129495035022
2019-05-20,45.16117477416992,4538600,-0.0010207725569892669
2019-05-21,45.16117477416992,3871200,0.0
2019-05-22,45.4749870300293,4696600,0.00694871772996616
2019-05-23,45.83494186401367,3656100,0.007915446655249835
2019-05-24,45.742645263671875,4196600,-0.0020136733371589935
2019-05-28,45.022727966308594,4299500,-0.01573842730811698
2019-05-29,44.53355026245117,3623500,-0.010865128035410988
2019-05-30,44.3397216796875,3271000,-0.004352417034379135
2019-05-31,44.37664031982422,5138400,0.0008326313007425028
2019-06-03,44.78274917602539,3738400,0.009151410590669531
2019-06-04,44.95811462402344,3402900,0.003915915195575563
2019-06-05,45.890323638916016,4549700,0.02073505578889313
2019-06-06,46.36103820800781,4637400,0.010257381769533228
2019-06-07,46.10260772705078,5780600,-0.005574303142167193
2019-06-10,45.75188064575195,3739100,-0.007607532384616899
2019-06-11,45.41960144042969,4177500,-0.007262634904454308
2019-06-12,46.5640983581543,5176400,0.025198303847418835
2019-06-13,46.30565643310547,3781700,-0.005550240081123998
2019-06-14,46.88713836669922,4110700,0.012557470909278138
2019-06-17,46.5640983581543,3999100,-0.006889736072576258
2019-06-18,46.056453704833984,5449300,-0.010902061270803365
2019-06-19,46.14875793457031,6665600,0.0020041540828976173
2019-06-20,46.37027359008789,4882600,0.004800035048216095
2019-06-21,46.5179443359375,8194800,0.003184599408556767
2019-06-24,46.29643249511719,5140500,-0.004761857901987797
2019-06-25,45.262699127197266,5656000,-0.022328575058757457
2019-06-26,44.10898208618164,6191200,-0.02548935576673076
2019-06-27,43.896697998046875,6226100,-0.0048127179112861344
2019-06-28,44.24742889404297,6728400,0.00798991523261497
2019-07-01,44.34895706176758,4397000,0.0022945551925227935
2019-07-02,45.06887435913086,7305100,0.016233015273856545
2019-07-03,45.25346755981445,3560800,0.0040958023316194836
2019-07-05,45.41037368774414,4583400,0.003467273037636165
2019-07-08,45.01349639892578,6751800,-0.008739793500652761
2019-07-09,45.20732116699219,5700000,0.004305925635028692
2019-07-10,45.56727600097656,6124500,0.007962312844300837
2019-07-11,45.72418975830078,4379900,0.0034435623784238472
2019-07-12,45.281158447265625,3981700,-0.009689210752055552
2019-07-15,45.11501693725586,4945900,-0.003669109088789188
2019-07-16,44.6719970703125,5742000,-0.00981978722427376
2019-07-17,44.85659408569336,3983400,0.004132275866026511
2019-07-18,45.00426483154297,4691400,0.0032920632709541302
2019-07-19,43.905921936035156,6827000,-0.024405306910779634
2019-07-22,43.63826370239258,5328900,-0.006096176138437978
2019-07-23,42.789127349853516,7742100,-0.019458527459526455
2019-07-24,41.97690963745117,10354600,-0.018981871393671326
2019-07-25,42.57684326171875,8945700,0.014291991226822622
2019-07-26,42.29071807861328,5525900,-0.006720206600256028
2019-07-29,42.50300216674805,6875300,0.005019637825495311
2019-07-30,42.50300216674805,4200500,0.0
2019-07-31,41.589263916015625,6978400,-0.02149820493026912
2019-08-01,40.98009490966797,7890400,-0.014647265880391577
2019-08-02,41.303138732910156,7878900,0.007882944730954623
2019-08-05,40.99855422973633,9973900,-0.007374366997710432
2019-08-06,41.727699279785156,7561600,0.017784652745632134
2019-08-07,41.54310989379883,5055600,-0.004423665554830909
2019-08-08,41.92152786254883,5158500,0.009109042864566255
2019-08-09,41.718475341796875,5661700,-0.004843633596030093
2019-08-12,41.718475341796875,6181900,0.0
2019-08-13,42.013832092285156,6680900,0.007079758981325223
2019-08-14,41.38395309448242,5664000,-0.014992181537241796
2019-08-15,41.5421142578125,5173500,0.0038217993087558666
2019-08-16,41.98870849609375,5429100,0.010750397428249877
2019-08-19,42.12826156616211,3984500,0.003323585674975979
2019-08-20,42.063133239746094,6164800,-0.0015459533338144536
2019-08-21,42.277130126953125,3780500,0.005087516566759757
2019-08-22,42.3515625,3670500,0.001760582443116729
2019-08-23,41.756107330322266,6978000,-0.014059815849243682
2019-08-26,42.50041961669922,3979400,0.017825231659859532
2019-08-27,43.021446228027344,9734400,0.012259328637861349
2019-08-28,43.19821548461914,5309200,0.004108863650349261
2019-08-29,43.49594497680664,3595300,0.006892171096593273
2019-08-30,43.9704475402832,5474400,0.010909121844107117
2019-09-03,44.58450698852539,5705100,0.013965276284250266
2019-09-04,44.658939361572266,5124500,0.0016694672224598444
2019-09-05,44.77058792114258,9220000,0.0025000271203570695
2019-09-06,44.77058792114258,4812700,0.0
2019-09-09,44.68684768676758,4996600,-0.0018704296339037865
2019-09-10,44.98457336425781,6037000,0.006662490036825651
2019-09-11,45.33811950683594,3625900,0.00785927521675759
2019-09-12,44.54729461669922,7599700,-0.01744282512682249
2019-09-13,43.97975158691406,8184100,-0.012740235623027134
2019-09-16,44.08209991455078,4223100,0.002327169298227049
2019-09-17,43.998355865478516,5617300,-0.0018997291243973403
2019-09-18,44.60311508178711,3624500,0.013745041250123007
2019-09-19,44.47285842895508,3650400,-0.0029203487826620265
2019-09-20,45.07761764526367,10352000,0.013598388717799424
2019-09-23,44.947357177734375,4742400,-0.002889692808399412
2019-09-24,45.40325164794922,4921900,0.010142853748043738
2019-09-25,45.598636627197266,4519500,0.004303325690482172
2019-09-26,45.756805419921875,3835800,0.003468717585083887
2019-09-27,45.19857406616211,4642700,-0.012199963451048082
2019-09-30,44.947357177734375,3896000,-0.005558071103305176
2019-10-01,44.64033508300781,4677200,-0.006830704050351873
2019-10-02,44.30538558959961,4271000,-0.007503292544407904
2019-10-03,44.39842987060547,4837800,0.0021000670633526974
2019-10-04,45.07761764526367,3353400,0.015297562923680503
2019-10-07,45.0869140625,4686700,0.00020623133435058327
2019-10-08,44.444942474365234,4383400,-0.014238534649873291
2019-10-09,44.5752067565918,3048100,0.0029309135072386645
2019-10-10,44.11930847167969,4937300,-0.010227620197065962
2019-10-11,44.203041076660156,4413000,0.001897867575014621
2019-10-14,43.83088684082031,2668400,-0.008419199828229614
2019-10-15,43.784366607666016,3398100,-0.0010613573328608066
2019-10-16,41.784019470214844,11579300,-0.04568633264414838
2019-10-17,40.99318313598633,19579600,-0.01892676540590482
2019-10-18,41.56072235107422,20311100,0.013844721772524904
2019-10-21,41.597938537597656,7384700,0.0008954653436738347
2019-10-22,42.10034942626953,8537100,0.012077783330964313
2019-10-23,42.472511291503906,8712600,0.008839875922791169
2019-10-24,42.96561813354492,6880200,0.01161002321375933
2019-10-25,42.695804595947266,6382400,-0.006279754587936497
2019-10-28,42.42599105834961,6367500,-0.006319439114710283
2019-10-29,42.66789245605469,5435000,0.005701726504688709
2019-10-30,43.41221237182617,7566400,0.017444496855289683
2019-10-31,42.323646545410156,8255900,-0.02507510598843558
2019-11-01,42.18408966064453,5635300,-0.0032973738360632687
2019-11-04,41.402557373046875,6669900,-0.018526707436021396
2019-11-05,41.66306686401367,6964000,0.006292111103658272
2019-11-06,41.70028305053711,6248000,0.0008932656504839026
2019-11-07,41.5886344909668,4802700,-0.002677405317249386
2019-11-08,41.597938537597656,4151700,0.00022371608841545996
2019-11-11,40.955963134765625,3656400,-0.015432865795784368
2019-11-12,41.23508834838867,4475100,0.00681525209661375
2019-11-13,41.402557373046875,4502600,0.004061323289604331
2019-11-14,41.86501693725586,4796300,0.011169830888515263
2019-11-15,42.230857849121094,4590200,0.008738582679030783
2019-11-18,42.59668731689453,6309600,0.008662610385051677
2019-11-19,42.559165954589844,9670200,-0.0008808516499311421
2019-11-20,42.54978942871094,25332600,-0.0002203174256025341
2019-11-21,41.6398811340332,8430600,-0.021384554586391533
2019-11-22,41.67740249633789,5850000,0.0009010919647899872
2019-11-25,41.433509826660156,8003400,-0.005851916268034332
2019-11-26,41.283424377441406,11002700,-0.00362232043210055
2019-11-27,41.52731704711914,4184200,0.005907762579186749
2019-11-29,41.649261474609375,3903500,0.0029364870201431417
2019-12-02,41.18962097167969,7091000,-0.011035982071612434
2019-12-03,41.51793670654297,6230500,0.007970836514592301
2019-12-04,41.78059387207031,5136300,0.006326354013781003
2019-12-05,42.08076477050781,5841100,0.007184457438700019
2019-12-06,42.08076477050781,4442800,0.0
2019-12-09,42.146427154541016,3413700,0.0015603895126740288
2019-12-10,41.94943618774414,5683600,-0.004673965982325276
2019-12-11,41.46165466308594,5592500,-0.011627844590691123
2019-12-12,41.367855072021484,6879100,-0.0022623214588675016
2019-12-13,41.105194091796875,7198800,-0.0063493980958721765
2019-12-16,41.9306755065918,7291800,0.02008216803334979
2019-12-17,42.19333267211914,7252800,0.006264081423778927
2019-12-18,42.559165954589844,6446000,0.0086704049977176
2019-12-19,42.19333267211914,9138700,-0.008595875277749644
2019-12-20,42.63420867919922,11962700,0.010448949612634031
2019-12-23,42.39970397949219,6659700,-0.005500388232171965
2019-12-24,42.51226806640625,1960800,0.002654831905630928
2019-12-26,42.51226806640625,3432000,0.0
2019-12-27,42.59668731689453,3493500,0.0019857620947537832
2019-12-30,42.56855010986328,3621000,-0.0006605491836002545
2019-12-31,42.76553726196289,3691100,0.004627527871896364
