Date,Adj Close,Volume,LogReturn
2019-01-02,1.0499999523162842,345300,
2019-01-03,1.059999942779541,479100,0.009523800873701953
2019-01-04,1.1299999952316284,1071600,0.06603778889698113
2019-01-07,1.3300000429153442,837000,0.17699119338732353
2019-01-08,1.409999966621399,1458900,0.06015031663510011
2019-01-09,1.4299999475479126,903100,0.014184383971608911
2019-01-10,1.409999966621399,335300,-0.013986001160915125
2019-01-11,2.759999990463257,22412600,0.9574468480851732
2019-01-14,2.5399999618530273,3966200,-0.07971015556898724
2019-01-15,2.440000057220459,2022700,-0.03937004178520326
2019-01-16,2.450000047683716,850100,0.004098356651125815
2019-01-17,2.5,993200,0.02040814340536656
2019-01-18,2.5,793500,0.0
2019-01-22,2.490000009536743,737900,-0.0039999961853027345
2019-01-23,2.490000009536743,835700,0.0
2019-01-24,2.4800000190734863,1592200,-0.004016060411629196
2019-01-25,2.5299999713897705,799600,0.020161270940217118
2019-01-28,2.490000009536743,666100,-0.015810261780775717
2019-01-29,2.5299999713897705,571800,0.016064241646516784
2019-01-30,2.509999990463257,557300,-0.007905130890387859
2019-01-31,2.559999942779541,1179800,0.019920299803290423
2019-02-01,2.630000114440918,526200,0.027343817666407325
2019-02-04,2.6500000953674316,537600,0.007604555154464411
2019-02-05,2.740000009536743,717700,0.033962230539781445
2019-02-06,2.7200000286102295,575900,-0.007299263086460757
2019-02-07,2.640000104904175,691800,-0.029411736347271383
2019-02-08,2.619999885559082,576100,-0.007575840359983141
2019-02-11,2.640000104904175,504300,0.007633671839197399
2019-02-12,2.869999885559082,1241300,0.08712112557406722
2019-02-13,2.8499999046325684,838300,-0.006968634747042031
2019-02-14,2.8299999237060547,1372000,-0.007017537402020418
2019-02-15,2.9800000190734863,811400,0.05300356869656644
2019-02-19,3.059999942779541,631500,0.02684561181007224
2019-02-20,3.069999933242798,598800,0.003267970800735825
2019-02-21,3.059999942779541,514000,-0.003257325954627623
2019-02-22,3.069999933242798,684100,0.003267970800735825
2019-02-25,3.1500000953674316,662500,0.026058685297797625
2019-02-26,3.119999885559082,342600,-0.009523875841295883
2019-02-27,3.119999885559082,771900,0.0
2019-02-28,3.200000047683716,798000,0.025641078544558448
2019-03-01,3.440000057220459,1203500,0.07500000186264512
2019-03-04,3.2200000286102295,1065900,-0.06395349562522706
2019-03-05,3.1700000762939453,457500,-0.01552793536398335
2019-03-06,3.0199999809265137,843800,-0.04731864093290405
2019-03-07,3.119999885559082,1467500,0.03311255141196694
2019-03-08,3.0299999713897705,439600,-0.028846127394387442
2019-03-11,3.0199999809265137,503900,-0.003300326916726055
2019-03-12,3.0199999809265137,375400,0.0
2019-03-13,3.0999999046325684,788700,0.026490041129573552
2019-03-14,3.130000114440918,588400,0.009677487332666684
2019-03-15,3.2300000190734863,666600,0.03194885015217656
2019-03-18,3.3499999046325684,451600,0.037151667136368485
2019-03-19,3.2799999713897705,404000,-0.020895503055387555
2019-03-20,3.3299999237060547,468000,0.015243888034272962
2019-03-21,3.240000009536743,483800,-0.027027001871263702
2019-03-22,3.1500000953674316,456900,-0.027777751205062422
2019-03-25,3.1500000953674316,347900,0.0
2019-03-26,3.109999895095825,241700,-0.012698475892249338
2019-03-27,3.1700000762939453,298500,0.01929266341543442
2019-03-28,3.25,159900,0.0252365683850654
2019-03-29,3.240000009536743,539900,-0.0030769201425405648
2019-04-01,3.299999952316284,251400,0.018518500803374947
2019-04-02,3.319999933242798,204400,0.006060600368335035
2019-04-03,3.2899999618530273,217700,-0.009036136142469179
2019-04-04,3.3299999237060547,194400,0.012158043257392063
2019-04-05,3.319999933242798,568500,-0.003003000207918189
2019-04-08,3.309999942779541,293800,-0.00301204538082306
2019-04-09,3.259999990463257,208900,-0.015105726036447359
2019-04-10,3.190000057220459,490900,-0.021472372223182316
2019-04-11,3.1500000953674316,355900,-0.012539172769758659
2019-04-12,3.1500000953674316,281500,0.0
2019-04-15,3.180000066757202,321500,0.009523800152860364
2019-04-16,3.2699999809265137,356900,0.028301859207534148
2019-04-17,3.299999952316284,163200,0.009174303230812371
2019-04-18,3.309999942779541,293600,0.0030303001841675177
2019-04-22,3.450000047683716,313000,0.042296104931836054
2019-04-23,3.5999999046325684,729800,0.04347821880453609
2019-04-24,3.549999952316284,478200,-0.013888876011341837
2019-04-25,3.3299999237060547,523000,-0.061971839877542845
2019-04-26,3.299999952316284,252100,-0.009009000623754567
2019-04-29,3.5,356100,0.06060607593140567
2019-04-30,3.569999933242798,635600,0.019999980926513672
2019-05-01,3.5399999618530273,928000,-0.008403353487606407
2019-05-02,3.4800000190734863,613800,-0.01694913656104499
2019-05-03,3.5299999713897705,563900,0.014367802310988534
2019-05-06,3.490000009536743,271800,-0.011331434044538888
2019-05-07,3.4200000762939453,509400,-0.020057287407311362
2019-05-08,3.440000057220459,311500,0.0058479475088744695
2019-05-09,3.3299999237060547,747800,-0.0319767824664762
2019-05-10,3.319999933242798,805200,-0.003003000207918189
2019-05-13,3.380000114440918,882800,0.01807234409776483
2019-05-14,3.5,831500,0.0355029235195547
2019-05-15,3.4200000762939453,315200,-0.02285712105887277
2019-05-16,3.4000000953674316,434100,-0.0058479475088744695
2019-05-17,3.319999933242798,321000,-0.023529458788438158
2019-05-20,3.309999942779541,246000,-0.00301204538082306
2019-05-21,3.309999942779541,131100,0.0
2019-05-22,3.2200000286102295,176300,-0.027190306865605245
2019-05-23,3.0299999713897705,429300,-0.059006228426173056
2019-05-24,3.0399999618530273,253000,0.003300326916726055
2019-05-28,3.0899999141693115,595500,0.016447352942006877
2019-05-29,3.049999952316284,365600,-0.012944971833043103
2019-05-30,3.0799999237060547,226400,0.009836056347144335
2019-05-31,3.0399999618530273,291700,-0.012987000923330156
2019-06-03,3.25,517400,0.06907896078359405
2019-06-04,3.4600000381469727,1003600,0.06461539635291466
2019-06-05,3.4000000953674316,523400,-0.01734102373353568
2019-06-06,3.4600000381469727,421800,0.017647041498996468
2019-06-07,3.5899999141693115,841400,0.03757221808932731
2019-06-10,3.630000114440918,855500,0.011142117333688592
2019-06-11,3.7699999809265137,403700,0.0385674551162261
2019-06-12,3.859999895095825,459400,0.023872656399110428
2019-06-13,3.740000009536743,483900,-0.03108805409853593
2019-06-14,3.6500000953674316,296900,-0.024064148112250782
2019-06-17,3.75,213800,0.027397233430072485
2019-06-18,3.6500000953674316,196900,-0.026666641235351562
2019-06-19,3.680000066757202,226600,0.008219170029021746
2019-06-20,3.6600000858306885,236400,-0.005434777327093246
2019-06-21,3.4600000381469727,503800,-0.05464482049003094
2019-06-24,3.390000104904175,302000,-0.02023119435579163
2019-06-25,3.1600000858306885,490700,-0.06784661119648777
2019-06-26,3.1700000762939453,663100,0.0031645538581142403
2019-06-27,3.190000057220459,400600,0.00630914209626635
2019-06-28,3.309999942779541,668800,0.037617518309275975
2019-07-01,3.3399999141693115,471700,0.009063435621868414
2019-07-02,3.200000047683716,424400,-0.041916128767450864
2019-07-03,3.2899999618530273,187800,0.0281249727588151
2019-07-05,3.180000066757202,235100,-0.03343461895782817
2019-07-08,3.1500000953674316,367400,-0.009433953069178049
2019-07-09,3.0999999046325684,181400,-0.015873075943202794
2019-07-10,3.1500000953674316,237800,0.016129094281630188
2019-07-11,3.200000047683716,389000,0.015873000254767275
2019-07-12,3.2100000381469727,202900,0.0031249969732016778
2019-07-15,3.059999942779541,500500,-0.04672900111677935
2019-07-16,3.0299999713897705,1171300,-0.009803912402207475
2019-07-17,2.869999885559082,448900,-0.052805309353617325
2019-07-18,2.9600000381469727,361600,0.0313589394343681
2019-07-19,2.9700000286102295,236000,0.0033783751129669096
2019-07-22,2.9700000286102295,516400,0.0
2019-07-23,2.9200000762939453,288000,-0.016835000617720856
2019-07-24,2.9700000286102295,485200,0.017123270893795305
2019-07-25,3.009999990463257,403700,0.013468000494176686
2019-07-26,3.1700000762939453,508800,0.05315617486299842
2019-07-29,3.130000114440918,468600,-0.0126182841925327
2019-07-30,3.1700000762939453,512400,0.012779540060870622
2019-07-31,3.069999933242798,546500,-0.031545785692238176
2019-08-01,2.9700000286102295,588300,-0.03257325954627623
2019-08-02,2.9600000381469727,333500,-0.0033670001235441716
2019-08-05,2.869999885559082,311200,-0.030405456563518413
2019-08-06,2.880000114440918,233900,0.003484400446199973
2019-08-07,2.9100000858306885,262300,0.010416656318638471
2019-08-08,2.059999942779541,2203700,-0.29209626047433823
2019-08-09,1.9900000095367432,600500,-0.03398055106173815
2019-08-12,1.940000057220459,574000,-0.02512560405862701
2019-08-13,2.0399999618530273,391900,0.05154634107374385
2019-08-14,1.9299999475479126,560800,-0.05392157664806846
2019-08-15,1.9299999475479126,405000,0.0
2019-08-16,2.0299999713897705,512900,0.05181348526403283
2019-08-19,2.140000104904175,308900,0.05418725865256857
2019-08-20,2.059999942779541,230000,-0.03738325149671712
2019-08-21,2.119999885559082,713600,0.029126186624346982
2019-08-22,2.0299999713897705,307900,-0.04245279199417359
2019-08-23,2.0,284700,-0.01477831123772482
2019-08-26,2.0299999713897705,349000,0.014999985694885254
2019-08-27,1.9900000095367432,566800,-0.01970441498363309
2019-08-28,2.0999999046325684,316600,0.05527632892897942
2019-08-29,2.2200000286102295,372600,0.05714291877487359
2019-08-30,2.0899999141693115,254400,-0.05855860935384807
2019-09-03,2.0,377000,-0.0430621616580701
2019-09-04,2.0799999237060547,133100,0.039999961853027344
2019-09-05,2.109999895095825,319000,0.014423063697193721
2019-09-06,2.130000114440918,210500,0.009478777412064501
2019-09-09,2.259999990463257,683100,0.06103280236511218
2019-09-10,2.3299999237060547,487900,0.030973421919550187
2019-09-11,2.450000047683716,651000,0.05150220081844087
2019-09-12,2.490000009536743,910200,0.016326514724293247
2019-09-13,2.4700000286102295,477000,-0.008032120823258392
2019-09-16,2.5799999237060547,602700,0.04453436996829419
2019-09-17,2.450000047683716,419400,-0.050387550335892976
2019-09-18,2.25,463400,-0.0816326709351701
2019-09-19,2.2200000286102295,452000,-0.013333320617675781
2019-09-20,2.200000047683716,421100,-0.009009000301245093
2019-09-23,2.2100000381469727,407200,0.004545450112051311
2019-09-24,2.069999933242798,347200,-0.06334846266408269
2019-09-25,2.1600000858306885,294900,0.04347833598569212
2019-09-26,2.109999895095825,181700,-0.023148235531497356
2019-09-27,2.200000047683716,360300,0.04265410287321521
2019-09-30,2.200000047683716,375300,0.0
2019-10-01,2.130000114440918,283700,-0.03181815078435918
2019-10-02,2.119999885559082,274700,-0.004694942884761673
2019-10-03,2.0899999141693115,492400,-0.01415093066472453
2019-10-04,2.0899999141693115,261000,0.0
2019-10-07,2.069999933242798,201800,-0.00956936925734891
2019-10-08,2.009999990463257,244700,-0.02898548053842058
2019-10-09,1.9600000381469727,590700,-0.024875598285331528
2019-10-10,1.9800000190734863,211600,0.01020407170268328
2019-10-11,2.0899999141693115,154800,0.05555550203847883
2019-10-14,2.0799999237060547,133700,-0.004784684628674455
2019-10-15,1.9700000286102295,757000,-0.05288456688971031
2019-10-16,1.9199999570846558,231600,-0.025380746598692765
2019-10-17,1.909999966621399,582700,-0.0052083284826948155
2019-10-18,1.8600000143051147,677600,-0.02617798596338677
2019-10-21,1.9800000190734863,241400,0.06451613109971018
2019-10-22,2.0199999809265137,252300,0.02020200074126503
2019-10-23,2.1600000858306885,287700,0.06930698328024783
2019-10-24,2.0999999046325684,192600,-0.027777860562003345
2019-10-25,2.130000114440918,123700,0.0142858148432148
2019-10-28,2.0199999809265137,443300,-0.051643252396386424
2019-10-29,2.0299999713897705,209700,0.004950490375089082
2019-10-30,1.9500000476837158,585400,-0.03940882996726618
2019-10-31,1.909999966621399,261500,-0.02051286158163458
2019-11-01,2.049999952316284,220400,0.07329842311072465
2019-11-04,2.140000104904175,162600,0.04390251447869544
2019-11-05,2.1600000858306885,232300,0.0093457850215429
2019-11-06,2.059999942779541,141900,-0.046296360684027295
2019-11-07,2.009999990463257,260600,-0.024271822186955817
2019-11-08,1.9700000286102295,434400,-0.019900478628265224
2019-11-11,1.850000023841858,809200,-0.060913707119602256
2019-11-12,1.909999966621399,945500,0.03243240108448233
2019-11-13,1.8300000429153442,316300,-0.04188477754141883
2019-11-14,1.840000033378601,188400,0.00546447553483442
2019-11-15,1.8899999856948853,283000,0.027173886635466226
2019-11-18,1.7300000190734863,424800,-0.08465606763619772
2019-11-19,1.659999966621399,232900,-0.04046245761868628
2019-11-20,1.6399999856948853,302000,-0.01204818152329224
2019-11-21,1.6100000143051147,304700,-0.018292665641127553
2019-11-22,1.659999966621399,229300,0.0310558707279667
2019-11-25,1.809999942779541,266200,0.09036143323751826
2019-11-26,1.809999942779541,348800,0.0
2019-11-27,1.7999999523162842,155200,-0.005524856784194297
2019-11-29,1.7699999809265137,90600,-0.016666651213610204
2019-12-02,1.659999966621399,217700,-0.06214690140704679
2019-12-03,1.6399999856948853,291800,-0.01204818152329224
2019-12-04,1.7000000476837158,388100,0.03658540397084693
2019-12-05,1.7100000381469727,319700,0.005882347166332156
2019-12-06,1.850000023841858,701600,0.08187133483727584
2019-12-09,1.8300000429153442,142800,-0.010810800361494111
2019-12-10,1.75,393700,-0.043715869420362104
2019-12-11,1.7100000381469727,305600,-0.02285712105887277
2019-12-12,1.7899999618530273,743700,0.046783580070995756
2019-12-13,1.7899999618530273,406700,0.0
2019-12-16,1.8799999952316284,518100,0.05027934932771287
2019-12-17,1.909999966621399,572900,0.01595743163077738
2019-12-18,1.9500000476837158,462300,0.02094245118395111
2019-12-19,1.9900000095367432,558500,0.020512800448667073
2019-12-20,1.9299999475479126,351700,-0.030150784774517728
2019-12-23,2.059999942779541,616000,0.0673575123133008
2019-12-24,2.0799999237060547,114700,0.009708728874782328
2019-12-26,2.049999952316284,229100,-0.014423063697193721
2019-12-27,2.0299999713897705,301000,-0.009756088483765963
2019-12-30,2.009999990463257,600200,-0.009852207491816546
2019-12-31,2.0,939500,-0.004975119657066306
