Date,Adj Close,Volume,LogReturn
2019-01-02,6.900000095367432,424500,
2019-01-03,7.179999828338623,265100,0.040579670884233685
2019-01-04,7.28000020980835,171300,0.013927630064145225
2019-01-07,7.699999809265137,103800,0.05769225100995483
2019-01-08,7.920000076293945,85000,0.02857146395823154
2019-01-09,8.0600004196167,166200,0.017676810855318217
2019-01-10,8.079999923706055,132500,0.0024813279216065556
2019-01-11,7.71999979019165,94100,-0.04455447239030207
2019-01-14,7.679999828338623,125900,-0.005181342349755988
2019-01-15,7.599999904632568,79000,-0.010416656965389631
2019-01-16,7.400000095367432,399600,-0.026315764707211
2019-01-17,7.340000152587891,217200,-0.008108100271120583
2019-01-18,7.099999904632568,232400,-0.03269758078556776
2019-01-22,7.050000190734863,247000,-0.007042213319620123
2019-01-23,7.070000171661377,113800,0.0028368766504145238
2019-01-24,7.130000114440918,771800,0.008486554642535695
2019-01-25,7.119999885559082,391000,-0.0014025566229068822
2019-01-28,7.289999961853027,391700,0.02387641559359329
2019-01-29,7.460000038146973,248100,0.023319626499796773
2019-01-30,7.46999979019165,198400,0.0013404493288932508
2019-01-31,7.670000076293945,448800,0.026773800765684322
2019-02-01,7.340000152587891,157700,-0.04302476146330194
2019-02-04,7.429999828338623,102600,0.012261535950922414
2019-02-05,7.46999979019165,166700,0.005383575070952793
2019-02-06,7.289999961853027,76300,-0.02409636323885425
2019-02-07,7.400000095367432,547800,0.015089181631002866
2019-02-08,7.71999979019165,331900,0.043243201445976445
2019-02-11,7.639999866485596,230600,-0.010362684699511977
2019-02-12,7.789999961853027,95900,0.019633520679160923
2019-02-13,7.75,262600,-0.0051347833182161465
2019-02-14,7.539999961853027,117800,-0.027096779115738406
2019-02-15,7.699999809265137,116300,0.02122013902143149
2019-02-19,7.929999828338623,336600,0.029870133087111957
2019-02-20,8.020000457763672,266100,0.011349386049596477
2019-02-21,8.149999618530273,226000,0.0162093707414639
2019-02-22,8.050000190734863,240100,-0.012269869015459354
2019-02-25,8.100000381469727,266500,0.006211203670828596
2019-02-26,7.989999771118164,174600,-0.013580321626059374
2019-02-27,7.949999809265137,79200,-0.005006253191347655
2019-02-28,7.829999923706055,139800,-0.01509432558969763
2019-03-01,7.78000020980835,55800,-0.006385659563843198
2019-03-04,7.800000190734863,116600,0.0025706915664731513
2019-03-05,7.800000190734863,114300,0.0
2019-03-06,7.690000057220459,98400,-0.014102580874942367
2019-03-07,7.5,148000,-0.024707419480713796
2019-03-08,7.420000076293945,99200,-0.010666656494140624
2019-03-11,7.539999961853027,279600,0.01617249114895133
2019-03-12,7.75,160100,0.0278514640861302
2019-03-13,7.710000038146973,115900,-0.005161285400390625
2019-03-14,7.440000057220459,182100,-0.03501945260578827
2019-03-15,7.420000076293945,148000,-0.002688169458695616
2019-03-18,7.139999866485596,114900,-0.03773587694465373
2019-03-19,7.28000020980835,217700,0.019607891588331913
2019-03-20,7.110000133514404,158000,-0.023351658158595117
2019-03-21,7.269999980926514,122600,0.02250349429079729
2019-03-22,7.090000152587891,97600,-0.02475926118443858
2019-03-25,7.119999885559082,43300,0.0042312739528279604
2019-03-26,7.130000114440918,56600,0.0014045265509229276
2019-03-27,7.260000228881836,105700,0.018232834832305134
2019-03-28,7.199999809265137,43500,-0.008264520347810004
2019-03-29,7.210000038146973,88600,0.0013889207148266027
2019-04-01,7.539999961853027,78800,0.0457697533925211
2019-04-02,7.550000190734863,59700,0.0013262903093408352
2019-04-03,7.610000133514404,54100,0.007947012087916391
2019-04-04,7.75,57600,0.018396828387562958
2019-04-05,7.880000114440918,32100,0.016774208314957156
2019-04-08,7.78000020980835,55900,-0.012690343043181961
2019-04-09,7.670000076293945,38900,-0.014138834260663086
2019-04-10,8.0,106400,0.04302476146330194
2019-04-11,8.020000457763672,66500,0.0025000572204589844
2019-04-12,8.069999694824219,163200,0.006234318479638698
2019-04-15,8.300000190734863,104500,0.028500682107603776
2019-04-16,8.489999771118164,85600,0.02289151518278202
2019-04-17,8.369999885559082,60800,-0.01413426251992438
2019-04-18,8.539999961853027,43000,0.020310642606728064
2019-04-22,8.279999732971191,80200,-0.0304449918083396
2019-04-23,8.399999618530273,38100,0.01449274026921029
2019-04-24,8.359999656677246,51700,-0.004761900436850977
2019-04-25,8.329999923706055,29000,-0.003588484952535878
2019-04-26,8.470000267028809,29800,0.016806764058224278
2019-04-29,8.680000305175781,64400,0.02479339215187989
2019-04-30,8.510000228881836,52900,-0.019585261557257812
2019-05-01,8.65999984741211,44700,0.017626276674023368
2019-05-02,8.670000076293945,38600,0.0011547608612053652
2019-05-03,8.630000114440918,58700,-0.004613605709462187
2019-05-06,8.930000305175781,43200,0.03476247818732484
2019-05-07,8.800000190734863,65200,-0.014557683090511272
2019-05-08,9.170000076293945,87300,0.04204544062949439
2019-05-09,9.0,63400,-0.018538721360910917
2019-05-10,8.649999618530273,168500,-0.03888893127441406
2019-05-13,8.65999984741211,125800,0.0011560958754741636
2019-05-14,8.460000038146973,93200,-0.023094666603822537
2019-05-15,8.449999809265137,267000,-0.0011820601461872248
2019-05-16,8.619999885559082,83700,0.02011835267825048
2019-05-17,8.34000015258789,198300,-0.03248256806131396
2019-05-20,7.960000038146973,321300,-0.045563562048977234
2019-05-21,7.989999771118164,82200,0.003768810656711393
2019-05-22,7.96999979019165,48400,-0.0025031265956738276
2019-05-23,7.769999980926514,76600,-0.02509407961481608
2019-05-24,7.860000133514404,61800,0.011583031249526308
2019-05-28,8.050000190734863,430700,0.024173034859161658
2019-05-29,7.820000171661377,68900,-0.028571430263840805
2019-05-30,7.840000152587891,63200,0.0025575422618264
2019-05-31,7.760000228881836,1166900,-0.01020407170268328
2019-06-03,7.800000190734863,86600,0.0051546341073743845
2019-06-04,7.739999771118164,80500,-0.0076923613012176584
2019-06-05,7.670000076293945,74100,-0.00904388848762281
2019-06-06,7.659999847412109,36700,-0.001303810793006919
2019-06-07,7.670000076293945,60900,0.001305512934861802
2019-06-10,7.789999961853027,114800,0.015645356501360633
2019-06-11,7.559999942779541,88400,-0.0295250346854656
2019-06-12,7.269999980926514,107200,-0.038359783604231715
2019-06-13,7.03000020980835,86500,-0.03301234824591811
2019-06-14,7.070000171661377,84000,0.00568989483061734
2019-06-17,7.050000190734863,48800,-0.002828851547511898
2019-06-18,7.070000171661377,71900,0.0028368766504145238
2019-06-19,7.0,66600,-0.009901014138862126
2019-06-20,7.0,40800,0.0
2019-06-21,7.0,98900,0.0
2019-06-24,6.960000038146973,101200,-0.005714280264718192
2019-06-25,7.0,162900,0.005747120924395414
2019-06-26,6.909999847412109,221900,-0.012857164655412947
2019-06-27,7.079999923706055,105500,0.024602037633562713
2019-06-28,7.519999980926514,196800,0.06214690140704679
2019-07-01,7.670000076293945,152700,0.01994682124307009
2019-07-02,7.789999961853027,53900,0.015645356501360633
2019-07-03,7.800000190734863,75500,0.0012837264352767927
2019-07-05,8.050000190734863,63000,0.03205128126752606
2019-07-08,8.109999656677246,67300,0.0074533496299092165
2019-07-09,8.140000343322754,116700,0.003699221691188014
2019-07-10,8.130000114440918,99600,-0.0012285292948469135
2019-07-11,7.980000019073486,354100,-0.01845019597244456
2019-07-12,7.820000171661377,65500,-0.02005010614407067
2019-07-15,7.789999961853027,51000,-0.0038363438810482785
2019-07-16,7.670000076293945,41400,-0.01540434995464844
2019-07-17,7.380000114440918,82800,-0.03780964262951506
2019-07-18,7.380000114440918,59100,0.0
2019-07-19,7.46999979019165,34800,0.012195077825896548
2019-07-22,7.539999961853027,69800,0.009370839843033118
2019-07-23,7.349999904632568,425100,-0.025198946708451263
2019-07-24,7.380000114440918,101600,0.004081661251375124
2019-07-25,7.389999866485596,48500,0.001354979930841814
2019-07-26,7.53000020980835,40900,0.018944566421126713
2019-07-29,7.510000228881836,45800,-0.002656039889675209
2019-07-30,7.590000152587891,46400,0.010652452898522199
2019-07-31,7.809999942779541,84700,0.028985479020924545
2019-08-01,7.699999809265137,45100,-0.01408452424075893
2019-08-02,7.329999923706055,157000,-0.048051934379774175
2019-08-05,6.889999866485596,299300,-0.060027293560733705
2019-08-06,6.760000228881836,39000,-0.01886787229650109
2019-08-07,6.690000057220459,239100,-0.010355054628889502
2019-08-08,6.920000076293945,46600,0.03437967370796197
2019-08-09,6.829999923706055,63400,-0.013005802253703274
2019-08-12,6.769999980926514,58100,-0.008784764780346323
2019-08-13,6.829999923706055,97700,0.008862620819583765
2019-08-14,6.570000171661377,313000,-0.0380673140481674
2019-08-15,6.690000057220459,45000,0.018264822286714992
2019-08-16,6.860000133514404,356800,0.025411072472333644
2019-08-19,6.920000076293945,126800,0.008746347173728524
2019-08-20,7.329999923706055,743300,0.05924853220979842
2019-08-21,7.409999847412109,104600,0.010914041546893585
2019-08-22,7.28000020980835,107800,-0.017543811104012538
2019-08-23,7.019999980926514,91900,-0.03571431612481789
2019-08-26,6.989999771118164,70000,-0.004273534172344844
2019-08-27,6.840000152587891,189600,-0.021459173596836693
2019-08-28,7.010000228881836,63800,0.02485381176923313
2019-08-29,6.980000019073486,31200,-0.004279630360744644
2019-08-30,7.019999980926514,60100,0.0057306535449461035
2019-09-03,7.019999980926514,49200,0.0
2019-09-04,6.980000019073486,40900,-0.005698000279445594
2019-09-05,7.260000228881836,60900,0.04011464312940165
2019-09-06,7.369999885559082,36300,0.015151467384208047
2019-09-09,7.590000152587891,25200,0.02985078296403794
2019-09-10,7.599999904632568,128000,0.0013174903614815098
2019-09-11,7.489999771118164,76700,-0.014473701959832115
2019-09-12,7.579999923706055,38800,0.012016042101220882
2019-09-13,7.619999885559082,81100,0.005277039875413395
2019-09-16,7.460000038146973,73300,-0.020997355618775068
2019-09-17,7.429999828338623,55100,-0.0040214758250593135
2019-09-18,7.429999828338623,28500,0.0
2019-09-19,7.489999771118164,58500,0.008075362606429189
2019-09-20,7.630000114440918,226500,0.01869163519371558
2019-09-23,7.679999828338623,40500,0.006553042352263289
2019-09-24,7.579999923706055,57700,-0.013020821206737039
2019-09-25,7.769999980926514,43900,0.025065970861852346
2019-09-26,7.869999885559082,65700,0.012870000627804908
2019-09-27,7.75,503600,-0.015247762046257931
2019-09-30,7.5,252100,-0.03225806451612903
2019-10-01,7.179999828338623,41800,-0.042666689554850264
2019-10-02,7.170000076293945,177700,-0.0013927231592972854
2019-10-03,7.079999923706055,51700,-0.012552322403099642
2019-10-04,7.199999809265137,74500,0.01694913656104499
2019-10-07,7.170000076293945,53400,-0.004166629689710132
2019-10-08,6.989999771118164,363800,-0.025104644806199283
2019-10-09,6.96999979019165,127200,-0.0028612276940481714
2019-10-10,6.730000019073486,347700,-0.034433253707682666
2019-10-11,6.820000171661377,124500,0.01337297954425279
2019-10-14,6.860000133514404,40900,0.0058650968982722484
2019-10-15,6.940000057220459,184700,0.011661796231638034
2019-10-16,6.840000152587891,206400,-0.014409208041508192
2019-10-17,6.949999809265137,1335000,0.016081820792888155
2019-10-18,6.900000095367432,227100,-0.007194203635955471
2019-10-21,6.929999828338623,246900,0.004347787327036825
2019-10-22,6.949999809265137,217800,0.0028860002051844793
2019-10-23,6.869999885559082,623700,-0.0115107807052607
2019-10-24,6.75,121400,-0.017467232541200604
2019-10-25,6.730000019073486,243000,-0.0029629601372612845
2019-10-28,6.730000019073486,265600,0.0
2019-10-29,6.639999866485596,71700,-0.01337297954425279
2019-10-30,6.639999866485596,99400,0.0
2019-10-31,6.610000133514404,128700,-0.004518032164821353
2019-11-01,6.75,82500,0.02118000963052335
2019-11-04,6.78000020980835,184400,0.004444475527162905
2019-11-05,6.829999923706055,145300,0.007374588842249966
2019-11-06,6.869999885559082,1054700,0.005856509853564214
2019-11-07,6.619999885559082,139900,-0.036390102498474054
2019-11-08,6.630000114440918,252300,0.0015106086185364615
2019-11-11,6.829999923706055,193700,0.030165883229702165
2019-11-12,6.900000095367432,503600,0.01024892715128961
2019-11-13,6.840000152587891,361000,-0.008695643760907219
2019-11-14,6.849999904632568,329600,0.0014619520207019823
2019-11-15,6.960000038146973,134100,0.01605841387530715
2019-11-18,6.900000095367432,398900,-0.00862068138659312
2019-11-19,6.730000019073486,401600,-0.024637691875987234
2019-11-20,6.659999847412109,171300,-0.010401214184693839
2019-11-21,6.670000076293945,123000,0.0015015359025453655
2019-11-22,6.670000076293945,175100,0.0
2019-11-25,6.889999866485596,254300,0.03298347641307509
2019-11-26,6.829999923706055,111800,-0.008708264723108823
2019-11-27,6.900000095367432,214900,0.01024892715128961
2019-11-29,7.03000020980835,34300,0.018840596035382424
2019-12-02,6.940000057220459,223800,-0.012802297283337377
2019-12-03,6.900000095367432,157400,-0.005763683216603277
2019-12-04,6.980000019073486,123700,0.011594191681209624
2019-12-05,7.150000095367432,122800,0.024355311723410402
2019-12-06,7.010000228881836,181500,-0.019580400645910934
2019-12-09,6.949999809265137,172600,-0.008559260721489288
2019-12-10,6.820000171661377,199000,-0.01870498434121617
2019-12-11,6.800000190734863,105000,-0.0029325484491361242
2019-12-12,6.769999980926514,119400,-0.004411795436303884
2019-12-13,6.739999771118164,203200,-0.004431345626716517
2019-12-16,6.300000190734863,608200,-0.06528183906901008
2019-12-17,6.329999923706055,232300,0.004761862232212423
2019-12-18,6.28000020980835,414300,-0.007898849052186324
2019-12-19,6.5,780900,0.035031812554408216
2019-12-20,6.710000038146973,507900,0.03230769817645733
2019-12-23,6.78000020980835,113000,0.010432216283669074
2019-12-24,6.900000095367432,56800,0.017699097617354508
2019-12-26,6.860000133514404,75400,-0.005797095840604812
2019-12-27,6.909999847412109,123300,0.007288587889879535
2019-12-30,6.989999771118164,123700,0.011577413237717476
2019-12-31,6.949999809265137,210800,-0.005722455388096343
