Date,Adj Close,Volume,LogReturn
2019-01-02,10.023985862731934,196800,
2019-01-03,9.966045379638672,204300,-0.005780184039233136
2019-01-04,10.10676097869873,245500,0.014119502139489593
2019-01-07,10.264031410217285,380900,0.015560913318324427
2019-01-08,10.355082511901855,367000,0.008870890787993291
2019-01-09,10.421303749084473,279800,0.006395046790453313
2019-01-10,10.421303749084473,334100,0.0
2019-01-11,10.305418014526367,284100,-0.011120080303607522
2019-01-14,10.321976661682129,153800,0.0016067904409526029
2019-01-15,10.313695907592773,107000,-0.0008022449924824757
2019-01-16,10.338528633117676,123700,0.002407742650878518
2019-01-17,10.288865089416504,145400,-0.00480373421243748
2019-01-18,10.288865089416504,284500,0.0
2019-01-22,10.288865089416504,308700,0.0
2019-01-23,10.305418014526367,344700,0.0016088193368275587
2019-01-24,10.22264289855957,253100,-0.008032193924605318
2019-01-25,10.272309303283691,169600,0.004858470086157404
2019-01-28,10.338528633117676,283700,0.006446391739082118
2019-01-29,10.330249786376953,83100,-0.0008007761098811308
2019-01-30,10.363363265991211,127000,0.003205486827426604
2019-01-31,10.379913330078125,67400,0.0015969780911979949
2019-02-01,10.446136474609375,140000,0.006379932319796312
2019-02-04,10.41302490234375,233300,-0.003169743411461909
2019-02-05,10.437857627868652,74400,0.002384775390224317
2019-02-06,10.470970153808594,164700,0.0031723488785219984
2019-02-07,10.48752212524414,104600,0.0015807486023180428
2019-02-08,10.446136474609375,210500,-0.00394618005478603
2019-02-11,10.48752212524414,295600,0.003961814086515006
2019-02-12,10.512351989746094,126300,0.0023675625381696258
2019-02-13,10.528910636901855,248500,0.0015751610269436633
2019-02-14,10.59131145477295,130600,0.0059266167244682085
2019-02-15,10.59131145477295,136900,0.0
2019-02-19,10.624587059020996,255700,0.0031417831861654207
2019-02-20,10.63291072845459,87800,0.0007834346301982993
2019-02-21,10.641228675842285,98100,0.000782283196024186
2019-02-22,10.882505416870117,262100,0.02267376713514093
2019-02-25,10.890829086303711,161800,0.0007648670149697655
2019-02-26,10.782670974731445,176400,-0.009931118256945662
2019-02-27,10.782670974731445,106200,0.0
2019-02-28,10.757708549499512,248400,-0.002315050258923004
2019-03-01,10.732747077941895,77200,-0.002320333502507696
2019-03-04,10.707788467407227,140500,-0.0023254634021855677
2019-03-05,10.707788467407227,143400,0.0
2019-03-06,10.716108322143555,49600,0.0007769909502463945
2019-03-07,10.674510955810547,155000,-0.0038817605312043957
2019-03-08,10.63291072845459,149200,-0.0038971553383728955
2019-03-11,10.707788467407227,75600,0.007042073507892567
2019-03-12,10.724431037902832,46200,0.0015542490913284996
2019-03-13,10.732747077941895,95900,0.0007754294852259785
2019-03-14,10.690921783447266,134300,-0.0038969794211016944
2019-03-15,10.682557106018066,90300,-0.0007824093748539282
2019-03-18,10.690921783447266,64800,0.0007830220186220151
2019-03-19,10.632363319396973,166900,-0.005477400848723721
2019-03-20,10.632363319396973,165200,0.0
2019-03-21,10.53197956085205,225300,-0.009441340135714555
2019-03-22,10.465057373046875,218800,-0.0063541889175259365
2019-03-25,10.50688362121582,137700,0.003996752877501684
2019-03-26,10.481789588928223,205200,-0.0023883420805125336
2019-03-27,10.490153312683105,156500,0.0007979289875955252
2019-03-28,10.456692695617676,175400,-0.0031897166865020145
2019-03-29,10.456692695617676,171900,0.0
2019-04-01,10.53197956085205,214200,0.007199873557145576
2019-04-02,10.557076454162598,183800,0.0023829227132032625
2019-04-03,10.598904609680176,139400,0.0039620964856312575
2019-04-04,10.649096488952637,154500,0.004735572318163876
2019-04-05,10.640731811523438,714300,-0.000785482358796986
2019-04-08,10.665825843811035,264200,0.002358299479028495
2019-04-09,10.674193382263184,139700,0.0007845185712462946
2019-04-10,10.724383354187012,148400,0.004701992003182788
2019-04-11,10.749478340148926,124400,0.0023399933714712356
2019-04-12,10.766300201416016,182000,0.0015649002430434954
2019-04-15,10.774714469909668,147000,0.0007815376068136828
2019-04-16,10.791536331176758,63700,0.001561234992729313
2019-04-17,10.799945831298828,140700,0.0007792681101184138
2019-04-18,10.799945831298828,114600,0.0
2019-04-22,10.825176239013672,171700,0.002336160579780378
2019-04-23,10.85882568359375,168200,0.0031084431178872033
2019-04-24,10.833592414855957,112800,-0.002323756681711642
2019-04-25,10.850412368774414,134600,0.0015525740007896235
2019-04-26,10.81676959991455,256700,-0.003100598181566009
2019-04-29,10.842002868652344,162000,0.0023327915515545697
2019-04-30,10.791536331176758,424200,-0.004654724600885381
2019-05-01,10.81676959991455,228300,0.0023382461925179304
2019-05-02,10.850412368774414,148000,0.0031102417916093034
2019-05-03,10.926112174987793,178200,0.006976675506935542
2019-05-06,10.926112174987793,117800,0.0
2019-05-07,10.884058952331543,245600,-0.0038488734128612387
2019-05-08,10.850412368774414,132900,-0.0030913635900438833
2019-05-09,10.81676959991455,107400,-0.003100598181566009
2019-05-10,10.884058952331543,82500,0.006220836248330902
2019-05-13,10.833592414855957,156800,-0.004636738710862566
2019-05-14,10.909704208374023,132500,0.007025535999830984
2019-05-15,10.918164253234863,241100,0.000775460516550588
2019-05-16,10.95199203491211,167700,0.0030983030565072795
2019-05-17,10.935077667236328,80300,-0.0015444101513097008
2019-05-20,10.968907356262207,202600,0.0030936852993042195
2019-05-21,10.985819816589355,82800,0.0015418546057363704
2019-05-22,10.96044921875,274000,-0.002309395044058896
2019-05-23,10.926619529724121,72000,-0.0030865239508620305
2019-05-24,10.95199203491211,81200,0.002322081877104482
2019-05-28,10.977361679077148,96000,0.002316441071557322
2019-05-29,10.943537712097168,185600,-0.0030812473861045273
2019-05-30,10.977361679077148,142100,0.0030907708156011466
2019-05-31,10.867420196533203,225600,-0.01001529199438639
2019-06-03,10.799761772155762,140500,-0.006225803654764817
2019-06-04,10.867420196533203,124200,0.00626480711379025
2019-06-05,10.867420196533203,78000,0.0
2019-06-06,10.842047691345215,128100,-0.002334731217633631
2019-06-07,10.825136184692383,131600,-0.0015598074399111738
2019-06-10,10.816676139831543,76700,-0.0007815185616605019
2019-06-11,10.87587833404541,110900,0.005473233500618536
2019-06-12,10.892792701721191,118200,0.0015552185447710643
2019-06-13,10.901293754577637,73600,0.0007804291414727873
2019-06-14,10.892793655395508,74600,-0.0007797330641199878
2019-06-17,10.901293754577637,83300,0.0007803415222061576
2019-06-18,10.926806449890137,62900,0.002340336467108483
2019-06-19,10.935309410095215,126100,0.00077817432239441
2019-06-20,10.926806449890137,111300,-0.0007775692379795305
2019-06-21,10.875783920288086,209400,-0.004669482326427022
2019-06-24,10.91830062866211,92000,0.0039093005787574735
2019-06-25,10.833269119262695,118000,-0.007787980226171289
2019-06-26,10.892793655395508,75600,0.005494605135117672
2019-06-27,10.867280960083008,94800,-0.0023421627288297015
2019-06-28,10.909798622131348,147000,0.003912447115751673
2019-07-01,10.909798622131348,89600,0.0
2019-07-02,10.901293754577637,76300,-0.0007795622860039023
2019-07-03,10.875783920288086,61700,-0.002340074019089594
2019-07-05,10.909798622131348,66700,0.003127563226022673
2019-07-08,10.909798622131348,56700,0.0
2019-07-09,10.91830062866211,31800,0.0007793000425795907
2019-07-10,10.960820198059082,61100,0.003894339498708496
2019-07-11,10.935309410095215,65500,-0.002327452462762283
2019-07-12,10.935307502746582,72100,-1.7442109420805977e-07
2019-07-15,10.969508171081543,161500,0.0031275451857545734
2019-07-16,10.969508171081543,74200,0.0
2019-07-17,10.935307502746582,136600,-0.0031177941436903007
2019-07-18,10.901108741760254,79300,-0.0031273707646299427
2019-07-19,10.918208122253418,132900,0.0015685909477867427
2019-07-22,10.892560005187988,147600,-0.0023491141383496683
2019-07-23,10.918208122253418,266600,0.002354645469312431
2019-07-24,10.952408790588379,131100,0.0031324433416187922
2019-07-25,10.901108741760254,133300,-0.004683905596384253
2019-07-26,10.884011268615723,160800,-0.0015684159794713175
2019-07-29,10.918208122253418,154000,0.003141934787985994
2019-07-30,10.943859100341797,180900,0.0023493761797869794
2019-07-31,10.960956573486328,118000,0.0015622892242826176
2019-08-01,10.9267578125,118100,-0.0031200525936807538
2019-08-02,10.909659385681152,120600,-0.001564821616096166
2019-08-05,10.87546157836914,96600,-0.003134635656627015
2019-08-06,10.892560005187988,119200,0.0015722024022277589
2019-08-07,10.849810600280762,144300,-0.003924642589700269
2019-08-08,10.866909980773926,272000,0.0015760072800461216
2019-08-09,10.824159622192383,248100,-0.003933993992512888
2019-08-12,10.789961814880371,175700,-0.0031593960645126843
2019-08-13,10.824159622192383,185700,0.0031694094843644147
2019-08-14,10.746784210205078,105800,-0.007148399015537861
2019-08-15,10.729586601257324,100100,-0.0016002562823791665
2019-08-16,10.755382537841797,110400,0.002404187369292477
2019-08-19,10.781170845031738,138500,0.0023977117595964333
2019-08-20,10.806964874267578,105500,0.0023925072338248352
2019-08-21,10.832757949829102,94200,0.002386708558934917
2019-08-22,10.815563201904297,171100,-0.0015872918055070133
2019-08-23,10.772576332092285,174200,-0.003974538265787492
2019-08-26,10.729586601257324,193300,-0.003990663840263671
2019-08-27,10.686598777770996,134900,-0.004006475280351499
2019-08-28,10.678003311157227,152300,-0.0008043220104462805
2019-08-29,10.712392807006836,203100,0.00322059235678233
2019-08-30,10.712392807006836,227900,0.0
2019-09-03,10.738188743591309,164600,0.002408046180644148
2019-09-04,10.79836654663086,91500,0.005604092503539359
2019-09-05,10.806964874267578,214300,0.0007962618790155321
2019-09-06,10.832757949829102,211000,0.002386708558934917
2019-09-09,10.849952697753906,102500,0.0015872918055070133
2019-09-10,10.858548164367676,103000,0.0007922123582666784
2019-09-11,10.892937660217285,117800,0.003167043635028346
2019-09-12,10.918734550476074,218800,0.00236822160040476
2019-09-13,10.892797470092773,78800,-0.0023754657889516954
2019-09-16,10.927376747131348,87500,0.003174508397270303
2019-09-17,10.918732643127441,89200,-0.0007910502405049317
2019-09-18,10.90143871307373,93500,-0.0015838770504740059
2019-09-19,10.90143871307373,116600,0.0
2019-09-20,10.910087585449219,70200,0.0007933698113732436
2019-09-23,10.94466495513916,132100,0.003169302667749179
2019-09-24,10.94466495513916,239000,0.0
2019-09-25,10.94466495513916,99000,0.0
2019-09-26,10.918732643127441,130800,-0.0023694020893295607
2019-09-27,10.910087585449219,99400,-0.0007917638393375351
2019-09-30,10.910087585449219,84000,0.0
2019-10-01,10.927376747131348,133600,0.0015846950399543498
2019-10-02,10.94466495513916,127400,0.0015821004810098634
2019-10-03,10.927376747131348,90900,-0.001579601392886374
2019-10-04,10.892797470092773,85600,-0.003164462783590944
2019-10-07,10.892797470092773,153700,0.0
2019-10-08,10.875506401062012,89400,-0.0015873855249981482
2019-10-09,10.85821533203125,98500,-0.0015899093240451972
2019-10-10,10.849571228027344,114300,-0.0007960888359255991
2019-10-11,10.831298828125,540000,-0.001684158711741645
2019-10-14,10.840001106262207,170700,0.0008034380987264736
2019-10-15,10.840001106262207,223600,0.0
2019-10-16,10.900901794433594,259900,0.005618144091904634
2019-10-17,10.892202377319336,152100,-0.0007980456368022744
2019-10-18,10.9443998336792,156000,0.004792185689512457
2019-10-21,10.961798667907715,181300,0.0015897476785318274
2019-10-22,11.013997077941895,279800,0.004761847176321369
2019-10-23,11.05749797821045,179300,0.003949601580671872
2019-10-24,11.0400972366333,196000,-0.0015736599374865617
2019-10-25,11.074896812438965,120100,0.0031521077269312404
2019-10-28,11.066198348999023,161700,-0.000785421623989451
2019-10-29,11.0400972366333,146000,-0.0023586340622643543
2019-10-30,11.048799514770508,117100,0.0007882428886886152
2019-10-31,11.05749797821045,147100,0.000787276792226425
2019-11-01,11.100996017456055,146600,0.003933804856335612
2019-11-04,11.11839485168457,137400,0.001567321905273758
2019-11-05,11.05749797821045,147500,-0.005477128154420104
2019-11-06,11.066198348999023,185800,0.0007868299687432809
2019-11-07,11.0400972366333,188600,-0.0023586340622643543
2019-11-08,11.127096176147461,131100,0.007880269317328102
2019-11-11,11.161894798278809,202400,0.00312737677292154
2019-11-12,11.196693420410156,162300,0.003117626779345178
2019-11-13,11.179295539855957,256500,-0.0015538409332959927
2019-11-14,11.204680442810059,276600,0.0022707068494253837
2019-11-15,11.230942726135254,104700,0.00234386723113086
2019-11-18,11.222188949584961,99700,-0.0007794338163547276
2019-11-19,11.230942726135254,96900,0.0007800418073175213
2019-11-20,11.230942726135254,73400,0.0
2019-11-21,11.230942726135254,154800,0.0
2019-11-22,11.257203102111816,167600,0.0023382165341697112
2019-11-25,11.230942726135254,118600,-0.0023327620314175673
2019-11-26,11.274710655212402,264000,0.003897084166879166
2019-11-27,11.265957832336426,75100,-0.0007763235034266757
2019-11-29,11.309725761413574,67700,0.0038849718531275106
2019-12-02,11.370999336242676,219600,0.005417777240731532
2019-12-03,11.379755973815918,241200,0.0007700851362581864
2019-12-04,11.476044654846191,245900,0.00846140121561723
2019-12-05,11.484798431396484,146700,0.0007627869020705106
2019-12-06,11.441030502319336,312300,-0.003810944470518366
2019-12-09,11.519810676574707,449700,0.006885758607094065
2019-12-10,11.572335243225098,229300,0.004559499120692863
2019-12-11,11.581084251403809,155500,0.000756027888479376
2019-12-12,11.572335243225098,165100,-0.0007554567421137983
2019-12-13,11.58906364440918,154200,0.0014455510346432021
2019-12-16,11.60667610168457,217700,0.0015197480845561895
2019-12-17,11.641905784606934,173000,0.003035294740175451
2019-12-18,11.624289512634277,162500,-0.0015131776788598215
2019-12-19,11.685935974121094,203200,0.005303245537700496
2019-12-20,11.729966163635254,265500,0.00376779314995962
2019-12-23,11.729966163635254,147400,0.0
2019-12-24,11.747578620910645,108400,0.0015014925899779678
2019-12-26,11.73876953125,96900,-0.0007498642864976775
2019-12-27,11.879673957824707,445300,0.01200333869743355
2019-12-30,11.914220809936523,319500,0.002908063995229571
2019-12-31,11.905363082885742,449100,-0.0007434583588877133
