Date,Adj Close,Volume,LogReturn
2019-01-02,15.734382629394531,1493000,
2019-01-03,15.760636329650879,874900,0.0016685561089191533
2019-01-04,15.839395523071289,1457600,0.004997208981482462
2019-01-07,15.900650024414062,1856000,0.0038672246837672297
2019-01-08,15.94441032409668,2445100,0.002752107594056033
2019-01-09,16.075679779052734,965500,0.00823294510664142
2019-01-10,16.075679779052734,1169000,0.0
2019-01-11,16.11067771911621,2965000,0.002177073725310223
2019-01-14,16.11067771911621,1723300,0.0
2019-01-15,16.128177642822266,1133600,0.0010862313808990207
2019-01-16,16.154434204101562,2212100,0.001627993060392795
2019-01-17,16.18069076538086,1364800,0.0016253470067450837
2019-01-18,16.250690460205078,1096200,0.00432612524639464
2019-01-22,16.154434204101562,2861300,-0.005923210237696011
2019-01-23,16.20452880859375,1008400,0.0031009816784216826
2019-01-24,16.20452880859375,1545600,0.0
2019-01-25,16.274826049804688,1041700,0.004338123128495829
2019-01-28,16.309972763061523,1667100,0.002159575355784385
2019-01-29,16.318758010864258,851700,0.0005386427022509207
2019-01-30,16.371488571166992,862300,0.0032312851423882175
2019-01-31,16.459367752075195,1085300,0.005367818602822316
2019-02-01,16.433006286621094,1315300,-0.0016016086310956818
2019-02-04,16.468154907226562,970300,0.002138903861680193
2019-02-05,16.468154907226562,1496800,0.0
2019-02-06,16.459367752075195,1070100,-0.0005335846790894106
2019-02-07,16.450584411621094,868100,-0.0005336377791907688
2019-02-08,16.441791534423828,809600,-0.0005345024211452404
2019-02-11,16.468154907226562,657100,0.0016034367512529242
2019-02-12,16.49451446533203,721400,0.001600638216847331
2019-02-13,16.52088165283203,1179600,0.0015985428098182722
2019-02-14,16.52088165283203,1113900,0.0
2019-02-15,16.556032180786133,564100,0.002127642379671427
2019-02-19,16.573612213134766,735300,0.0010618505784879464
2019-02-20,16.608760833740234,864400,0.0021207579949054853
2019-02-21,16.581388473510742,636300,-0.001648067577316545
2019-02-22,16.616701126098633,612600,0.002129655947950537
2019-02-25,16.625534057617188,1090800,0.0005315695005599788
2019-02-26,16.643186569213867,780300,0.0010617711007359777
2019-02-27,16.669679641723633,783500,0.0015918269256664959
2019-02-28,16.687339782714844,530800,0.0010594169396638082
2019-03-01,16.71383285522461,960600,0.0015876150935218447
2019-03-04,16.731481552124023,1072300,0.0010559335523028892
2019-03-05,16.731481552124023,628500,0.0
2019-03-06,16.74031639099121,1075900,0.0005280368531420302
2019-03-07,16.669679641723633,887600,-0.004219558795530964
2019-03-08,16.71383285522461,374900,0.002648713979509396
2019-03-11,16.749143600463867,727000,0.002112665930377541
2019-03-12,16.74031639099121,532100,-0.0005270245263412621
2019-03-13,16.802120208740234,600600,0.003691914555586483
2019-03-14,16.802120208740234,766900,0.0
2019-03-15,16.837434768676758,671300,0.002101791886844928
2019-03-18,16.8550968170166,821700,0.0010489750120785055
2019-03-19,16.82860565185547,1103800,-0.0015717005632615417
2019-03-20,16.82860565185547,774100,0.0
2019-03-21,16.829496383666992,1034000,5.292962649138006e-05
2019-03-22,16.83837127685547,575200,0.000527341578509125
2019-03-25,16.80286979675293,648300,-0.002108367817696017
2019-03-26,16.82062339782715,721700,0.001056581482149528
2019-03-27,16.847246170043945,624800,0.0015827458701819545
2019-03-28,16.85612678527832,595900,0.0005271256290043178
2019-03-29,16.918256759643555,642400,0.0036858986145914016
2019-04-01,16.918256759643555,2641200,0.0
2019-04-02,16.971521377563477,787200,0.0031483514334040698
2019-04-03,16.971521377563477,1004200,0.0
2019-04-04,16.99814224243164,647500,0.001568560901284732
2019-04-05,16.989261627197266,2601900,-0.0005224462242824836
2019-04-08,17.007020950317383,719700,0.0010453263661374882
2019-04-09,16.989261627197266,601800,-0.0010442347999686428
2019-04-10,17.042526245117188,789300,0.003135193223150628
2019-04-11,17.042526245117188,845100,0.0
2019-04-12,17.069154739379883,550300,0.0015624734197093918
2019-04-15,17.0869083404541,578500,0.0010400984316616332
2019-04-16,17.069154739379883,1054200,-0.001039017750928424
2019-04-17,17.095781326293945,852900,0.0015599241626553931
2019-04-18,17.104660034179688,3914600,0.000519350810371352
2019-04-22,17.113536834716797,941400,0.0005189697146491747
2019-04-23,17.119770050048828,1054800,0.0003642271841426986
2019-04-24,17.137598037719727,782700,0.0010413684073313583
2019-04-25,17.110864639282227,797100,-0.001559926798298104
2019-04-26,17.119770050048828,656300,0.0005204535804787437
2019-04-29,17.137598037719727,716500,0.0010413684073313583
2019-04-30,17.164335250854492,828600,0.0015601493905923816
2019-05-01,17.182161331176758,969000,0.0010385534925611633
2019-05-02,17.173248291015625,1135400,-0.0005187380091094968
2019-05-03,17.191072463989258,876600,0.0010379034106761111
2019-05-06,17.191072463989258,765600,0.0
2019-05-07,17.119770050048828,1595900,-0.004147641986257073
2019-05-08,17.137598037719727,484200,0.0010413684073313583
2019-05-09,17.110864639282227,490800,-0.001559926798298104
2019-05-10,17.093040466308594,1031900,-0.0010416874511830927
2019-05-13,17.110864639282227,1138400,0.0010427736954560732
2019-05-14,17.119770050048828,683500,0.0005204535804787437
2019-05-15,17.137598037719727,730900,0.0010413684073313583
2019-05-16,17.146507263183594,644800,0.0005198643032855624
2019-05-17,17.146507263183594,868300,0.0
2019-05-20,17.15542221069336,564100,0.0005199278997716055
2019-05-21,17.158111572265625,938700,0.000156764522565308
2019-05-22,17.167072296142578,811500,0.0005222441781668585
2019-05-23,17.12226676940918,868400,-0.002609969012798192
2019-05-24,17.113306045532227,1206500,-0.0005233374761431966
2019-05-28,17.12226676940918,790700,0.0005236115016649575
2019-05-29,17.14019012451172,1191200,0.0010467863480880415
2019-05-30,17.1312313079834,1260100,-0.0005226789471552333
2019-05-31,17.14019012451172,1646100,0.0005229522833040831
2019-06-03,17.1312313079834,751200,-0.0005226789471552333
2019-06-04,17.176029205322266,825000,0.002614984091539919
2019-06-05,17.211870193481445,886500,0.0020866864937603732
2019-06-06,17.229787826538086,675800,0.0010410044263189056
2019-06-07,17.2656307220459,933600,0.0020802865286945484
2019-06-10,17.274593353271484,1726000,0.0005191024509832623
2019-06-11,17.283546447753906,612100,0.0005182810558447286
2019-06-12,17.256669998168945,1434200,-0.0015550309461200703
2019-06-13,17.2656307220459,1989500,0.0005192614726887587
2019-06-14,17.283641815185547,1211400,0.0010431760895158427
2019-06-17,17.31066131591797,617600,0.0015632990443415881
2019-06-18,17.33768653869629,903300,0.0015611895054216875
2019-06-19,17.38271141052246,1095600,0.002596936547772972
2019-06-20,17.45476722717285,952900,0.004145257603872565
2019-06-21,17.436756134033203,807400,-0.0010318724337732513
2019-06-24,17.427751541137695,859500,-0.0005164144538290913
2019-06-25,17.418737411499023,830500,-0.0005172284914318572
2019-06-26,17.427751541137695,998000,0.0005174961551875267
2019-06-27,17.418737411499023,1233500,-0.0005172284914318572
2019-06-28,17.46377182006836,999300,0.002585400279334044
2019-07-01,17.445764541625977,3681100,-0.0010311219493654793
2019-07-02,17.5178165435791,1729200,0.004130056999290994
2019-07-03,17.5538387298584,717400,0.0020563171323140883
2019-07-05,17.562847137451172,733700,0.0005131873279347432
2019-07-08,17.562847137451172,792600,0.0
2019-07-09,17.580862045288086,1373400,0.001025739602236753
2019-07-10,17.580862045288086,837300,0.0
2019-07-11,17.58987045288086,920700,0.0005123985143372316
2019-07-12,17.61688232421875,1086200,0.0015356492482562108
2019-07-15,17.61688232421875,748500,0.0
2019-07-16,17.607877731323242,1408300,-0.0005111343045715176
2019-07-17,17.625896453857422,1184800,0.001023333010890096
2019-07-18,17.652912139892578,1114500,0.0015327269229046148
2019-07-19,17.652912139892578,1115900,0.0
2019-07-22,17.68894386291504,755600,0.002041120622870794
2019-07-23,17.71063232421875,993400,0.0012261026702210813
2019-07-24,17.74679946899414,1082600,0.0020421148219498158
2019-07-25,17.701595306396484,1515900,-0.00254717267057835
2019-07-26,17.73775863647461,913300,0.0020429418621415074
2019-07-29,17.764877319335938,935200,0.0015288675089739513
2019-07-30,17.74679946899414,1208200,-0.0010176175166782765
2019-07-31,17.74679946899414,1858500,0.0
2019-08-01,17.73775863647461,1349900,-0.00050943453411567
2019-08-02,17.728713989257812,1130100,-0.0005099092507774987
2019-08-05,17.593107223510742,1408000,-0.00764899054884845
2019-08-06,17.674474716186523,953800,0.004624964290960775
2019-08-07,17.611188888549805,1400500,-0.003580634143472492
2019-08-08,17.674474716186523,991800,0.0035935011564077334
2019-08-09,17.683515548706055,1249600,0.0005115191633532131
2019-08-12,17.674474716186523,784700,-0.0005112576452702466
2019-08-13,17.701595306396484,1480500,0.001534449574624333
2019-08-14,17.674474716186523,1438000,-0.0015320986465079164
2019-08-15,17.674474716186523,1244400,0.0
2019-08-16,17.665437698364258,1504600,-0.0005113033324826
2019-08-19,17.683515548706055,1280900,0.0010233457359208713
2019-08-20,17.71063232421875,1362300,0.001533449355022594
2019-08-21,17.72698211669922,867200,0.0009231625489797395
2019-08-22,17.754226684570312,1134600,0.0015368982544089528
2019-08-23,17.745149612426758,1284300,-0.0005112626026929863
2019-08-26,17.754226684570312,813600,0.0005115241258489081
2019-08-27,17.790555953979492,952600,0.002046232148244024
2019-08-28,17.817800521850586,1169200,0.0015314062102145566
2019-08-29,17.826879501342773,1035400,0.0005095454672451649
2019-08-30,17.835962295532227,1231900,0.0005094999485899359
2019-09-03,17.835962295532227,988600,0.0
2019-09-04,17.872289657592773,1015100,0.0020367480856161376
2019-09-05,17.881370544433594,975300,0.0005080986832015916
2019-09-06,17.917694091796875,975900,0.002031362600144128
2019-09-09,17.899526596069336,969500,-0.001013941617401346
2019-09-10,17.90860939025879,1014200,0.0005074320899329075
2019-09-11,17.90860939025879,882400,0.0
2019-09-12,17.90860939025879,945100,0.0
2019-09-13,17.90860939025879,1192100,0.0
2019-09-16,17.917694091796875,885700,0.0005072812377619599
2019-09-17,17.93585968017578,1052700,0.0010138351668378392
2019-09-18,17.9449405670166,1317900,0.0005062978303101508
2019-09-19,17.9449405670166,1857200,0.0
2019-09-20,18.017589569091797,2609000,0.004048439269212549
2019-09-23,18.017589569091797,996100,0.0
2019-09-24,18.008506774902344,1235700,-0.0005041070646338936
2019-09-25,17.99481773376465,952600,-0.000760143042885328
2019-09-26,17.98569107055664,1227700,-0.0005071828647023726
2019-09-27,18.013072967529297,1288800,0.0015224267371900771
2019-09-30,18.003944396972656,875300,-0.0005067747503769045
2019-10-01,18.022199630737305,1888900,0.0010139574618836323
2019-10-02,18.013072967529297,1373300,-0.0005064122801326684
2019-10-03,17.99481773376465,1040700,-0.0010134436138439934
2019-10-04,18.022199630737305,825600,0.0015216545884362096
2019-10-07,18.013072967529297,695300,-0.0005064122801326684
2019-10-08,17.99481773376465,822800,-0.0010134436138439934
2019-10-09,18.013072967529297,1625600,0.0010144717237338368
2019-10-10,18.031322479248047,904100,0.001013125953114547
2019-10-11,18.076946258544922,1198800,0.002530251419405463
2019-10-14,18.113447189331055,1231900,0.0020191978370726706
2019-10-15,18.131694793701172,1310400,0.0010074064963661446
2019-10-16,18.149948120117188,2101700,0.0010067082323907586
2019-10-17,18.168195724487305,1239900,0.0010053805250215431
2019-10-18,18.168195724487305,819500,0.0
2019-10-21,18.17732810974121,898900,0.0005026577978570274
2019-10-22,18.19198226928711,1051900,0.0008061778638437675
2019-10-23,18.21946144104004,1548900,0.0015105100338252758
2019-10-24,18.21946144104004,2263200,0.0
2019-10-25,18.23777961730957,894000,0.0010054180980492021
2019-10-28,18.256101608276367,878200,0.001004617412385408
2019-10-29,18.23777961730957,2051600,-0.0010036091691388613
2019-10-30,18.23777961730957,1042000,0.0
2019-10-31,18.21030044555664,2148200,-0.0015067169540117188
2019-11-01,18.23777961730957,1428800,0.0015089905756955633
2019-11-04,18.256101608276367,1485600,0.001004617412385408
2019-11-05,18.256101608276367,1188500,0.0
2019-11-06,18.28358268737793,1535300,0.0015053092763848339
2019-11-07,18.21030044555664,2006200,-0.004008089829783713
2019-11-08,18.256101608276367,1780200,0.0025151239462884406
2019-11-11,18.256101608276367,860500,0.0
2019-11-12,18.256101608276367,1186200,0.0
2019-11-13,18.2652587890625,1597700,0.0005015956299225144
2019-11-14,18.2469425201416,1567100,-0.0010027927407120277
2019-11-15,18.256101608276367,1038800,0.0005019519365863902
2019-11-18,18.2469425201416,1008000,-0.0005017001072459725
2019-11-19,18.23777961730957,2293300,-0.0005021609961184961
2019-11-20,18.2652587890625,1253000,0.0015067169540117188
2019-11-21,18.276302337646484,987700,0.0006046204278582361
2019-11-22,18.285503387451172,1394000,0.0005034415405645099
2019-11-25,18.294708251953125,1268300,0.0005033968333773171
2019-11-26,18.313114166259766,1140100,0.0010060785913148206
2019-11-27,18.32231903076172,1450400,0.0005026378593168083
2019-11-29,18.294708251953125,409400,-0.0015069478247943093
2019-12-02,18.26709747314453,1345300,-0.001509222143821072
2019-12-03,18.285503387451172,1136900,0.0010075992824640136
2019-12-04,18.294708251953125,1126100,0.0005033968333773171
2019-12-05,18.276302337646484,3035400,-0.0010060785913148206
2019-12-06,18.313114166259766,968800,0.0020141836096382757
2019-12-09,18.331520080566406,914700,0.0010050674145062578
2019-12-10,18.340715408325195,1278500,0.0005016129441735279
2019-12-11,18.368330001831055,1862800,0.0015056442941873789
2019-12-12,18.368330001831055,1316500,0.0
2019-12-13,18.410865783691406,1254300,0.002315713070056525
2019-12-16,18.45709800720215,945900,0.0025111379363644765
2019-12-17,18.45709800720215,1219200,0.0
2019-12-18,18.45709800720215,1051300,0.0
2019-12-19,18.484840393066406,1656300,0.0015030740939573734
2019-12-20,18.494089126586914,1162400,0.0005003415406268251
2019-12-23,18.47559356689453,1067800,-0.0010000795154487378
2019-12-24,18.521827697753906,613900,0.002502443599009429
2019-12-26,18.549570083618164,696000,0.001497821182497128
2019-12-27,18.540321350097656,975700,-0.0004985955727715611
2019-12-30,18.484840393066406,1504600,-0.0029924485117383236
2019-12-31,18.558815002441406,1263700,0.004001906849179374
