Date,Adj Close,Volume,LogReturn
2019-01-02,25.43950080871582,103900,
2019-01-03,25.263324737548828,85400,-0.006925295920375629
2019-01-04,25.54520606994629,86900,0.011157729052918411
2019-01-07,25.659719467163086,126500,0.004482774454950312
2019-01-08,26.064918518066406,114000,0.01579125022866506
2019-01-09,26.223474502563477,60400,0.0060831183641403
2019-01-10,26.329177856445312,76900,0.004030867605721084
2019-01-11,26.355606079101562,71200,0.001003761788550509
2019-01-14,26.45250129699707,194000,0.003676455688580806
2019-01-15,26.963403701782227,166900,0.019313954436632225
2019-01-16,27.298133850097656,162400,0.012414239389714166
2019-01-17,27.315752029418945,124000,0.0006453986715002511
2019-01-18,26.963403701782227,80800,-0.012899089406626665
2019-01-22,26.884124755859375,89400,-0.0029402425153620864
2019-01-23,26.92816734313965,64500,0.001638237721340524
2019-01-24,27.051488876342773,55500,0.004579648203743914
2019-01-25,27.315752029418945,74200,0.009768894950077104
2019-01-28,27.483118057250977,81200,0.0061270884159359325
2019-01-29,27.703332901000977,76900,0.008012731426298257
2019-01-30,27.96759605407715,156100,0.009539038281802675
2019-01-31,28.24066734313965,194700,0.009763845578093271
2019-02-01,28.39922332763672,125100,0.0056144560102113685
2019-02-04,29.033443450927734,189500,0.02233230521743966
2019-02-05,29.033443450927734,94700,0.0
2019-02-06,28.95416831970215,82100,-0.0027304763680400706
2019-02-07,29.465068817138672,116800,0.017645144968259238
2019-02-08,29.588396072387695,93500,0.004185541055899005
2019-02-11,29.650049209594727,73900,0.002083693115916034
2019-02-12,29.236042022705078,65700,-0.013963119722434596
2019-02-13,29.262474060058594,70500,0.0009040908250504009
2019-02-14,29.324129104614258,88200,0.0021069662267490653
2019-02-15,29.51792335510254,189200,0.006608695855788843
2019-02-19,29.86146354675293,135200,0.011638359091782296
2019-02-20,29.63243865966797,133800,-0.007669580117075829
2019-02-21,29.782184600830078,71900,0.005053446423426673
2019-02-22,30.04644775390625,138400,0.008873195724829617
2019-02-25,29.729333877563477,79700,-0.01055412203599164
2019-02-26,29.641246795654297,162400,-0.0029629685707710527
2019-02-27,28.769184112548828,206500,-0.02942058035269022
2019-02-28,29.02463722229004,134300,0.008879400567699272
2019-03-01,29.236042022705078,190600,0.0072836328253118214
2019-03-04,29.01582908630371,221000,-0.007532241752503538
2019-03-05,28.918933868408203,102800,-0.003339391668158298
2019-03-06,28.575397491455078,104100,-0.011879289136879734
2019-03-07,28.645864486694336,157700,0.002466002275570431
2019-03-08,28.707523345947266,65800,0.0021524523821429614
2019-03-11,29.077489852905273,79300,0.012887440776399724
2019-03-12,29.095108032226562,70700,0.0006059044095764252
2019-03-13,28.68990707397461,119000,-0.013926772768918442
2019-03-14,28.742759704589844,111800,0.0018422029210118434
2019-03-15,28.55777359008789,319000,-0.006435920433639267
2019-03-18,28.35517692565918,121200,-0.007094273781168647
2019-03-19,28.196619033813477,171500,-0.005591849850255064
2019-03-20,28.089746475219727,218900,-0.0037902614659434198
2019-03-21,28.62411117553711,127700,0.019023478933453165
2019-03-22,28.1253719329834,128400,-0.017423745998441556
2019-03-25,28.339115142822266,57700,0.007599658072013072
2019-03-26,28.65973663330078,81400,0.011313743878828294
2019-03-27,28.641921997070312,78300,-0.000621591065486948
2019-03-28,28.784420013427734,45400,0.004975155521057474
2019-03-29,28.52614402770996,233900,-0.008972770185999561
2019-04-01,28.55286407470703,90400,0.0009366862542345287
2019-04-02,28.71317481994629,108000,0.005614524161912913
2019-04-03,28.650829315185547,94500,-0.0021713204879535786
2019-04-04,28.69536018371582,92100,0.001554261066595763
2019-04-05,28.85567283630371,207600,0.00558670989182654
2019-04-08,28.820043563842773,90100,-0.001234740657861626
2019-04-09,28.704265594482422,109500,-0.004017272531315844
2019-04-10,29.060510635375977,209400,0.01241087460401818
2019-04-11,29.051603317260742,53000,-0.00030650934620506316
2019-04-12,28.82895278930664,67400,-0.007663966959848161
2019-04-15,28.93582534790039,65100,0.003707125936027466
2019-04-16,28.258962631225586,121300,-0.023391857966267356
2019-04-17,27.95615577697754,126400,-0.010715427108900713
2019-04-18,28.312400817871094,52800,0.012742990979715806
2019-04-22,27.920530319213867,98800,-0.01384094910135186
2019-04-23,28.499425888061523,117000,0.020733688158110733
2019-04-24,28.802230834960938,69100,0.01062494901085919
2019-04-25,28.641921997070312,76000,-0.005565847965360993
2019-04-26,28.864574432373047,53400,0.007773655529314994
2019-04-29,28.757701873779297,55500,-0.0037025509883799688
2019-04-30,28.882389068603516,107600,0.004335784388178322
2019-05-01,29.00707244873047,334100,0.004316934441634875
2019-05-02,29.033790588378906,89300,0.0009210905269968687
2019-05-03,29.452377319335938,93400,0.014417226358468508
2019-05-06,29.4167537689209,116100,-0.00120953055941096
2019-05-07,28.588483810424805,98100,-0.028156402470593797
2019-05-08,28.579578399658203,116900,-0.0003115034300403927
2019-05-09,28.757701873779297,81500,0.006232543798589556
2019-05-10,28.686450958251953,138100,-0.002477628978840932
2019-05-13,28.62411117553711,148500,-0.002173143788528189
2019-05-14,28.998167037963867,118900,0.013067859474582933
2019-05-15,28.820043563842773,74500,-0.006142577007984601
2019-05-16,28.820043563842773,83000,0.0
2019-05-17,28.43708610534668,222200,-0.013287886177123856
2019-05-20,28.365833282470703,106100,-0.0025056302397515953
2019-05-21,28.52614402770996,68600,0.0056515436596860135
2019-05-22,28.52614402770996,108900,0.0
2019-05-23,28.499425888061523,89400,-0.0009366193910569831
2019-05-24,28.65973663330078,174200,0.0056250517420567536
2019-05-28,28.392553329467773,87500,-0.009322601503691345
2019-05-29,27.884906768798828,78000,-0.017879567039223426
2019-05-30,27.85818862915039,64600,-0.0009581577542992952
2019-05-31,27.573192596435547,122700,-0.010230242766632291
2019-06-03,28.160995483398438,156700,0.02131791176908826
2019-06-04,27.769126892089844,170300,-0.013915296124372074
2019-06-05,28.410367965698242,85100,0.0230918701945598
2019-06-06,28.223339080810547,44400,-0.0065831208210153395
2019-06-07,28.348024368286133,84200,0.004417807797956878
2019-06-10,28.009593963623047,79500,-0.011938412365755519
2019-06-11,27.608821868896484,108200,-0.014308386449552178
2019-06-12,27.82256507873535,172600,0.00774184464856379
2019-06-13,28.000688552856445,100000,0.006402122651776369
2019-06-14,27.82256507873535,92300,-0.006361396212984297
2019-06-17,28.169902801513672,111600,0.012484029484534797
2019-06-18,28.62411117553711,177400,0.016123888577955308
2019-06-19,28.786184310913086,149000,0.005662119406330715
2019-06-20,28.777179718017578,72600,-0.00031280953384621023
2019-06-21,28.101869583129883,213500,-0.023466863031921064
2019-06-24,27.72370147705078,64400,-0.013457044377791985
2019-06-25,27.597640991210938,86200,-0.004547029405297648
2019-06-26,27.003366470336914,122200,-0.021533526038087204
2019-06-27,27.255481719970703,204300,0.009336437733078082
2019-06-28,27.696683883666992,346200,0.016187648717028925
2019-07-01,27.381542205810547,121900,-0.011378318039087974
2019-07-02,27.624652862548828,92500,0.008878632726782333
2019-07-03,27.71469497680664,39100,0.0032594840089333393
2019-07-05,27.7417049407959,83000,0.0009745719378063301
2019-07-08,28.083866119384766,167000,0.012333819400036151
2019-07-09,28.128883361816406,85700,0.0016029574503835023
2019-07-10,28.31797218322754,86700,0.00672222992213803
2019-07-11,27.840749740600586,65700,-0.016852281637228506
2019-07-12,27.83174705505371,78400,-0.0003233636173865766
2019-07-15,27.5166015625,92400,-0.011323237881198212
2019-07-16,27.48958969116211,94300,-0.0009816572470454626
2019-07-17,27.318513870239258,60300,-0.006223294812503235
2019-07-18,27.45357322692871,81000,0.004943876425012509
2019-07-19,27.057392120361328,102800,-0.01443094868899528
2019-07-22,27.039384841918945,63400,-0.0006655215832434904
2019-07-23,27.129423141479492,102500,0.0033298945255944286
2019-07-24,27.381542205810547,185900,0.00929319665280968
2019-07-25,26.73324203491211,114900,-0.023676539693255987
2019-07-26,27.120418548583984,116300,0.01448296144426644
2019-07-29,27.165443420410156,117800,0.001660183516176697
2019-07-30,27.291500091552734,104900,0.00464033180654317
2019-07-31,26.99436378479004,171900,-0.010887503646406924
2019-08-01,26.99436378479004,141500,0.0
2019-08-02,27.021377563476562,77100,0.0010007192205709378
2019-08-05,26.33706283569336,87700,-0.02532493860372822
2019-08-06,26.427104949951172,85900,0.0034188365961515927
2019-08-07,26.69722557067871,209100,0.010221347409756215
2019-08-08,26.79627227783203,362100,0.0037100000107165554
2019-08-09,27.09341049194336,162100,0.011088789180469108
2019-08-12,27.066396713256836,62900,-0.0009970608423238705
2019-08-13,27.039384841918945,82300,-0.0009979854955964823
2019-08-14,26.78727149963379,96700,-0.009323930398531365
2019-08-15,26.850297927856445,80600,0.002352849868398052
2019-08-16,26.985363006591797,111700,0.005030300933652779
2019-08-19,27.45357322692871,140100,0.017350525179985272
2019-08-20,27.49859619140625,244300,0.001639967377120034
2019-08-21,27.68768310546875,113200,0.0068762387994770685
2019-08-22,28.119876861572266,151900,0.015609603535882373
2019-08-23,27.7056884765625,298100,-0.014729381179324522
2019-08-26,27.777725219726562,103500,0.0026000704954508404
2019-08-27,27.75071144104004,165900,-0.0009724978727681919
2019-08-28,27.768718719482422,97200,0.0006488942988233507
2019-08-29,28.344982147216797,218300,0.020752251249175242
2019-08-30,28.597097396850586,152500,0.008894528432735116
2019-09-03,28.245935440063477,118000,-0.012279636353086067
2019-09-04,28.57908821105957,120500,0.011794715445095737
2019-09-05,28.642118453979492,109400,0.0022054672442464542
2019-09-06,28.678136825561523,180600,0.0012575316885133163
2019-09-09,28.759172439575195,99800,0.002825693123182356
2019-09-10,28.63311195373535,149400,-0.004383314092389294
2019-09-11,29.245393753051758,116300,0.021383697318884357
2019-09-12,29.37145233154297,127100,0.0043103737824715296
2019-09-13,29.137346267700195,125300,-0.007970530745303296
2019-09-16,29.27240753173828,93700,0.004635331673557596
2019-09-17,29.479503631591797,123200,0.00707478876238567
2019-09-18,29.124544143676758,124300,-0.012040890930559824
2019-09-19,29.115446090698242,99200,-0.000312384390761045
2019-09-20,29.042633056640625,260500,-0.002500838689910349
2019-09-23,28.687679290771484,122700,-0.012221817669799058
2019-09-24,28.58756446838379,137300,-0.0034898194926454426
2019-09-25,28.906112670898438,113400,0.01114289406734682
2019-09-26,29.033533096313477,82300,0.00440807890240188
2019-09-27,29.17915916442871,101200,0.005015788730642816
2019-09-30,29.17915916442871,105100,0.0
2019-10-01,29.088138580322266,75800,-0.003119369670439487
2019-10-02,29.288372039794922,87700,0.006883680745666946
2019-10-03,29.297473907470703,78600,0.00031076727868023155
2019-10-04,29.424894332885742,79800,0.004349194944842924
2019-10-07,29.470399856567383,135700,0.0015464974374022784
2019-10-08,29.661531448364258,109400,0.006485544571064988
2019-10-09,29.634225845336914,66800,-0.0009205729338310875
2019-10-10,29.51590919494629,83400,-0.003992567614491697
2019-10-11,29.55231285095215,179000,0.0012333570944882974
2019-10-14,29.61602210998535,57200,0.0021558129597003934
2019-10-15,29.525009155273438,71200,-0.0030730985536787567
2019-10-16,29.56141471862793,81000,0.001233041560225556
2019-10-17,29.74344253540039,97500,0.006157615205667316
2019-10-18,29.86176300048828,79400,0.003978035324830561
2019-10-21,30.025585174560547,59500,0.0054860181587264925
2019-10-22,30.007383346557617,43100,-0.0006062105999636388
2019-10-23,30.08930015563965,52400,0.0027298884456524453
2019-10-24,29.70703887939453,71400,-0.012704226228853309
2019-10-25,29.770748138427734,65400,0.0021445846316710247
2019-10-28,30.162107467651367,76900,0.013145767362106387
2019-10-29,30.480661392211914,109000,0.010561394786561037
2019-10-30,30.635379791259766,88800,0.005075952816672919
2019-10-31,30.526166915893555,85000,-0.003564926438332233
2019-11-01,30.50796127319336,85600,-0.0005963946521800771
2019-11-04,30.498863220214844,75600,-0.0002982189762548923
2019-11-05,30.061992645263672,125300,-0.014324159290685012
2019-11-06,30.08930015563965,178000,0.0009083732638155281
2019-11-07,30.03468894958496,71700,-0.0018149709621761243
2019-11-08,30.025585174560547,52800,-0.0003031086834192057
2019-11-11,30.25312614440918,82300,0.007578235978608637
2019-11-12,29.907268524169922,81400,-0.011432128322486527
2019-11-13,30.107501983642578,100900,0.006695143667528018
2019-11-14,30.098398208618164,77400,-0.00030237563479561166
2019-11-15,30.107501983642578,126800,0.00030246709347500595
2019-11-18,30.216718673706055,80100,0.0036275573484247895
2019-11-19,30.33503532409668,78800,0.003915602209103586
2019-11-20,30.33503532409668,108700,0.0
2019-11-21,29.96187400817871,68600,-0.01230133118129411
2019-11-22,29.82535743713379,55200,-0.004556342871198806
2019-11-25,30.08930015563965,86600,0.008849607890272587
2019-11-26,30.198514938354492,83600,0.0036296883659613327
2019-11-27,30.46245765686035,47400,0.008740254911364246
2019-11-29,30.544368743896484,37600,0.002688919192233522
2019-12-02,30.016483306884766,92300,-0.017282578056788397
2019-12-03,30.071096420288086,61800,0.0018194374352572444
2019-12-04,30.262222290039062,128100,0.006355799837814678
2019-12-05,30.162107467651367,68300,-0.003308244233624856
2019-12-06,30.325931549072266,130900,0.005431453408771205
2019-12-09,30.46245765686035,103900,0.004501959241290399
2019-12-10,30.480661392211914,71500,0.0005975793403347709
2019-12-11,30.0801944732666,95800,-0.013138393350205828
2019-12-12,29.67973518371582,126600,-0.013313055203372587
2019-12-13,29.661531448364258,106100,-0.000613338873776415
2019-12-16,29.84355926513672,135200,0.006136831373300491
2019-12-17,29.643325805664062,108500,-0.00670943628719813
2019-12-18,30.116601943969727,140000,0.015965689592604127
2019-12-19,29.952775955200195,127100,-0.005439723547640616
2019-12-20,29.798051834106445,338600,-0.0051656020572239435
2019-12-23,29.525009155273438,168000,-0.00916310503629928
2019-12-24,29.663105010986328,69400,0.004677250224941097
2019-12-26,29.681516647338867,75800,0.0006206914733208119
2019-12-27,29.828821182250977,157600,0.004962837198055246
2019-12-30,29.874855041503906,72800,0.0015432678003487843
2019-12-31,30.26152229309082,288900,0.012942899674315847
