Date,Adj Close,Volume,LogReturn
2019-01-02,12.641104698181152,2124200,
2019-01-03,12.544386863708496,1750400,-0.007651058731170256
2019-01-04,14.739895820617676,11915700,0.17501923216836454
2019-01-07,14.972020149230957,4718000,0.015748030477162087
2019-01-08,15.291192054748535,3443800,0.02131789179658381
2019-01-09,15.455612182617188,3554500,0.010752603674060402
2019-01-10,15.43626880645752,2904800,-0.001251543836058679
2019-01-11,15.329878807067871,2419800,-0.006892209556829035
2019-01-14,15.12677001953125,3610900,-0.013249210257486014
2019-01-15,15.020379066467285,2228200,-0.007033289520935131
2019-01-16,15.165457725524902,1992600,0.009658788131486146
2019-01-17,15.252504348754883,1743000,0.005739795316792368
2019-01-18,15.407254219055176,8547200,0.01014586632869413
2019-01-22,14.768912315368652,3188700,-0.041431256641241344
2019-01-23,14.972020149230957,1837000,0.013752389446509816
2019-01-24,15.281519889831543,1282000,0.020671875773322648
2019-01-25,15.3782377243042,1915100,0.006329071661059915
2019-01-28,14.991364479064941,2984900,-0.02515718980126263
2019-01-29,10.909844398498535,32870300,-0.2722580780599488
2019-01-30,10.83246898651123,6151000,-0.007092256237674064
2019-01-31,10.967875480651855,6049600,0.012500058325505978
2019-02-01,10.871156692504883,3477400,-0.008818370368773037
2019-02-04,10.996891021728516,4271500,0.011565864864253159
2019-02-05,11.403108596801758,4271100,0.036939310780711186
2019-02-06,11.13229751586914,3479600,-0.023748882038058628
2019-02-07,11.093609809875488,2021100,-0.003475266982265147
2019-02-08,10.977547645568848,1801200,-0.0104620737790257
2019-02-11,10.929187774658203,1918600,-0.004405343749991856
2019-02-12,11.170984268188477,2678000,0.022123921604763105
2019-02-13,11.093609809875488,2132800,-0.006926377878207824
2019-02-14,10.958203315734863,2468500,-0.012205810052926746
2019-02-15,11.054922103881836,2211800,0.008826153828346507
2019-02-19,10.83246898651123,3305600,-0.02012254046480283
2019-02-20,10.83246898651123,2960500,0.0
2019-02-21,10.668047904968262,2489200,-0.015178541636972014
2019-02-22,10.996891021728516,3249500,0.030825050626844954
2019-02-25,11.170984268188477,3594500,0.015831133191733366
2019-02-26,11.258030891418457,2158000,0.007792207126981859
2019-02-27,11.287046432495117,3397300,0.0025773193693026312
2019-02-28,11.316061973571777,2820200,0.0025706938701984213
2019-03-01,11.364420890808105,1901200,0.004273475821294413
2019-03-04,11.190327644348145,2228600,-0.015319148079139953
2019-03-05,11.219344139099121,5537900,0.0025929977810463674
2019-03-06,11.180656433105469,3312900,-0.0034483037077743875
2019-03-07,11.209671974182129,1811400,0.0025951554141978926
2019-03-08,10.610017776489258,6171600,-0.053494357290202736
2019-03-11,10.890501022338867,2703600,0.02643569989780152
2019-03-12,11.093609809875488,2164900,0.018650086632378004
2019-03-13,11.199999809265137,2191600,0.009590205642075177
2019-03-14,10.949999809265137,2839600,-0.02232142895156024
2019-03-15,11.0600004196167,3537400,0.01004571801530878
2019-03-18,11.069999694824219,2451200,0.0009040935649318963
2019-03-19,10.960000038146973,3089900,-0.009936735294462245
2019-03-20,10.5,4103900,-0.04197080625418918
2019-03-21,10.550000190734863,3205300,0.0047619229271298365
2019-03-22,10.449999809265137,3289000,-0.009478708972683061
2019-03-25,10.140000343322754,4486200,-0.029665021205792973
2019-03-26,10.350000381469727,3535100,0.020710062232419828
2019-03-27,10.289999961853027,2606200,-0.005797141778286486
2019-03-28,10.1899995803833,3122300,-0.009718210091394253
2019-03-29,10.15999984741211,2919000,-0.0029440367229203513
2019-04-01,10.369999885559082,4415700,0.020669295403627642
2019-04-02,10.100000381469727,8670200,-0.02603659663153399
2019-04-03,9.630000114440918,26597900,-0.04653467814626115
2019-04-04,10.029999732971191,7917800,0.04153682386051518
2019-04-05,9.859999656677246,5743600,-0.016949160600185392
2019-04-08,9.9399995803833,4551000,0.008113582808481975
2019-04-09,9.819999694824219,2978500,-0.01207242360411193
2019-04-10,9.970000267028809,2807200,0.015275007827510416
2019-04-11,9.760000228881836,2545200,-0.02106319283074156
2019-04-12,9.319999694824219,4778500,-0.045082020874914086
2019-04-15,8.9399995803833,5527400,-0.040772545802973334
2019-04-16,9.079999923706055,4720000,0.015659994395296317
2019-04-17,8.9399995803833,3921100,-0.015418540143072154
2019-04-18,8.770000457763672,3814200,-0.019015562706809458
2019-04-22,8.649999618530273,6278700,-0.013683105241706949
2019-04-23,8.890000343322754,4452300,0.027745749754525324
2019-04-24,9.010000228881836,4106100,0.013498299316626404
2019-04-25,8.949999809265137,2627000,-0.0066593138837406475
2019-04-26,8.890000343322754,2306800,-0.0067038510861498245
2019-04-29,8.760000228881836,2548100,-0.014623184411748709
2019-04-30,8.649999618530273,3207700,-0.012557146972312746
2019-05-01,8.510000228881836,3538900,-0.01618490125115461
2019-05-02,8.770000457763672,3116900,0.03055231749576562
2019-05-03,8.970000267028809,2179600,0.0228049941648619
2019-05-06,8.850000381469727,2406200,-0.013377913264971437
2019-05-07,8.770000457763672,2591600,-0.009039539012174488
2019-05-08,8.6899995803833,2062400,-0.009122106408734568
2019-05-09,8.520000457763672,2339500,-0.01956261574550393
2019-05-10,8.479999542236328,2301500,-0.004694942884761673
2019-05-13,8.260000228881836,3043200,-0.02594331665452831
2019-05-14,8.529999732971191,2612900,0.03268759038834864
2019-05-15,8.6899995803833,2253500,0.018757309779701227
2019-05-16,8.670000076293945,1751000,-0.0023014390166947885
2019-05-17,8.609999656677246,1967300,-0.00692046356271162
2019-05-20,8.0600004196167,5043600,-0.0638791241569923
2019-05-21,8.130000114440918,5697100,0.00868482520842693
2019-05-22,7.900000095367432,4516100,-0.028290284850666685
2019-05-23,7.699999809265137,3919500,-0.0253164916060666
2019-05-24,7.820000171661377,2542100,0.015584463034901384
2019-05-28,7.739999771118164,2732800,-0.010230230023922956
2019-05-29,7.570000171661377,4127700,-0.02196377318913383
2019-05-30,7.599999904632568,2695200,0.003962976524557648
2019-05-31,7.579999923706055,3983100,-0.0026315764707211
2019-06-03,7.46999979019165,5229100,-0.014511891111025558
2019-06-04,7.820000171661377,10430100,0.04685413538154155
2019-06-05,5.039999961853027,39354200,-0.3554987402535737
2019-06-06,5.130000114440918,13558000,0.017857173267676135
2019-06-07,5.019999980926514,10591300,-0.0214425206745619
2019-06-10,5.440000057220459,18926500,0.08366535416130186
2019-06-11,5.71999979019165,13423800,0.05147053860772492
2019-06-12,5.5,4914300,-0.038461503192516594
2019-06-13,5.699999809265137,5840800,0.03636360168457031
2019-06-14,5.630000114440918,5304600,-0.012280648625713436
2019-06-17,5.699999809265137,3686500,0.012433338081942474
2019-06-18,5.730000019073486,4070400,0.005263194879337608
2019-06-19,5.630000114440918,2973300,-0.017451990279179416
2019-06-20,5.53000020980835,3933800,-0.017761972042606034
2019-06-21,5.420000076293945,8954300,-0.01989152429312774
2019-06-24,5.369999885559082,4823300,-0.009225127312000354
2019-06-25,5.449999809265137,3085400,0.014897565253434959
2019-06-26,5.46999979019165,3551800,0.0036697213993499966
2019-06-27,5.539999961853027,3756000,0.012797106827480222
2019-06-28,5.46999979019165,3896400,-0.012635410134184044
2019-07-01,5.360000133514404,4310800,-0.020109627220550968
2019-07-02,5.380000114440918,5643500,0.0037313396321503886
2019-07-03,5.309999942779541,2562100,-0.013011184046908012
2019-07-05,5.519999980926514,12894600,0.0395480302090262
2019-07-08,5.449999809265137,6592700,-0.012681190562183238
2019-07-09,5.309999942779541,11721900,-0.025688049795449974
2019-07-10,5.179999828338623,10853300,-0.02448213104365287
2019-07-11,4.840000152587891,16778200,-0.06563700521584384
2019-07-12,4.909999847412109,4392200,0.014462746408549335
2019-07-15,4.75,3068400,-0.03258652798053339
2019-07-16,4.630000114440918,5970000,-0.025263133801912006
2019-07-17,4.380000114440918,7643100,-0.05399567901094707
2019-07-18,4.199999809265137,8585700,-0.041095959012036984
2019-07-19,4.320000171661377,10946500,0.02857151615376773
2019-07-22,4.139999866485596,5488700,-0.0416667356535213
2019-07-23,4.090000152587891,7703500,-0.012077225968644616
2019-07-24,4.079999923706055,6020600,-0.00244504364517161
2019-07-25,3.9800000190734863,5790000,-0.024509781005518688
2019-07-26,4.010000228881836,3209000,0.007537741121753419
2019-07-29,4.119999885559082,4327100,0.02743133426401794
2019-07-30,4.03000020980835,5271400,-0.021844582099671467
2019-07-31,4.019999980926514,5208900,-0.00248144624347588
2019-08-01,3.8399999141693115,5596500,-0.04477613622170128
2019-08-02,3.7799999713897705,3594700,-0.015624985448084446
2019-08-05,3.7100000381469727,5681800,-0.01851850099804667
2019-08-06,3.809999942779541,5157400,0.026954151914918886
2019-08-07,3.809999942779541,5856100,0.0
2019-08-08,3.890000104904175,2306700,0.02099741819583089
2019-08-09,3.5899999141693115,3079400,-0.07712086957443756
2019-08-12,3.509999990463257,2677600,-0.02228410184365306
2019-08-13,3.4700000286102295,4504500,-0.011396000558891188
2019-08-14,3.319999933242798,6081900,-0.043227692833048253
2019-08-15,3.2100000381469727,5888400,-0.03313249918905366
2019-08-16,3.319999933242798,3130700,0.03426787968492502
2019-08-19,3.380000114440918,2887500,0.01807234409776483
2019-08-20,3.4200000762939453,4260000,0.011834307839851566
2019-08-21,3.5399999618530273,5910900,0.03508768505324682
2019-08-22,3.869999885559082,29177300,0.09322031843562928
2019-08-23,3.6500000953674316,8660900,-0.05684749268664849
2019-08-26,3.819999933242798,10319400,0.04657529683112323
2019-08-27,3.700000047683716,5701000,-0.03141358315606412
2019-08-28,3.880000114440918,6439200,0.048648666064176484
2019-08-29,4.230000019073486,13363500,0.09020615832713731
2019-08-30,3.9700000286102295,10634600,-0.06146571850848494
2019-09-03,3.809999942779541,9044400,-0.04030228833189692
2019-09-04,3.9800000190734863,4227100,0.04461944326695284
2019-09-05,4.230000019073486,6892000,0.06281407005073283
2019-09-06,4.309999942779541,6701500,0.018912511429155357
2019-09-09,4.760000228881836,14578800,0.10440842043540433
2019-09-10,5.090000152587891,16659200,0.06932771173071445
2019-09-11,4.590000152587891,34005000,-0.09823182416719316
2019-09-12,4.579999923706055,8908700,-0.002178699030368812
2019-09-13,4.409999847412109,7662200,-0.037117921206510474
2019-09-16,4.349999904632568,6761300,-0.01360542967246368
2019-09-17,4.329999923706055,6406000,-0.004597696865513612
2019-09-18,4.599999904632568,9796200,0.06235565489234933
2019-09-19,4.440000057220459,7860300,-0.034782576245485725
2019-09-20,4.699999809265137,11603800,0.058558501958093104
2019-09-23,5.019999980926514,12474000,0.06808514566969956
2019-09-24,5.010000228881836,13097900,-0.001991982486588005
2019-09-25,5.199999809265137,12164300,0.03792406620821774
2019-09-26,5.28000020980835,6080900,0.0153846929764635
2019-09-27,5.340000152587891,5548500,0.011363625074878331
2019-09-30,5.519999980926514,8919800,0.033707832059029226
2019-10-01,5.579999923706055,6592400,0.010869554888924153
2019-10-02,5.320000171661377,8154900,-0.04659493827949631
2019-10-03,5.420000076293945,4346700,0.018796973948468784
2019-10-04,5.550000190734863,4213100,0.023985260629333545
2019-10-07,5.489999771118164,4154800,-0.010810886045889432
2019-10-08,5.230000019073486,4823100,-0.0473587910535965
2019-10-09,4.989999771118164,5809600,-0.0458891485812727
2019-10-10,5.050000190734863,5228000,0.012024132739239439
2019-10-11,5.369999885559082,5909200,0.06336627380951707
2019-10-14,5.579999923706055,5273900,0.039106153188513355
2019-10-15,5.610000133514404,6350900,0.005376381759594083
2019-10-16,5.880000114440918,3868700,0.048128337700657275
2019-10-17,6.03000020980835,3606600,0.025510219804084806
2019-10-18,5.940000057220459,3197100,-0.0149253979198039
2019-10-21,5.929999828338623,3611600,-0.0016835401995796287
2019-10-22,6.389999866485596,4174500,0.07757167815565492
2019-10-23,6.429999828338623,4071400,0.006259775068669403
2019-10-24,6.420000076293945,4268200,-0.0015551714326035155
2019-10-25,6.349999904632568,2645400,-0.010903453400235122
2019-10-28,6.190000057220459,2854700,-0.025196826742530085
2019-10-29,5.809999942779541,3918800,-0.06138935556190483
2019-10-30,5.730000019073486,3739500,-0.013769350171074566
2019-10-31,5.440000057220459,4358600,-0.05061081341844724
2019-11-01,5.840000152587891,5210400,0.07352942852206691
2019-11-04,5.849999904632568,3670000,0.0017122862642814359
2019-11-05,5.909999847412109,3374100,0.010256400642336343
2019-11-06,6.090000152587891,4128300,0.030456905215420674
2019-11-07,6.21999979019165,3129300,0.021346409580715296
2019-11-08,6.090000152587891,1968700,-0.020900263985339174
2019-11-11,6.019999980926514,3109400,-0.011494280772986682
2019-11-12,5.920000076293945,1834500,-0.016611279891927472
2019-11-13,5.940000057220459,1533600,0.0033783751129669096
2019-11-14,5.980000019073486,1708700,0.006734000247088343
2019-11-15,5.880000114440918,2165900,-0.016722392025687968
2019-11-18,5.619999885559082,2995900,-0.044217725139714094
2019-11-19,5.5,3360500,-0.02135229323890713
2019-11-20,5.460000038146973,2666700,-0.0072727203369140625
2019-11-21,5.5,2784000,0.00732600028819828
2019-11-22,5.659999847412109,3493100,0.02909088134765625
2019-11-25,6.03000020980835,2744900,0.06537109052492528
2019-11-26,6.099999904632568,2648700,0.011608572535430068
2019-11-27,6.349999904632568,3030000,0.040983607198114974
2019-11-29,6.340000152587891,1369000,-0.001574764125174637
2019-12-02,6.170000076293945,2060600,-0.0268138915145852
2019-12-03,6.119999885559082,2214900,-0.008103758527811276
2019-12-04,6.429999828338623,2872400,0.05065358636869018
2019-12-05,6.400000095367432,4381400,-0.004665588456001982
2019-12-06,6.679999828338623,4757300,0.043749957624823484
2019-12-09,6.329999923706055,6250600,-0.05239519665071856
2019-12-10,6.510000228881836,9594900,0.02843606751110285
2019-12-11,5.53000020980835,19517800,-0.1505376320457998
2019-12-12,5.579999923706055,6387300,0.009041539240635561
2019-12-13,5.449999809265137,5439000,-0.023297511867092665
2019-12-16,5.5,4406900,0.009174347244904797
2019-12-17,6.059999942779541,4141400,0.101818171414462
2019-12-18,6.159999847412109,5264100,0.016501634583630274
2019-12-19,6.059999942779541,4452000,-0.016233751154162694
2019-12-20,5.989999771118164,5484600,-0.011551183551541416
2019-12-23,5.610000133514404,6282700,-0.06343900703235328
2019-12-24,5.440000057220459,3395500,-0.030303043181471045
2019-12-26,5.400000095367432,4264400,-0.007352934086817846
2019-12-27,5.900000095367432,11041300,0.09259259095734859
2019-12-30,6.130000114440918,4482100,0.03898305345013096
2019-12-31,6.079999923706055,4322600,-0.008156637814259406
