Date,Adj Close,Volume,LogReturn
2019-01-02,32.47999954223633,640784,
2019-01-03,32.0,593430,-0.01477831123772482
2019-01-04,33.040000915527344,885374,0.03250002861022949
2019-01-07,33.08000183105469,407016,0.0012106814291444248
2019-01-08,33.2400016784668,433827,0.0048367544908025206
2019-01-09,33.7599983215332,861629,0.01564370086669596
2019-01-10,33.93000030517578,2023757,0.005035604031240293
2019-01-11,33.7400016784668,1367309,-0.005599723695846871
2019-01-14,33.54999923706055,445828,-0.0056313702416770015
2019-01-15,33.720001220703125,675929,0.005067123323650862
2019-01-16,34.06999969482422,763046,0.010379551051326909
2019-01-17,34.25,532022,0.005283249392078105
2019-01-18,34.400001525878906,1101727,0.004379606595004562
2019-01-22,33.849998474121094,1187280,-0.01598846009771391
2019-01-23,34.16999816894531,458370,0.009453462607062273
2019-01-24,34.400001525878906,321137,0.00673114923203676
2019-01-25,34.68000030517578,390797,0.00813949903712166
2019-01-28,34.36000061035156,460783,-0.009227211418924373
2019-01-29,34.38999938964844,559493,0.0008730727230498749
2019-01-30,35.060001373291016,542099,0.019482465703219876
2019-01-31,35.45000076293945,2222023,0.011123769947868345
2019-02-01,35.2400016784668,1629227,-0.005923810435913894
2019-02-04,35.29999923706055,1041177,0.0017025413091966784
2019-02-05,35.650001525878906,4034512,0.00991507921764772
2019-02-06,35.18000030517578,1076484,-0.013183764392322496
2019-02-07,34.90999984741211,954303,-0.007674828181395685
2019-02-08,34.70000076293945,1891350,-0.0060154421481105665
2019-02-11,34.599998474121094,447334,-0.0028819102772229487
2019-02-12,34.95000076293945,3006181,0.010115673533342551
2019-02-13,34.619998931884766,535629,-0.009442112270412804
2019-02-14,34.7599983215332,543067,0.004043887751813276
2019-02-15,34.720001220703125,665464,-0.0011506646364047902
2019-02-19,34.959999084472656,2436197,0.006912380625909177
2019-02-20,35.11000061035156,870373,0.004290661607755271
2019-02-21,35.060001373291016,598875,-0.001424073944499035
2019-02-22,35.4900016784668,676513,0.012264697328373719
2019-02-25,35.7599983215332,939921,0.0076076818905935414
2019-02-26,35.709999084472656,894351,-0.0013981890214586333
2019-02-27,35.43000030517578,399792,-0.007840906930143929
2019-02-28,35.119998931884766,480991,-0.008749685876963686
2019-03-01,35.150001525878906,620867,0.0008542880098695519
2019-03-04,35.209999084472656,1318048,0.0017069005971330408
2019-03-05,35.619998931884766,579793,0.011644415168216129
2019-03-06,35.40999984741211,497549,-0.005895538763890259
2019-03-07,34.810001373291016,538303,-0.016944322979570523
2019-03-08,34.66999816894531,410307,-0.0040219247004432655
2019-03-11,35.2400016784668,3524122,0.01644082894795331
2019-03-12,35.43000030517578,2316439,0.005391561227566058
2019-03-13,35.470001220703125,530949,0.0011290125651367898
2019-03-14,35.36000061035156,488046,-0.0031012293928920805
2019-03-15,35.790000915527344,330360,0.012160641904793962
2019-03-18,36.11000061035156,1051348,0.008941036229071126
2019-03-19,36.16999816894531,518657,0.0016615219490345467
2019-03-20,36.279998779296875,468689,0.0030412113884486277
2019-03-21,36.2599983215332,402031,-0.0005512805522773365
2019-03-22,35.22999954223633,327354,-0.02840592462700707
2019-03-25,35.36000061035156,598640,0.0036900672666594697
2019-03-26,35.470001220703125,314961,0.0031108769358833117
2019-03-27,35.06999969482422,573636,-0.01127717823830898
2019-03-28,35.36000061035156,932230,0.008269202111517078
2019-03-29,35.7599983215332,1519865,0.011312152270284242
2019-04-01,36.27000045776367,494721,0.014261805373837682
2019-04-02,36.13999938964844,313180,-0.003584258794444194
2019-04-03,36.33000183105469,533247,0.00525740023838164
2019-04-04,36.439998626708984,5900164,0.0030277123619705465
2019-04-05,36.650001525878906,2306329,0.005762977691662112
2019-04-08,36.709999084472656,482535,0.0016370410940197415
2019-04-09,36.689998626708984,1946308,-0.0005448231616037149
2019-04-10,36.84000015258789,555311,0.004088349182158612
2019-04-11,36.47999954223633,902306,-0.009772003497841289
2019-04-12,36.66999816894531,525735,0.005208295753650026
2019-04-15,36.5,313701,-0.004635892485243664
2019-04-16,36.77000045776367,593330,0.007397272815443065
2019-04-17,36.84000015258789,786111,0.0019037175401894484
2019-04-18,36.86000061035156,717331,0.0005429005885133502
2019-04-22,36.68000030517578,489521,-0.004883350575019549
2019-04-23,36.7599983215332,317512,0.0021809709839651675
2019-04-24,36.369998931884766,457662,-0.010609341878559999
2019-04-25,36.349998474121094,393450,-0.0005499163692891374
2019-04-26,36.40999984741211,1528167,0.0016506568310789014
2019-04-29,36.459999084472656,305769,0.0013732281590245774
2019-04-30,36.459999084472656,708108,0.0
2019-05-01,36.25,504507,-0.0057597117319207304
2019-05-02,36.290000915527344,431030,0.0011034735317887931
2019-05-03,36.709999084472656,330045,0.01157338546016979
2019-05-06,36.0,470093,-0.01934075462216415
2019-05-07,35.349998474121094,809760,-0.01805559794108073
2019-05-08,35.31999969482422,429070,-0.0008486217989185037
2019-05-09,34.849998474121094,700871,-0.013306942943490422
2019-05-10,35.029998779296875,459953,0.0051650018093815945
2019-05-13,33.970001220703125,968722,-0.030259708693459064
2019-05-14,34.459999084472656,580772,0.014424428794865645
2019-05-15,34.43000030517578,467754,-0.0008705391785803082
2019-05-16,34.41999816894531,353465,-0.00029050642293968127
2019-05-17,33.81999969482422,496720,-0.0174316823369976
2019-05-20,33.779998779296875,436781,-0.0011827591924391842
2019-05-21,34.150001525878906,290036,0.010953308465150063
2019-05-22,34.0,344146,-0.0043924310154198655
2019-05-23,33.560001373291016,571022,-0.012941136079676011
2019-05-24,33.66999816894531,1357904,0.003277615946161393
2019-05-28,33.68000030517578,478759,0.0002970637592636988
2019-05-29,33.939998626708984,561646,0.0077196650587098665
2019-05-30,34.099998474121094,342680,0.004714197227049913
2019-05-31,34.22999954223633,424578,0.0038123482091617623
2019-06-03,34.470001220703125,1013661,0.0070114426431896176
2019-06-04,34.54999923706055,490334,0.0023208010886107554
2019-06-05,34.31999969482422,421035,-0.006657005711004933
2019-06-06,34.400001525878906,291122,0.002331055704139547
2019-06-07,34.619998931884766,472910,0.00639527314672811
2019-06-10,34.93000030517578,296034,0.008954401584498797
2019-06-11,35.20000076293945,4467560,0.007729758242334293
2019-06-12,34.84000015258789,467537,-0.010227289845135216
2019-06-13,34.90999984741211,312198,0.0020091760768554193
2019-06-14,34.58000183105469,921730,-0.009452822050982758
2019-06-17,34.599998474121094,289573,0.0005782718914852167
2019-06-18,35.400001525878906,394566,0.02312147650399959
2019-06-19,35.56999969482422,428640,0.004802207955302957
2019-06-20,36.119998931884766,572785,0.015462447055926658
2019-06-21,35.95000076293945,391239,-0.0047064832218266595
2019-06-24,35.61000061035156,312332,-0.009457584015920074
2019-06-25,35.27000045776367,389856,-0.00954788393036576
2019-06-26,35.58000183105469,268824,0.008789378204353774
2019-06-27,35.75,281956,0.004777913440041926
2019-06-28,35.790000915527344,508245,0.0011189067280375875
2019-07-01,36.31999969482422,1177370,0.01480857126960668
2019-07-02,36.16999816894531,517653,-0.004129997993922952
2019-07-03,36.2599983215332,274057,0.002488254275477475
2019-07-05,36.0099983215332,403598,-0.006894650070944325
2019-07-08,35.81999969482422,318175,-0.0052762742450718
2019-07-09,35.77000045776367,369159,-0.0013958469426724053
2019-07-10,35.939998626708984,1468187,0.004752534715397673
2019-07-11,35.880001068115234,536119,-0.0016693812155341187
2019-07-12,35.93000030517578,565112,0.001393512697104647
2019-07-15,36.040000915527344,296194,0.0030615254499654627
2019-07-16,36.029998779296875,363982,-0.00027752874518267466
2019-07-17,35.939998626708984,345054,-0.0024979227209856424
2019-07-18,36.119998931884766,417433,0.005008355928038716
2019-07-19,35.93000030517578,340011,-0.005260205767649233
2019-07-22,35.88999938964844,206777,-0.0011133012854882037
2019-07-23,35.900001525878906,448736,0.0002786886709547734
2019-07-24,35.90999984741211,226711,0.0002785047662461999
2019-07-25,35.7599983215332,441158,-0.004177151949771346
2019-07-26,35.810001373291016,285568,0.001398295696443104
2019-07-29,35.79999923706055,237014,-0.0002793112495641754
2019-07-30,35.439998626708984,236968,-0.01005588318501655
2019-07-31,35.15999984741211,836507,-0.007900643062831747
2019-08-01,34.5,957379,-0.018771326799669696
2019-08-02,34.130001068115234,1646896,-0.010724606721297554
2019-08-05,33.040000915527344,964823,-0.031936716040896505
2019-08-06,33.43000030517578,2430490,0.01180385529181856
2019-08-07,33.619998931884766,870823,0.005683476666901733
2019-08-08,34.029998779296875,2438265,0.012195117800056528
2019-08-09,33.720001220703125,2054022,-0.00910953775238881
2019-08-12,33.36000061035156,728928,-0.010676174297720142
2019-08-13,33.65999984741211,695384,0.008992782720976856
2019-08-14,32.709999084472656,1095663,-0.02822343337035078
2019-08-15,33.0,2858628,0.00886581851556842
2019-08-16,33.34000015258789,1236477,0.010303034926905777
2019-08-19,33.5099983215332,305663,0.005098925259966354
2019-08-20,33.5,274760,-0.00029836830898252536
2019-08-21,33.7599983215332,279385,0.0077611439263642725
2019-08-22,33.40999984741211,819877,-0.010367253895799323
2019-08-23,32.869998931884766,2445050,-0.016162852977958678
2019-08-26,33.16999816894531,2709841,0.009126840487041809
2019-08-27,33.18000030517578,654058,0.00030154165760048286
2019-08-28,33.220001220703125,295786,0.0012055730910015684
2019-08-29,33.599998474121094,431959,0.011438809134695326
2019-08-30,33.83000183105469,664538,0.006845338314843782
2019-09-03,33.630001068115234,711432,-0.005911934735866903
2019-09-04,34.13999938964844,354156,0.015164980830664766
2019-09-05,34.4900016784668,441662,0.010251971150429584
2019-09-06,34.61000061035156,894405,0.0034792382152792054
2019-09-09,34.68000030517578,505496,0.0020225279858354706
2019-09-10,34.66999816894531,2553588,-0.0002884122301745191
2019-09-11,34.959999084472656,834798,0.00836460717748477
2019-09-12,35.2400016784668,974240,0.008009227726739348
2019-09-13,35.36000061035156,554916,0.0034051908674593025
2019-09-16,35.150001525878906,328786,-0.005938888033027338
2019-09-17,35.130001068115234,416276,-0.0005690030411221092
2019-09-18,35.02000045776367,589760,-0.0031312441504990868
2019-09-19,34.779998779296875,642555,-0.006853274566808017
2019-09-20,34.900001525878906,920593,0.0034503378606632966
2019-09-23,35.0,2970708,0.002865285666160882
2019-09-24,34.65999984741211,744886,-0.009714290073939731
2019-09-25,34.709999084472656,7080706,0.0014425631067704714
2019-09-26,34.63999938964844,611538,-0.002016701142914543
2019-09-27,34.29999923706055,758729,-0.009815247072131697
2019-09-30,34.279998779296875,1697538,-0.0005831037378584467
2019-10-01,34.09000015258789,523442,-0.005542550568109486
2019-10-02,33.869998931884766,398562,-0.006453541206171686
2019-10-03,34.27000045776367,477247,0.011809906657609904
2019-10-04,34.40999984741211,1285553,0.004085187854636327
2019-10-07,34.119998931884766,412095,-0.008427809265135873
2019-10-08,33.84000015258789,1743583,-0.008206295078022972
2019-10-09,34.09000015258789,1383029,0.007387706822480065
2019-10-10,34.459999084472656,664486,0.010853591382476943
2019-10-11,34.90999984741211,1577509,0.013058641175130475
2019-10-14,34.790000915527344,350233,-0.0034373799028721906
2019-10-15,35.09000015258789,940009,0.008623145420115592
2019-10-16,35.18000030517578,883874,0.0025648376231555275
2019-10-17,35.349998474121094,1369479,0.004832238984384031
2019-10-18,35.2400016784668,1386809,-0.003111649233445454
2019-10-21,35.459999084472656,290255,0.006242831882164397
2019-10-22,35.540000915527344,386606,0.002256114865206496
2019-10-23,35.47999954223633,343139,-0.001688277201613722
2019-10-24,35.599998474121094,382582,0.0033821570866120142
2019-10-25,35.83000183105469,341982,0.0064607687301107995
2019-10-28,35.970001220703125,1444326,0.003907322983363534
2019-10-29,35.81999969482422,468261,-0.004170184064174299
2019-10-30,35.97999954223633,191047,0.004466774114328885
2019-10-31,35.689998626708984,614047,-0.00806005889985953
2019-11-01,36.20000076293945,474081,0.014289777412566313
2019-11-04,36.47999954223633,1537380,0.0077347727457378924
2019-11-05,36.68000030517578,434646,0.005482477123057346
2019-11-06,36.58000183105469,1326071,-0.0027262397298012924
2019-11-07,36.84000015258789,438535,0.007107662890067897
2019-11-08,36.4900016784668,424306,-0.00950050142973486
2019-11-11,36.310001373291016,378671,-0.004932866453716873
2019-11-12,35.95000076293945,2433308,-0.00991464050498143
2019-11-13,35.79999923706055,1322527,-0.004172504108359895
2019-11-14,35.7599983215332,380255,-0.0011173440329555753
2019-11-15,36.029998779296875,713724,0.007550348725857984
2019-11-18,35.939998626708984,616622,-0.0024979227209856424
2019-11-19,36.09000015258789,432356,0.004173665320271656
2019-11-20,36.02000045776367,592021,-0.0019395869916392701
2019-11-21,36.04999923706055,414512,0.000832836727252432
2019-11-22,35.97999954223633,1917732,-0.0019417391485616687
2019-11-25,36.2400016784668,344435,0.007226296262879507
2019-11-26,36.130001068115234,1040355,-0.003035336789648192
2019-11-27,36.22999954223633,587483,0.00276774069097226
2019-11-29,35.83000183105469,627160,-0.011040511074678043
2019-12-02,35.77000045776367,583584,-0.0016746126213985023
2019-12-03,35.63999938964844,526765,-0.0036343602586400973
2019-12-04,35.959999084472656,289685,0.008978667236373803
2019-12-05,36.099998474121094,389871,0.0038931978090313278
2019-12-06,36.31999969482422,627619,0.006094216897566815
2019-12-09,36.189998626708984,1011998,-0.0035793245927190956
2019-12-10,36.279998779296875,1382646,0.0024868791379690355
2019-12-11,36.709999084472656,747638,0.011852269008927318
2019-12-12,37.2599983215332,957462,0.01498227324372726
2019-12-13,37.209999084472656,1467346,-0.0013419012161267716
2019-12-16,37.5099983215332,524532,0.008062328525714299
2019-12-17,37.75,775213,0.006398338821812747
2019-12-18,37.970001220703125,667857,0.005827846906043046
2019-12-19,37.970001220703125,739373,0.0
2019-12-20,38.029998779296875,6236123,0.0015801305416086307
2019-12-23,37.31999969482422,601880,-0.018669447995332888
2019-12-24,37.36000061035156,268351,0.0010718359017803352
2019-12-26,37.59000015258789,486905,0.0061563045631375275
2019-12-27,37.65999984741211,1021899,0.0018621892668281782
2019-12-30,37.5099983215332,1219581,-0.003983046375110751
2019-12-31,37.59000015258789,1093927,0.0021328135066527366
