Date,Adj Close,Volume,LogReturn
2019-01-02,15.640000343322754,100,
2019-01-03,15.670000076293945,1900,0.0019181414522154603
2019-01-04,15.670000076293945,100,0.0
2019-01-07,15.649999618530273,1300,-0.0012763533928713362
2019-01-08,15.0,7200,-0.041533522963198406
2019-01-09,14.699999809265137,2300,-0.02000001271565755
2019-01-10,15.0,1200,0.02040817650526626
2019-01-11,14.819999694824219,400,-0.012000020345052083
2019-01-14,14.649999618530273,2700,-0.011470990539447626
2019-01-15,15.15999984741211,200,0.034812303219227014
2019-01-16,15.180000305175781,1600,0.0013192914224920693
2019-01-17,15.180000305175781,200,0.0
2019-01-18,14.460000038146973,4300,-0.04743084667681574
2019-01-22,14.0,3800,-0.03181189743661446
2019-01-23,14.869999885559082,900,0.06214284896850586
2019-01-24,14.600000381469727,2100,-0.018157330609771153
2019-01-25,14.239999771118164,1600,-0.024657575407222188
2019-01-28,13.949999809265137,1500,-0.02036516618779803
2019-01-29,13.960000038146973,300,0.0007168622952377469
2019-01-30,14.25,5100,0.020773636179124356
2019-01-31,15.1899995803833,11400,0.06596488283391584
2019-02-01,15.210000038146973,1600,0.001316685866765981
2019-02-04,14.899999618530273,3100,-0.020381355610730584
2019-02-05,15.279999732971191,2200,0.025503364038233507
2019-02-06,15.199999809265137,2300,-0.005235597192677354
2019-02-07,15.130000114440918,5800,-0.004605243138328893
2019-02-08,14.920000076293945,3100,-0.013879711603342084
2019-02-11,14.5,3500,-0.028150139017845854
2019-02-12,14.979999542236328,3400,0.03310341670595367
2019-02-13,14.9399995803833,4900,-0.0026702245043630918
2019-02-14,14.829999923706055,4900,-0.007362761697910566
2019-02-15,14.899999618530273,3500,0.00472014128013061
2019-02-19,14.829999923706055,1100,-0.004697966215862459
2019-02-20,14.800000190734863,3000,-0.0020229085047557033
2019-02-21,14.649999618530273,2400,-0.010135173666990465
2019-02-22,14.779999732971191,400,0.008873728179247552
2019-02-25,14.720000267028809,100,-0.00405950385834826
2019-02-26,14.720000267028809,0,0.0
2019-02-27,14.729999542236328,4200,0.0006792985751445138
2019-02-28,14.75,1700,0.0013578043710268425
2019-03-01,15.010000228881836,1100,0.0176271341614804
2019-03-04,14.75,1200,-0.017321800460838803
2019-03-05,14.75,700,0.0
2019-03-06,14.699999809265137,4200,-0.0033898434396517478
2019-03-07,14.380000114440918,4600,-0.02176868700518818
2019-03-08,14.319999694824219,5500,-0.0041724908998049745
2019-03-11,13.920000076293945,5200,-0.02793293485019055
2019-03-12,13.640000343322754,2100,-0.02011492323538395
2019-03-13,13.319999694824219,5900,-0.02346045751055911
2019-03-14,13.100000381469727,1400,-0.01651646534496377
2019-03-15,12.90999984741211,4200,-0.014503857139300365
2019-03-18,13.0600004196167,3100,0.011618944537374136
2019-03-19,13.057999610900879,2200,-0.0001532012750026416
2019-03-20,13.199999809265137,3800,0.010874575171967028
2019-03-21,13.140000343322754,4200,-0.0045454141522236185
2019-03-22,13.170000076293945,5400,0.0022830846413513317
2019-03-25,13.100000381469727,4700,-0.0053150868958777376
2019-03-26,13.220000267028809,3500,0.009160296340817274
2019-03-27,13.25,3300,0.002269268711439583
2019-03-28,13.270000457763672,8000,0.001509468510465802
2019-03-29,13.460000038146973,4300,0.014317978434743812
2019-04-01,13.5,6600,0.002971765359558952
2019-04-02,13.390000343322754,4900,-0.008148122716833043
2019-04-03,13.859999656677246,4300,0.03510076932812542
2019-04-04,13.819999694824219,700,-0.0028860002051844793
2019-04-05,13.75,2100,-0.0050651010397948565
2019-04-08,13.699999809265137,6200,-0.003636377507990057
2019-04-09,13.619999885559082,5500,-0.005839410570790793
2019-04-10,13.670000076293945,10200,0.003671085987884415
2019-04-11,13.5,11100,-0.012435996733368987
2019-04-12,13.380000114440918,6400,-0.008888880411783854
2019-04-15,13.300000190734863,3900,-0.005979067490418887
2019-04-16,13.539999961853027,6700,0.018045095314010173
2019-04-17,13.5600004196167,3200,0.0014771386868552617
2019-04-18,13.399999618530273,2800,-0.011799468741531833
2019-04-22,13.40999984741211,6200,0.000746285758695624
2019-04-23,13.449999809265137,5200,0.002982845809707196
2019-04-24,13.789999961853027,16800,0.02527882211222627
2019-04-25,14.479999542236328,18700,0.050036227867442454
2019-04-26,13.75,4900,-0.05041433462114496
2019-04-29,13.979999542236328,8400,0.01672723943536932
2019-04-30,14.279999732971191,6600,0.02145924181388588
2019-05-01,14.848999977111816,10700,0.03984595621713188
2019-05-02,15.90999984741211,22000,0.07145261444782232
2019-05-03,17.25,23500,0.08422376904081821
2019-05-06,17.850000381469727,8000,0.03478263080983922
2019-05-07,19.770000457763672,21900,0.10756302718554099
2019-05-08,21.190000534057617,11200,0.07182600118435059
2019-05-09,21.0,6100,-0.008966518606369968
2019-05-10,21.510000228881836,4500,0.02428572518484933
2019-05-13,20.6200008392334,9400,-0.0413760753220923
2019-05-14,21.510000228881836,7400,0.043161947304824914
2019-05-15,22.010000228881836,7800,0.02324500207715673
2019-05-16,23.3799991607666,6600,0.0622443851721107
2019-05-17,24.739999771118164,8300,0.05816940372836907
2019-05-20,24.010000228881836,9500,-0.02950685323322194
2019-05-21,24.030000686645508,7600,0.0008330053133282836
2019-05-22,24.700000762939453,8000,0.027881816776904746
2019-05-23,26.5,8400,0.07287446078792492
2019-05-24,28.56999969482422,14200,0.07811319603110259
2019-05-28,29.5,14800,0.03255163861077189
2019-05-29,29.100000381469727,13000,-0.013559309102721134
2019-05-30,29.30900001525879,5000,0.007182117905474294
2019-05-31,31.597999572753906,17400,0.07809886233933
2019-06-03,32.310001373291016,19600,0.022533129000705764
2019-06-04,32.54999923706055,11500,0.007427974421812464
2019-06-05,32.29999923706055,5600,-0.00768049173148234
2019-06-06,31.600000381469727,7900,-0.021671791706658984
2019-06-07,32.279998779296875,4200,0.021518936380326762
2019-06-10,29.709999084472656,7100,-0.07961585477111342
2019-06-11,29.790000915527344,5700,0.0026927577758324092
2019-06-12,24.299999237060547,8100,-0.1842900808910436
2019-06-13,22.950000762939453,11700,-0.05555549450644331
2019-06-14,22.420000076293945,13900,-0.02309371106868865
2019-06-17,23.799999237060547,3700,0.06155214790680399
2019-06-18,23.989999771118164,5100,0.007983215972618807
2019-06-19,25.562000274658203,6700,0.06552732465769293
2019-06-20,25.697999954223633,1700,0.005320384872237788
2019-06-21,25.700000762939453,2900,7.785853838370276e-05
2019-06-24,26.100000381469727,4000,0.015564187029406268
2019-06-25,26.299999237060547,4500,0.007662791289950092
2019-06-26,26.450000762939453,3200,0.005703480236894157
2019-06-27,25.5,2500,-0.03591685200518222
2019-06-28,25.1200008392334,3400,-0.014901927873200061
2019-07-01,24.0,7700,-0.044586019180546256
2019-07-02,24.489999771118164,15200,0.020416657129923504
2019-07-03,23.780000686645508,2400,-0.02899138795868756
2019-07-05,23.75,600,-0.0012615931782691558
2019-07-08,23.059999465942383,1600,-0.029052654065583883
2019-07-09,23.75,1200,0.029921966610480112
2019-07-10,22.940000534057617,4300,-0.034105240671258225
2019-07-11,23.049999237060547,6000,0.00479506104804232
2019-07-12,23.200000762939453,2000,0.006507658604939512
2019-07-15,23.219999313354492,1500,0.0008620064550594969
2019-07-16,22.489999771118164,1900,-0.03143839637482178
2019-07-17,23.399999618530273,2700,0.04046242137275334
2019-07-18,22.399999618530273,5700,-0.042735043431714755
2019-07-19,21.950000762939453,2000,-0.020089234966707826
2019-07-22,22.350000381469727,4400,0.018223216611711276
2019-07-23,21.947999954223633,2100,-0.01798659599036921
2019-07-24,21.920000076293945,3000,-0.0012757371053438177
2019-07-25,21.790000915527344,1000,-0.0059306186274694925
2019-07-26,22.3799991607666,1700,0.027076558992653862
2019-07-29,21.947999954223633,3700,-0.019302914331663056
2019-07-30,22.239999771118164,3500,0.013304165186055568
2019-07-31,21.850000381469727,2400,-0.017535943959626644
2019-08-01,20.378999710083008,3800,-0.06732268401396581
2019-08-02,19.84000015258789,4300,-0.026448773991023414
2019-08-05,15.0,6100,-0.24395161871793486
2019-08-06,18.865999221801758,11700,0.25773328145345054
2019-08-07,17.493000030517578,4300,-0.0727763833307873
2019-08-08,17.549999237060547,2100,0.0032584008714074343
2019-08-09,17.0,1200,-0.03133898922907682
2019-08-12,17.0,300,0.0
2019-08-13,15.899999618530273,4100,-0.06470590479233686
2019-08-14,15.979999542236328,2200,0.005031441863232543
2019-08-15,16.450000762939453,1200,0.02941184193784717
2019-08-16,16.290000915527344,3400,-0.009726434042032165
2019-08-19,16.128999710083008,1900,-0.00988343747058187
2019-08-20,16.0,600,-0.00799799816490566
2019-08-21,16.0,700,0.0
2019-08-22,16.197999954223633,2100,0.01237499713897705
2019-08-23,16.0,2600,-0.012223728533349222
2019-08-26,16.047000885009766,5400,0.0029375553131103516
2019-08-27,16.08799934387207,1000,0.002554898523162868
2019-08-28,16.100000381469727,2200,0.000745962088954675
2019-08-29,16.25,200,0.009316746271814707
2019-08-30,16.489999771118164,1400,0.014769216684194711
2019-09-03,16.459999084472656,1200,-0.0018193260801648578
2019-09-04,15.928000450134277,1500,-0.032320696471984225
2019-09-05,16.100000381469727,33400,0.010798589055413997
2019-09-06,15.850000381469727,20300,-0.015527949942643303
2019-09-09,16.5,5700,0.04100943866791256
2019-09-10,16.719999313354492,4800,0.013333291718454071
2019-09-11,16.739999771118164,3000,0.0011961996761385772
2019-09-12,16.5,2100,-0.014336904085998865
2019-09-13,16.450000762939453,1400,-0.0030302567915482955
2019-09-16,16.959999084472656,2200,0.031002936041327662
2019-09-17,16.985000610351562,6100,0.001474146652625461
2019-09-18,16.850000381469727,1300,-0.007948202768951307
2019-09-19,16.780000686645508,2500,-0.004154284465251335
2019-09-20,16.739999771118164,1400,-0.0023838446895403757
2019-09-23,16.280000686645508,900,-0.027479037679934818
2019-09-24,16.139999389648438,3200,-0.008599587904926407
2019-09-25,16.440000534057617,600,0.018587432202853034
2019-09-26,16.020000457763672,16000,-0.025547449066309947
2019-09-27,15.91100025177002,10800,-0.006804007670351111
2019-09-30,16.510000228881836,900,0.037646908907890984
2019-10-01,15.9399995803833,1800,-0.034524569388036844
2019-10-02,16.18000030517578,400,0.015056507597894762
2019-10-03,15.579999923706055,2600,-0.03708284117138081
2019-10-04,15.984000205993652,1300,0.0259306986050034
2019-10-07,16.5,300,0.032282268978754074
2019-10-08,16.2549991607666,900,-0.014848535711115057
2019-10-09,16.040000915527344,1100,-0.013226592207902538
2019-10-10,16.513999938964844,1700,0.029551059624856414
2019-10-11,15.979999542236328,300,-0.03233622373151036
2019-10-14,15.800000190734863,1900,-0.011264039840909455
2019-10-15,16.100000381469727,1200,0.018987353614766646
2019-10-16,16.045000076293945,1800,-0.0034161679423985467
2019-10-17,15.949999809265137,800,-0.0059208642304196014
2019-10-18,15.8149995803833,2400,-0.008463964294433166
2019-10-21,15.989999771118164,200,0.011065456552520623
2019-10-22,16.0,800,0.0006254051923064306
2019-10-23,15.869999885559082,1200,-0.008125007152557373
2019-10-24,16.0,1200,0.008191563665933713
2019-10-25,15.850000381469727,1000,-0.00937497615814209
2019-10-28,15.729000091552734,1800,-0.0076340875081904675
2019-10-29,15.729999542236328,600,6.354190843513984e-05
2019-10-30,15.760000228881836,1300,0.0019072274328396214
2019-10-31,15.890000343322754,900,0.008248738106150484
2019-11-01,15.779999732971191,500,-0.0069226310871532875
2019-11-04,15.789999961853027,1500,0.0006337280767464887
2019-11-05,15.760000228881836,700,-0.0018999197621068773
2019-11-06,15.75,800,-0.0006345322802413086
2019-11-07,15.774999618530273,700,0.001587277367001488
2019-11-08,15.758000373840332,800,-0.0010776066625049587
2019-11-11,15.829999923706055,1900,0.004569079080950413
2019-11-12,15.680000305175781,1300,-0.009475655038105404
2019-11-13,15.680000305175781,1200,0.0
2019-11-14,15.710000038146973,2300,0.0019132482389868865
2019-11-15,15.850000381469727,1000,0.008911543156130205
2019-11-18,15.899999618530273,900,0.003154525921589321
2019-11-19,15.779999732971191,1300,-0.007547162794848815
2019-11-20,15.770000457763672,1500,-0.0006336676411107127
2019-11-21,15.770000457763672,500,0.0
2019-11-22,15.579999923706055,800,-0.012048226286770887
2019-11-25,15.34000015258789,1200,-0.01540434995464844
2019-11-26,15.694000244140625,500,0.023076928815611113
2019-11-27,15.479999542236328,700,-0.013635828888443806
2019-11-29,15.479999542236328,300,0.0
2019-12-02,15.279999732971191,1800,-0.012919884701511019
2019-12-03,15.199999809265137,2400,-0.005235597192677354
2019-12-04,15.1899995803833,3200,-0.0006579098031133074
2019-12-05,15.180000305175781,2300,-0.0006582801503452847
2019-12-06,15.180000305175781,2000,0.0
2019-12-09,15.079999923706055,3300,-0.00658764028058882
2019-12-10,15.210000038146973,3000,0.008620697287707226
2019-12-11,15.262999534606934,2200,0.003484516523802576
2019-12-12,15.050000190734863,2500,-0.01395527421652088
2019-12-13,15.229999542236328,3200,0.01196008964918663
2019-12-16,15.100000381469727,3000,-0.008535729788177845
2019-12-17,13.75,9400,-0.08940399651422573
2019-12-18,14.460000038146973,5500,0.05163636641068892
2019-12-19,14.109999656677246,3400,-0.024204728945116834
2019-12-20,14.25,1800,0.00992206567889616
2019-12-23,14.350000381469727,1300,0.007017570629454495
2019-12-24,14.449999809265137,2600,0.006968601054850161
2019-12-26,14.5,1400,0.0034602208577749504
2019-12-27,14.300000190734863,800,-0.01379309029414736
2019-12-30,14.100000381469727,2000,-0.013986000461364953
2019-12-31,15.850000381469727,1600,0.1241134718194658
