Date,Adj Close,Volume,LogReturn
2019-01-02,18.495691299438477,0,
2019-01-03,18.477062225341797,100,-0.001007211560524113
2019-01-04,18.532941818237305,300,0.003024268263753933
2019-01-07,19.063785552978516,400,0.0286432526442637
2019-01-08,18.700576782226562,1200,-0.0190522899946913
2019-01-09,19.091724395751953,1500,0.02091633953756688
2019-01-10,19.128978729248047,100,0.0019513341343007815
2019-01-11,19.231416702270508,100,0.0053551198144119495
2019-01-14,19.51081085205078,1100,0.014528006652119783
2019-01-15,19.445621490478516,100,-0.003341191817530924
2019-01-16,19.641191482543945,1300,0.010057276501097683
2019-01-17,19.82745361328125,1700,0.009483239899312861
2019-01-18,19.82745361328125,100,0.0
2019-01-22,19.56669044494629,600,-0.01315162165656466
2019-01-23,19.56669044494629,0,0.0
2019-01-25,19.68775749206543,900,0.006187405451104787
2019-01-28,19.68775749206543,100,0.0
2019-01-29,19.66913414001465,700,-0.0009459356688178856
2019-01-30,19.901960372924805,800,0.011837136869004181
2019-01-31,19.53874969482422,400,-0.018249995040423662
2019-02-01,19.473560333251953,500,-0.0033364141815857428
2019-02-04,19.771577835083008,700,0.015303698796268745
2019-02-05,19.464242935180664,1300,-0.015544277875334953
2019-02-06,19.389741897583008,500,-0.0038275846559127804
2019-02-07,19.464242935180664,100,0.003842291351332688
2019-02-08,19.771577835083008,400,0.01578971763380794
2019-02-11,19.56669044494629,400,-0.010362723291267289
2019-02-12,19.920583724975586,1300,0.01808651703388607
2019-02-13,19.920583724975586,0,0.0
2019-02-14,19.82745361328125,3100,-0.0046750694146363465
2019-02-15,19.883329391479492,2400,0.0028181015720956863
2019-02-19,19.883329391479492,0,0.0
2019-02-20,19.659820556640625,500,-0.011241016554030753
2019-02-21,19.66913414001465,100,0.0004737369472519182
2019-02-22,19.66913414001465,0,0.0
2019-02-25,19.43630599975586,3200,-0.011837233840666444
2019-02-26,19.445621490478516,1400,0.0004792829832362828
2019-02-27,19.445621490478516,0,0.0
2019-02-28,19.203481674194336,600,-0.012452151061499508
2019-03-01,19.38042640686035,200,0.00921420061570367
2019-03-04,19.417682647705078,100,0.0019223643516707387
2019-03-05,19.315237045288086,3600,-0.005275892302684221
2019-03-06,19.7156982421875,1500,0.02073291650319693
2019-03-07,19.7156982421875,100,0.0
2019-03-08,19.67844581604004,300,-0.0018894804378649132
2019-03-11,19.976463317871094,1200,0.015144361735525807
2019-03-12,19.911270141601562,500,-0.0032634994108896617
2019-03-13,20.098337173461914,0,0.009395032588579245
2019-03-14,20.004335403442383,1100,-0.0046770919010977845
2019-03-15,20.05133819580078,2600,0.0023496302881579416
2019-03-18,20.211149215698242,3100,0.007970092486442083
2019-03-19,20.211149215698242,100,0.0
2019-03-20,20.17354393005371,800,-0.001860620850561173
2019-03-21,20.02313804626465,800,-0.007455600479050884
2019-03-22,20.02313804626465,0,0.0
2019-03-25,19.88212776184082,2400,-0.007042366890644988
2019-03-26,20.14534568786621,600,0.013238921365880015
2019-03-27,19.70351791381836,3300,-0.021932002602167797
2019-03-28,19.76932144165039,200,0.0033396842188207565
2019-03-29,19.76932144165039,0,0.0
2019-04-01,19.76932144165039,100,0.0
2019-04-03,19.93852996826172,400,0.008559146914108863
2019-04-04,19.93852996826172,700,0.0
2019-04-05,19.93852996826172,2100,0.0
2019-04-08,19.741119384765625,700,-0.009900959790432554
2019-04-09,19.741119384765625,100,0.0
2019-04-10,19.966732025146484,600,0.011428563699126728
2019-04-11,20.352155685424805,2800,0.019303292085700873
2019-04-12,20.361555099487305,900,0.00046183874611530165
2019-04-15,19.91033172607422,1000,-0.022160555576840373
2019-04-16,19.93852996826172,1100,0.0014162617969128099
2019-04-17,19.900928497314453,800,-0.0018858697710974627
2019-04-18,20.182945251464844,1000,0.014171034994093246
2019-04-22,19.750520706176758,3200,-0.02142524492339399
2019-04-23,19.750520706176758,100,0.0
2019-04-24,19.750520706176758,0,0.0
2019-04-25,19.581314086914062,300,-0.008567197887080406
2019-04-26,19.571908950805664,2100,-0.0004803117945329199
2019-04-29,19.628314971923828,2700,0.0028819887349742727
2019-04-30,19.628314971923828,0,0.0
2019-05-01,19.496707916259766,300,-0.006704959434995418
2019-05-02,19.496707916259766,0,0.0
2019-05-03,19.741119384765625,500,0.012536037856012929
2019-05-06,19.816326141357422,500,0.0038096500571205964
2019-05-07,19.816326141357422,100,0.0
2019-05-08,19.600112915039062,3800,-0.010910863334405574
2019-05-09,19.600112915039062,1900,0.0
2019-05-10,19.600112915039062,100,0.0
2019-05-13,19.853927612304688,600,0.012949654849736826
2019-05-14,19.853927612304688,400,0.0
2019-05-15,19.853927612304688,100,0.0
2019-05-16,19.853927612304688,0,0.0
2019-05-17,19.741119384765625,500,-0.005681909884125314
2019-05-20,19.590713500976562,1400,-0.007618913642006131
2019-05-21,19.609512329101562,12700,0.000959578533168938
2019-05-22,19.741119384765625,7000,0.006711388506523469
2019-05-23,19.68471908569336,200,-0.002856995997693534
2019-05-24,19.68471908569336,100,0.0
2019-05-28,19.68471908569336,0,0.0
2019-05-29,19.675317764282227,100,-0.0004775948983679219
2019-05-30,19.675317764282227,0,0.0
2019-05-31,19.553110122680664,900,-0.006211215649254382
2019-06-03,19.553110122680664,0,0.0
2019-06-05,19.68471908569336,300,0.006730845486316536
2019-06-06,19.731718063354492,1700,0.0023875869122913294
2019-06-07,19.694120407104492,500,-0.0019054426040997368
2019-06-10,19.694120407104492,0,0.0
2019-06-11,19.628314971923828,1300,-0.003341374675302853
2019-06-12,19.79752540588379,6300,0.008620731540226356
2019-06-13,19.971309661865234,6100,0.008778079705345242
2019-06-14,19.971309661865234,0,0.0
2019-06-17,20.303688049316406,1500,0.016642793741556215
2019-06-18,20.218223571777344,1300,-0.004209308049427993
2019-06-19,20.218223571777344,0,0.0
2019-06-20,20.018795013427734,800,-0.009863802210001875
2019-06-21,20.218223571777344,1800,0.009962066059212925
2019-06-24,20.64556884765625,900,0.021136638160210986
2019-06-25,20.64556884765625,0,0.0
2019-06-26,20.64556884765625,500,0.0
2019-07-01,20.58858871459961,700,-0.0027599207111752306
2019-07-02,20.58858871459961,200,0.0
2019-07-03,20.15174674987793,2400,-0.02121767406096708
2019-07-05,20.427146911621094,1000,0.013666317126818414
2019-07-08,20.5316104888916,1000,0.005113958289058861
2019-07-09,21.31032943725586,900,0.03792780643221217
2019-07-10,21.091907501220703,1300,-0.010249580452440088
2019-07-11,20.64556884765625,800,-0.02116160681714639
2019-07-15,20.778518676757812,1000,0.006439630221990972
2019-07-16,20.655065536499023,1600,-0.005941383126453562
2019-07-17,20.81650733947754,2900,0.00781608766591595
2019-07-18,20.826004028320312,800,0.0004562095210258163
2019-07-19,20.826004028320312,0,0.0
2019-07-22,21.17737579345703,1100,0.016871780330922084
2019-07-23,21.006437301635742,2000,-0.008071750413670342
2019-07-24,20.64556884765625,300,-0.01717894609151033
2019-07-25,20.81650733947754,900,0.008279669748150075
2019-07-26,21.053924560546875,1500,0.011405238025645408
2019-07-29,20.939958572387695,500,-0.005413051986171809
2019-07-30,20.882984161376953,1000,-0.002720846405392178
2019-08-01,20.939958572387695,200,0.002728269607947904
2019-08-05,20.892480850219727,200,-0.0022673264612173044
2019-08-06,20.873483657836914,1700,-0.0009092837044583293
2019-08-07,20.797513961791992,900,-0.0036395312488435145
2019-08-08,20.81650733947754,2100,0.00091325231085025
2019-08-09,20.81650733947754,1500,0.0
2019-08-13,20.769025802612305,1100,-0.002280955978392583
2019-08-14,20.284698486328125,1000,-0.0233196935131768
2019-08-15,20.37016487121582,400,0.004213342630914608
2019-08-16,20.37016487121582,0,0.0
2019-08-21,20.778518676757812,4200,0.02004666177832556
2019-08-22,20.778518676757812,0,0.0
2019-08-26,20.522113800048828,1400,-0.012339901640620352
2019-08-27,20.50311851501465,1800,-0.0009256008040523823
2019-08-28,20.607582092285156,7700,0.0050950091906266865
2019-08-29,20.702547073364258,1500,0.004608254411110828
2019-08-30,20.892480850219727,1700,0.009174415891068599
2019-09-03,21.585729598999023,2100,0.033181734316248324
2019-09-04,21.272340774536133,2100,-0.014518333653054893
2019-09-05,21.243852615356445,1400,-0.0013392113017383117
2019-09-06,20.797513961791992,6600,-0.021010249960113657
2019-09-09,20.721542358398438,4900,-0.003652917532986173
2019-09-10,20.750032424926758,1000,0.0013749008657540057
2019-09-11,21.01593589782715,200,0.01281460517531356
2019-09-12,20.8961181640625,1600,-0.005701279940477763
2019-09-13,20.608558654785156,2000,-0.013761384148941763
2019-09-16,20.474365234375,1000,-0.006511538368987174
2019-09-17,20.570213317871094,4300,0.00468137021093927
2019-09-18,20.934459686279297,2000,0.01770746675202203
2019-09-19,20.80026626586914,1000,-0.006410168804027375
2019-09-20,20.84819221496582,600,0.002304102672729757
2019-09-23,20.838605880737305,1000,-0.0004598160900317343
2019-09-24,20.68524169921875,1600,-0.007359618123989799
2019-09-25,20.68524169921875,100,0.0
2019-09-26,20.771507263183594,1200,0.004170391877417698
2019-09-27,21.011140823364258,400,0.011536647636803997
2019-09-30,21.087825775146484,900,0.003649728133607737
2019-10-01,20.8769474029541,800,-0.010000005426871371
2019-10-02,21.049484252929688,900,0.00826446734023825
2019-10-03,21.011140823364258,1400,-0.001821585227680484
2019-10-04,21.499996185302734,3100,0.023266483531197528
2019-10-07,21.44248390197754,1300,-0.0026749903967197147
2019-10-08,21.576677322387695,400,0.006258296427951625
2019-10-09,21.75880241394043,1900,0.008440831219353854
2019-10-10,21.720460891723633,1200,-0.0017621154642330971
2019-10-11,21.720460891723633,100,0.0
2019-10-18,21.720460891723633,0,0.0
2019-10-21,21.48082733154297,400,-0.011032618569892965
2019-10-22,21.356218338012695,900,-0.005800940141038914
2019-10-23,21.356218338012695,0,0.0
2019-10-25,21.75880241394043,500,0.018850906539532825
2019-10-28,21.106996536254883,900,-0.029955962891962652
2019-10-29,21.557510375976562,1200,0.021344289271467164
2019-10-30,21.586265563964844,1500,0.0013338825999279441
2019-10-31,21.586265563964844,700,0.0
2019-11-01,21.586265563964844,0,0.0
2019-11-04,21.499996185302734,1500,-0.003996493900553307
2019-11-05,21.499996185302734,0,0.0
2019-11-06,21.69170570373535,1800,0.008916723369638021
2019-11-07,21.567094802856445,200,-0.005744633574733038
2019-11-08,21.365802764892578,1000,-0.009333294066904512
2019-11-11,21.365802764892578,0,0.0
2019-11-12,21.42331314086914,300,0.002691702090925468
2019-11-13,21.75880241394043,400,0.015660008835481097
2019-11-14,21.461654663085938,1400,-0.013656438677163388
2019-11-15,21.471240997314453,1700,0.00044667265311113815
2019-11-18,21.547924041748047,1000,0.0035714304749867505
2019-11-19,21.413728713989258,1500,-0.006227761314676634
2019-11-20,21.499996185302734,800,0.004028605782099003
2019-11-21,21.471240997314453,400,-0.001337450841407038
2019-11-22,21.75880241394043,800,0.013392864281200314
2019-11-25,21.499996185302734,700,-0.011894323212930292
2019-11-26,22.218902587890625,4100,0.03343751302985489
2019-11-27,22.151803970336914,2800,-0.0030198889116278813
2019-11-29,22.151803970336914,0,0.0
2019-12-02,23.187021255493164,1100,0.04673286593464311
2019-12-03,23.196609497070312,2600,0.00041351760847145976
2019-12-04,23.196609497070312,0,0.0
2019-12-05,22.33392333984375,5800,-0.03719018321774646
2019-12-06,22.726924896240234,3200,0.017596619743713772
2019-12-09,23.10075569152832,5100,0.01644880673451469
2019-12-10,23.03365707397461,2400,-0.0029046070375229258
2019-12-11,23.196609497070312,1200,0.007074535431884183
2019-12-12,23.38511848449707,2000,0.008126575025999646
2019-12-13,23.2884464263916,500,-0.004133913547179867
2019-12-16,23.133771896362305,800,-0.006641685202925867
2019-12-17,23.24977684020996,2000,0.005014527867195646
2019-12-18,23.39478874206543,1800,0.006237130913216937
2019-12-19,23.172441482543945,300,-0.009504136240464903
2019-12-20,23.752477645874023,2000,0.02503129261398829
2019-12-23,23.849149703979492,1000,0.004069977858594528
2019-12-24,23.027429580688477,900,-0.03445490231267669
2019-12-26,22.863088607788086,1800,-0.007136748473143182
2019-12-27,23.781478881835938,1700,0.040169125431942336
2019-12-30,22.476396560668945,2000,-0.054878097684824864
2019-12-31,22.98876190185547,1100,0.02279570658951189
