Date,Adj Close,Volume,LogReturn
2019-01-02,75.69452667236328,375400,
2019-01-03,72.734130859375,462300,-0.03910977375949624
2019-01-04,75.1961441040039,330700,0.033849490129867515
2019-01-07,75.55497741699219,304800,0.004771964271093187
2019-01-08,77.16974639892578,292600,0.021372105943749973
2019-01-09,77.30928802490234,331700,0.0018082426402596672
2019-01-10,78.23627471923828,287300,0.011990625163141366
2019-01-11,78.46553802490234,285100,0.0029303965006872534
2019-01-14,78.70475006103516,255800,0.003048625449517654
2019-01-15,78.32598876953125,284100,-0.004812432428921745
2019-01-16,78.50540161132812,237500,0.002290591470537126
2019-01-17,79.01375579833984,220600,0.006475403941355859
2019-01-18,80.01052856445312,250500,0.012615180180236723
2019-01-22,77.80767059326172,270000,-0.027532101221114623
2019-01-23,78.59510803222656,310500,0.010120306043875284
2019-01-24,79.37258911132812,304800,0.009892232462900488
2019-01-25,79.90087127685547,235300,0.006655725502243279
2019-01-28,79.7015151977539,156000,-0.0024950426186317333
2019-01-29,80.84780883789062,211300,0.014382331845167014
2019-01-30,82.34296417236328,278400,0.018493455245900587
2019-01-31,84.22684478759766,352500,0.022878464895810257
2019-02-01,84.39629364013672,288000,0.0020118152706108936
2019-02-04,86.05094146728516,268300,0.01960569304386525
2019-02-05,87.37663269042969,376400,0.015405888657807799
2019-02-06,87.3965835571289,216600,0.0002283318329501608
2019-02-07,87.23707580566406,219100,-0.0018251028240775296
2019-02-08,88.01457214355469,184900,0.008912452999028016
2019-02-11,88.61262512207031,197200,0.006794931384091497
2019-02-12,90.41677856445312,221000,0.020360004456446926
2019-02-13,90.67593383789062,271600,0.0028662298917535812
2019-02-14,90.74571228027344,155100,0.0007695365178985814
2019-02-15,92.2109603881836,198100,0.01614674755524153
2019-02-19,92.19102478027344,183300,-0.00021619564340543302
2019-02-20,92.49006652832031,212400,0.0032437186674039707
2019-02-21,92.78907775878906,187700,0.0032329010205349265
2019-02-22,93.70612335205078,196700,0.009883120033218085
2019-02-25,93.93536376953125,372700,0.00244637606679363
2019-02-26,93.29743194580078,512400,-0.006791178509678455
2019-02-27,92.60966491699219,911700,-0.007371768059040873
2019-02-28,93.42701721191406,414300,0.00882577747856537
2019-03-01,93.45692443847656,349300,0.00032011325476295044
2019-03-04,92.79904174804688,440700,-0.0070394215771863635
2019-03-05,91.22415161132812,316400,-0.01697097412917948
2019-03-06,90.59619140625,207500,-0.006883705619468271
2019-03-07,90.33702850341797,239500,-0.0028606379452519926
2019-03-08,90.78558349609375,256900,0.00496535031212378
2019-03-11,91.42350769042969,427700,0.007026712499605024
2019-03-12,91.36370086669922,326800,-0.0006541733657056936
2019-03-13,92.14118957519531,306800,0.008509820652191613
2019-03-14,91.86209869384766,283500,-0.003028948102736329
2019-03-15,90.83541870117188,815900,-0.011176317624719604
2019-03-18,92.61963653564453,254400,0.01964231419841122
2019-03-19,92.390380859375,226700,-0.0024752383494973285
2019-03-20,92.61963653564453,189400,0.0024813803573174504
2019-03-21,94.44371795654297,244700,0.019694327133279586
2019-03-22,91.63282775878906,328500,-0.029762595740325474
2019-03-25,92.97846221923828,276700,0.014685069678209846
2019-03-26,93.24760437011719,258800,0.0028946719966639516
2019-03-27,92.66946411132812,250700,-0.006200054818505746
2019-03-28,94.02506256103516,211600,0.014628318645271197
2019-03-29,94.5633316040039,354800,0.0057247400672489806
2019-04-01,97.91246795654297,563100,0.03541686080355122
2019-04-02,97.43402099609375,279400,-0.004886476364394885
2019-04-03,97.50379180908203,223400,0.0007160826606045382
2019-04-04,97.54366302490234,263800,0.00040891964384710914
2019-04-05,98.3211441040039,366300,0.007970595474798562
2019-04-08,98.11181640625,253100,-0.002129020157988396
2019-04-09,97.69318389892578,256600,-0.004266891824638064
2019-04-10,98.5802993774414,328900,0.0090806281780461
2019-04-11,99.47740173339844,354500,0.009100219431493422
2019-04-12,100.24490356445312,286700,0.007715338535998445
2019-04-15,99.59699249267578,202600,-0.0064632819099952055
2019-04-16,99.89603424072266,215600,0.0030025178528243824
2019-04-17,98.8394546508789,272900,-0.010576792140693759
2019-04-18,99.67675018310547,256700,0.008471268231740664
2019-04-22,100.2249755859375,200500,0.005500032874516326
2019-04-23,103.15544891357422,440500,0.029238952771048533
2019-04-24,103.1654281616211,343700,9.673990227346906e-05
2019-04-25,103.24517822265625,394900,0.0007730308733873343
2019-04-26,104.48117065429688,280400,0.011971430074682144
2019-04-29,105.2586441040039,423600,0.007441278125409834
2019-04-30,105.1888656616211,383100,-0.0006629236294728047
2019-05-01,102.89630889892578,531100,-0.021794671406289042
2019-05-02,103.2651138305664,412800,0.003584238692205171
2019-05-03,104.23197174072266,302000,0.009362870714911861
2019-05-06,106.30525207519531,349900,0.019891020958808563
2019-05-07,104.2718505859375,311900,-0.0191279494621722
2019-05-08,104.02265930175781,480100,-0.002389823166841295
2019-05-09,104.02265930175781,256300,0.0
2019-05-10,104.21204376220703,369400,0.0018206077571987092
2019-05-13,102.40788269042969,426800,-0.01731240465731688
2019-05-14,102.45771789550781,555800,0.00048663446376264396
2019-05-15,103.41461944580078,355000,0.00933947749323161
2019-05-16,103.91300201416016,349100,0.004819266086653981
2019-05-17,102.80659484863281,240600,-0.010647437222308084
2019-05-20,102.36801147460938,337400,-0.004266101553788308
2019-05-21,103.49436950683594,256000,0.011003027371552843
2019-05-22,103.39469146728516,318600,-0.0009631252407813102
2019-05-23,103.30497741699219,393300,-0.0008676852652667854
2019-05-24,103.7734603881836,427200,0.004534950618113659
2019-05-28,104.52103424072266,2665800,0.007203902132034779
2019-05-29,116.76134490966797,1826800,0.11710858735625045
2019-05-30,119.29312896728516,852300,0.021683409518585915
2019-05-31,121.19695281982422,1144300,0.01595920795288357
2019-06-03,122.09403991699219,990400,0.007401894819101689
2019-06-04,124.77535247802734,679500,0.021961043822107076
2019-06-05,126.72901153564453,768500,0.015657411650760292
2019-06-06,126.17082977294922,770500,-0.004404530232908154
2019-06-07,127.53639221191406,682400,0.010823123232384557
2019-06-10,127.58623504638672,450400,0.00039081264263644497
2019-06-11,126.53962707519531,551500,-0.008203141748096018
2019-06-12,126.788818359375,482600,0.0019692746844560184
2019-06-13,127.0479736328125,610900,0.002043991550602992
2019-06-14,125.76215362548828,501700,-0.01012074392497144
2019-06-17,125.86183166503906,382000,0.0007925917032847269
2019-06-18,126.82868957519531,580900,0.0076818992490859835
2019-06-19,130.4768524169922,874400,0.02876449211937903
2019-06-20,128.72256469726562,778000,-0.01344520263349102
2019-06-21,127.85536193847656,1144300,-0.00673699099166165
2019-06-24,129.00164794921875,802500,0.008965490327216588
2019-06-25,128.8321990966797,952700,-0.001313540216213096
2019-06-26,129.88876342773438,514200,0.00820108900152988
2019-06-27,131.124755859375,445700,0.009515776415319317
2019-06-28,133.4484405517578,1141000,0.017721174595549696
2019-07-01,132.39132690429688,693500,-0.00792151368041605
2019-07-02,135.82205200195312,687400,0.025913518490046215
2019-07-03,135.95169067382812,274600,0.0009544744020885195
2019-07-05,135.55276489257812,354000,-0.0029343201196893732
2019-07-08,134.78485107421875,388300,-0.005665054629965872
2019-07-09,136.74951171875,455400,0.014576271953955845
2019-07-10,135.97161865234375,427400,-0.005688452241102895
2019-07-11,135.76219177246094,910300,-0.00154022495251955
2019-07-12,135.6425018310547,655700,-0.0008816146811098319
2019-07-15,135.36325073242188,425800,-0.0020587286054383237
2019-07-16,136.42039489746094,399600,0.007809683642488485
2019-07-17,136.6298370361328,327200,0.0015352699926524927
2019-07-18,137.68698120117188,303100,0.0077372862909841035
2019-07-19,136.75949096679688,507100,-0.006736223180170254
2019-07-22,136.78941345214844,372000,0.00021879640776688197
2019-07-23,137.73684692382812,237700,0.006926219272159668
2019-07-24,138.57456970214844,301200,0.00608205282050339
2019-07-25,139.4521942138672,474500,0.006333229203634637
2019-07-26,138.30528259277344,347500,-0.008224407135070383
2019-07-29,137.25814819335938,394800,-0.007571181518042581
2019-07-30,137.76675415039062,336200,0.003705470048413903
2019-07-31,136.38052368164062,435500,-0.01006215525145309
2019-08-01,137.63711547851562,496500,0.00921386546225853
2019-08-02,136.06137084960938,335400,-0.011448544409172937
2019-08-05,132.05224609375,537900,-0.029465561980047367
2019-08-06,139.26271057128906,660300,0.05460311877179295
2019-08-07,139.10313415527344,367600,-0.0011458660782990957
2019-08-08,142.4341278076172,541600,0.02394621568070162
2019-08-09,142.0352020263672,291900,-0.0028007738551874364
2019-08-12,140.86834716796875,274900,-0.008215251161341147
2019-08-13,141.62631225585938,410600,0.00538066288934903
2019-08-14,138.20556640625,459000,-0.024153321477646903
2019-08-15,140.84840393066406,346700,0.019122511438110546
2019-08-16,141.41688537597656,404000,0.004036122735138329
2019-08-19,142.05514526367188,373600,0.00451332163057056
2019-08-20,143.93006896972656,399700,0.013198562449636004
2019-08-21,143.8103790283203,455900,-0.0008315839925806254
2019-08-22,144.3090362548828,380400,0.0034674634051572893
2019-08-23,141.47671508789062,586500,-0.019626776260841073
2019-08-26,143.8901824951172,748100,0.017059113973117247
2019-08-27,144.7079620361328,1128100,0.005683358842382286
2019-08-28,143.37158203125,1554400,-0.00923501365148882
2019-08-29,145.55564880371094,925300,0.015233610046828437
2019-08-30,144.27911376953125,551800,-0.008770082402649716
2019-09-03,141.62631225585938,738100,-0.018386594180980417
2019-09-04,143.78045654296875,634600,0.015210057035289737
2019-09-05,144.17938232421875,495400,0.002774548021627551
2019-09-06,142.47401428222656,726700,-0.011828099236528118
2019-09-09,133.20912170410156,943900,-0.06502864838055442
2019-09-10,127.1455307006836,1572600,-0.045519337758919164
2019-09-11,123.43558502197266,1379900,-0.02917873446487562
2019-09-12,125.36036682128906,615300,0.01559341091933722
2019-09-13,125.300537109375,687100,-0.00047726178082546937
2019-09-16,127.63421630859375,597500,0.018624654395389212
2019-09-17,129.69862365722656,564000,0.016174403763654508
2019-09-18,130.11749267578125,671300,0.0032295563880592416
2019-09-19,130.45655822753906,791500,0.002605841419052511
2019-09-20,127.22531127929688,1405500,-0.024768758214564632
2019-09-23,128.21263122558594,785900,0.007760405035454035
2019-09-24,128.8608856201172,671900,0.005056088377054423
2019-09-25,128.03314208984375,414100,-0.006423543702110129
2019-09-26,127.0557861328125,295500,-0.007633616898548168
2019-09-27,124.40296936035156,457700,-0.020879149649177923
2019-09-30,124.5425796508789,718300,0.0011222424291412365
2019-10-01,119.57604217529297,796700,-0.039878228711082334
2019-10-02,121.37117767333984,735900,0.015012501378957576
2019-10-03,122.16902160644531,414600,0.006573586484039873
2019-10-04,123.40567016601562,353200,0.010122439742163493
2019-10-07,122.4482650756836,428500,-0.007758193679788375
2019-10-08,121.65042877197266,292100,-0.006515701167491478
2019-10-09,124.48274230957031,462200,0.023282396668791686
2019-10-10,124.55255889892578,400600,0.0005608535613864059
2019-10-11,122.06929016113281,498300,-0.019937516818166197
2019-10-14,123.2161865234375,326300,0.009395453686924628
2019-10-15,122.4482650756836,367300,-0.006232309807833863
2019-10-16,122.07926940917969,575300,-0.003013482194099158
2019-10-17,120.33399200439453,441400,-0.014296263511664832
2019-10-18,118.67847442626953,627000,-0.013757688501388214
2019-10-21,118.26957702636719,427500,-0.0034454217740756037
2019-10-22,117.18252563476562,349700,-0.009191301930159214
2019-10-23,118.04019927978516,354200,0.007319125785808096
2019-10-24,119.98492431640625,362300,0.01647510804358779
2019-10-25,118.31945037841797,334900,-0.013880693324407516
2019-10-28,120.18439483642578,332300,0.01576194321426621
2019-10-29,120.94233703613281,341800,0.006306494289367693
2019-10-30,120.29409790039062,468400,-0.005359902509147968
2019-10-31,123.00674438476562,586000,0.022550121175697276
2019-11-01,124.12371826171875,417900,0.009080590519973652
2019-11-04,122.15904998779297,359600,-0.015828306639857636
2019-11-05,121.76012420654297,379200,-0.003265626093931343
2019-11-06,121.75016021728516,467200,-8.183294262176081e-05
2019-11-07,121.10191345214844,378000,-0.005324401741893442
2019-11-08,121.36121368408203,336900,0.0021411736985976876
2019-11-11,122.22885131835938,206100,0.007149216853878124
2019-11-12,123.70486450195312,395300,0.012075816533277406
2019-11-13,126.87626647949219,427800,0.025636841285970532
2019-11-14,128.1627655029297,430700,0.010139792564320491
2019-11-15,129.0902557373047,412700,0.007236815082254123
2019-11-18,130.35682678222656,504100,0.009811515498887183
2019-11-19,131.92259216308594,564200,0.012011379990670796
2019-11-20,132.4012908935547,435800,0.0036286334479917657
2019-11-21,129.47921752929688,383200,-0.022069825335819738
2019-11-22,128.55172729492188,367600,-0.007163236325282392
2019-11-25,128.32235717773438,261900,-0.0017842632068356557
2019-11-26,128.57167053222656,468300,0.0019428676341011499
2019-11-27,129.2398681640625,285200,0.0051970829115769585
2019-11-29,129.53904724121094,189900,0.002314913202856622
2019-12-02,125.58975219726562,448000,-0.030487294202430282
2019-12-03,127.82369995117188,505000,0.01778765954086251
2019-12-04,127.66413116455078,383400,-0.0012483505537865698
2019-12-05,126.60699462890625,390700,-0.008280607293539254
2019-12-06,127.49458312988281,227600,0.007010580288854854
2019-12-09,122.64773559570312,675500,-0.03801610558812565
2019-12-10,123.97412109375,499900,0.010814594265475734
2019-12-11,123.76469421386719,408000,-0.0016892790046435788
2019-12-12,123.09650421142578,485900,-0.0053988741028743155
2019-12-13,125.83907318115234,544800,0.022279828231482775
2019-12-16,126.71669006347656,984300,0.006974120677612115
2019-12-17,120.34395599365234,1688600,-0.050291197368175465
2019-12-18,115.73644256591797,1157800,-0.038286205482370904
2019-12-19,115.30760955810547,747100,-0.003705254786695704
2019-12-20,116.41461181640625,956000,0.00960042674150611
2019-12-23,116.21514892578125,513800,-0.0017133836338308333
2019-12-24,116.71380615234375,166400,0.004290810889731412
2019-12-26,115.08819580078125,454800,-0.013928175296079622
2019-12-27,114.77903747558594,391700,-0.0026862731059792483
2019-12-30,113.87149810791016,387200,-0.00790683898067031
2019-12-31,113.84158325195312,436400,-0.000262707143175393
