Date,Adj Close,Volume,LogReturn
2019-01-02,48.61000061035156,14900,
2019-01-03,47.0,8200,-0.03312076918609853
2019-01-04,46.41999816894531,11900,-0.012340464490525265
2019-01-07,46.95000076293945,14400,0.01141754879147559
2019-01-08,47.22999954223633,10000,0.005963765170327652
2019-01-09,46.91999816894531,13800,-0.006563653955020495
2019-01-10,46.79999923706055,9800,-0.0025575220922363267
2019-01-11,46.40999984741211,9800,-0.008333320427484112
2019-01-14,45.08000183105469,11600,-0.028657574245426
2019-01-15,45.13999938964844,15900,0.0013309129582248357
2019-01-16,44.11000061035156,12100,-0.02281787313300398
2019-01-17,43.70000076293945,13800,-0.00929494086916635
2019-01-18,43.0,11800,-0.01601832381506732
2019-01-22,41.849998474121094,12300,-0.026744221532067586
2019-01-23,41.0,13900,-0.020310597493730133
2019-01-24,40.25,9600,-0.018292682926829267
2019-01-25,38.0,10200,-0.055900621118012424
2019-01-28,37.0,12500,-0.02631578947368421
2019-01-29,34.70000076293945,16700,-0.06216214154217694
2019-01-30,34.209999084472656,15200,-0.014121085524301545
2019-01-31,34.5,19300,0.008477080481974356
2019-02-01,34.0,11800,-0.014492753623188406
2019-02-04,33.61000061035156,17500,-0.011470570283777574
2019-02-05,34.34000015258789,18100,0.021719712257651527
2019-02-06,34.0,15800,-0.009900994498460068
2019-02-07,33.5,15000,-0.014705882352941176
2019-02-08,33.7599983215332,12300,0.0077611439263642725
2019-02-11,33.52000045776367,15400,-0.007108941815807288
2019-02-12,33.79999923706055,13400,0.00835318542580818
2019-02-13,33.58000183105469,30700,-0.006508799141173936
2019-02-14,32.79999923706055,16400,-0.023228187953009474
2019-02-15,33.61000061035156,38600,0.024695164394266184
2019-02-19,32.93000030517578,14900,-0.020232082500062424
2019-02-20,32.099998474121094,22000,-0.025205035632029187
2019-02-21,32.58000183105469,21400,0.014953376316219166
2019-02-22,32.20000076293945,25200,-0.011663629427823544
2019-02-25,33.630001068115234,24100,0.044409946313468354
2019-02-26,34.099998474121094,34000,0.01397553943141162
2019-02-27,33.959999084472656,26700,-0.004105554132346509
2019-02-28,35.529998779296875,19300,0.04623085209510683
2019-03-01,36.0,26300,0.013228292621754663
2019-03-04,35.5,14100,-0.013888888888888888
2019-03-05,35.72999954223633,19500,0.006478860344685299
2019-03-06,36.060001373291016,17900,0.009235987553388947
2019-03-07,35.709999084472656,19800,-0.009706108582613634
2019-03-08,35.630001068115234,17200,-0.002240213341036081
2019-03-11,36.08000183105469,13900,0.012629827377191752
2019-03-12,37.70000076293945,32300,0.04490018984673122
2019-03-13,38.65999984741211,24500,0.025464166181566026
2019-03-14,38.349998474121094,33200,-0.008018659454593015
2019-03-15,40.79999923706055,25100,0.06388528971109958
2019-03-18,39.540000915527344,24900,-0.03088231237976808
2019-03-19,39.310001373291016,13300,-0.005816882572352379
2019-03-20,38.15999984741211,15000,-0.029254680379132956
2019-03-21,40.119998931884766,18300,0.05136265965172893
2019-03-22,38.380001068115234,19200,-0.04336983823762503
2019-03-25,37.810001373291016,11300,-0.014851476783770978
2019-03-26,38.09000015258789,10600,0.0074054157399387486
2019-03-27,38.310001373291016,13100,0.00577582619642436
2019-03-28,38.47999954223633,11600,0.004437435730916781
2019-03-29,38.61000061035156,12900,0.0033784061762408
2019-04-01,38.849998474121094,8400,0.006215950789319243
2019-04-02,39.18000030517578,9600,0.008494255959225058
2019-04-03,39.5,13200,0.008167424510763618
2019-04-04,40.0,11200,0.012658227848101266
2019-04-05,40.79999923706055,13200,0.019999980926513672
2019-04-08,41.849998474121094,15300,0.025735275899387358
2019-04-09,42.72999954223633,32800,0.02102750538113886
2019-04-10,40.959999084472656,19600,-0.04142289905746713
2019-04-11,42.5099983215332,18800,0.037841779094378185
2019-04-12,42.25,14800,-0.0061161687085153895
2019-04-15,43.75,11300,0.03550295857988166
2019-04-16,44.20000076293945,11300,0.010285731724330357
2019-04-17,45.11000061035156,20000,0.02058823148652795
2019-04-18,47.5,32300,0.052981586284882365
2019-04-22,49.630001068115234,17500,0.04484212774979441
2019-04-23,50.04999923706055,43200,0.008462586337019849
2019-04-24,50.45000076293945,25600,0.00799203860092603
2019-04-25,50.65999984741211,10300,0.004162518955340065
2019-04-26,56.79999923706055,24800,0.12120014623257229
2019-04-29,57.099998474121094,13800,0.0052816767797561
2019-04-30,57.70000076293945,12200,0.010507921275869962
2019-05-01,57.560001373291016,11000,-0.0024263325441471867
2019-05-02,57.52000045776367,10400,-0.0006949429216988339
2019-05-03,57.900001525878906,10800,0.006606416291569141
2019-05-06,54.61000061035156,22900,-0.05682212139591826
2019-05-07,55.20000076293945,12900,0.010803884746268498
2019-05-08,55.70000076293945,11400,0.009057970889299214
2019-05-09,53.900001525878906,18900,-0.032315964316075814
2019-05-10,52.310001373291016,15900,-0.029499074352057057
2019-05-13,50.06999969482422,18200,-0.04282167118448061
2019-05-14,49.720001220703125,12900,-0.006990183268510653
2019-05-15,50.0,14700,0.0056315119151743925
2019-05-16,49.7599983215332,12400,-0.004800033569335937
2019-05-17,50.060001373291016,10800,0.006029000439656141
2019-05-20,51.0,11100,0.01877743909153208
2019-05-21,51.290000915527344,8900,0.005686292461320466
2019-05-22,51.599998474121094,11000,0.0060440154622789745
2019-05-23,51.790000915527344,10200,0.003682217965598231
2019-05-24,52.0,8400,0.004054819091723469
2019-05-28,52.0,8400,0.0
2019-05-29,52.400001525878906,6800,0.0076923370361328125
2019-05-30,52.709999084472656,9600,0.005915983770356396
2019-05-31,53.70000076293945,9500,0.01878204696760149
2019-06-03,54.5,7300,0.014897564724294357
2019-06-04,54.599998474121094,14600,0.0018348343875430047
2019-06-05,54.54999923706055,8600,-0.0009157369680925018
2019-06-06,55.349998474121094,12400,0.01466543076534157
2019-06-07,56.04999923706055,12400,0.012646807267153561
2019-06-10,56.04999923706055,10300,0.0
2019-06-11,55.41999816894531,10500,-0.011239983527041236
2019-06-12,54.900001525878906,19200,-0.009382833999402533
2019-06-13,56.20000076293945,15900,0.0236794025670063
2019-06-14,56.70000076293945,10900,0.00889679703224702
2019-06-17,58.0,11400,0.022927675830125546
2019-06-18,58.70000076293945,14000,0.01206897867136988
2019-06-19,59.779998779296875,26000,0.018398603105969365
2019-06-20,60.04999923706055,13100,0.004516568472349634
2019-06-21,61.70000076293945,11500,0.027477128173893278
2019-06-24,61.2400016784668,9300,-0.007455414567011772
2019-06-25,60.869998931884766,10600,-0.006041847427187964
2019-06-26,61.0,12400,0.002135716615679741
2019-06-27,59.47999954223633,18600,-0.024918040291207734
2019-06-28,58.29999923706055,14400,-0.019838606493900044
2019-07-01,58.54999923706055,13700,0.004288164721639966
2019-07-02,58.79999923706055,13700,0.004269854880574565
2019-07-03,58.900001525878906,10300,0.001700719219658251
2019-07-05,59.04999923706055,12200,0.0025466503785358326
2019-07-08,54.70000076293945,17100,-0.07366635953131356
2019-07-09,55.0,12100,0.005484446670498101
2019-07-10,55.20000076293945,11400,0.003636377507990057
2019-07-11,55.75,9000,0.009963754156862422
2019-07-12,55.95000076293945,10000,0.003587457631200953
2019-07-15,56.2400016784668,10700,0.005183215577709814
2019-07-16,56.5,8500,0.004623014114040317
2019-07-17,56.75,10400,0.004424778761061947
2019-07-18,57.0,15200,0.004405286343612335
2019-07-19,57.7599983215332,8800,0.013333303886547423
2019-07-22,58.04999923706055,10100,0.0050207916197121845
2019-07-23,59.849998474121094,13800,0.031007739202714463
2019-07-24,60.150001525878906,11100,0.005012582446222328
2019-07-25,60.29999923706055,11500,0.0024937274709312465
2019-07-26,61.79999923706055,25800,0.024875622205283474
2019-07-29,63.04999923706055,16600,0.020226537466531122
2019-07-30,63.20000076293945,16300,0.0023790884646154907
2019-07-31,63.29999923706055,16000,0.0015822543182583782
2019-08-01,62.630001068115234,17300,-0.010584489368414487
2019-08-02,62.70000076293945,21100,0.0011176703437716434
2019-08-05,60.040000915527344,24600,-0.042424239474401645
2019-08-06,60.209999084472656,32100,0.002831415162442946
2019-08-07,61.150001525878906,56800,0.01561206536621031
2019-08-08,61.900001525878906,53200,0.012264922016111434
2019-08-09,61.66999816894531,21900,-0.003715724576152633
2019-08-12,61.849998474121094,27200,0.00291876618323661
2019-08-13,62.29999923706055,43100,0.007275679450950023
2019-08-14,62.650001525878906,25900,0.005618014335546776
2019-08-15,63.0,20600,0.005586567687097653
2019-08-16,63.349998474121094,15100,0.005555531335255456
2019-08-19,63.45000076293945,15100,0.0015785681330238862
2019-08-20,63.5,14500,0.0007880100308801092
2019-08-21,63.650001525878906,12800,0.0023622287539985234
2019-08-22,63.5,17700,-0.0023566617797788807
2019-08-23,63.5099983215332,10800,0.00015745388241264764
2019-08-26,63.900001525878906,14500,0.006140815850304813
2019-08-27,63.279998779296875,12500,-0.009702703157697671
2019-08-28,63.040000915527344,13600,-0.003792633824260607
2019-08-29,63.20000076293945,15900,0.0025380686086363922
2019-08-30,63.25,10500,0.0007911271591291891
2019-09-03,63.0,12100,-0.003952569169960474
2019-09-04,62.97999954223633,11400,-0.00031746758355034725
2019-09-05,63.04999923706055,17600,0.001111459119291908
2019-09-06,63.119998931884766,11500,0.001110225149425112
2019-09-09,63.150001525878906,10800,0.00047532627537775444
2019-09-10,62.72999954223633,12900,-0.006650862604816582
2019-09-11,63.0,13100,0.004304168017439242
2019-09-12,62.755001068115234,10700,-0.0038888719346788195
2019-09-13,63.04999923706055,9600,0.004700791393902089
2019-09-16,63.20000076293945,10200,0.0023790884646154907
2019-09-17,63.349998474121094,7500,0.0023733814773875673
2019-09-18,63.5,13100,0.002367822091427246
2019-09-19,63.79999923706055,10800,0.00472439743402436
2019-09-20,63.7400016784668,11400,-0.000940400616163303
2019-09-23,64.0,22100,0.004079044786423939
2019-09-24,64.05000305175781,13400,0.0007812976837158203
2019-09-25,65.06999969482422,22000,0.015925005378097528
2019-09-26,64.80000305175781,27500,-0.004149326023246966
2019-09-27,64.95999908447266,17000,0.002469074462651643
2019-09-30,65.0999984741211,17200,0.0021551630483612715
2019-10-01,65.19999694824219,16700,0.0015360749072958226
2019-10-02,65.3499984741211,10700,0.002300637007667074
2019-10-03,65.58999633789062,15500,0.003672499913899333
2019-10-04,65.75,11500,0.0024394522189802688
2019-10-07,66.04000091552734,18100,0.004410660312202947
2019-10-08,66.19999694824219,15600,0.002422713968758069
2019-10-09,65.97000122070312,15800,-0.003474255863166918
2019-10-10,66.19999694824219,19100,0.0034863683990183675
2019-10-11,66.44000244140625,13100,0.0036254607889439697
2019-10-14,65.95500183105469,24600,-0.0072998283041799525
2019-10-15,65.9000015258789,22800,-0.0008339065066917267
2019-10-16,65.94999694824219,15800,0.0007586558604804897
2019-10-17,66.12100219726562,14700,0.0025929530998711507
2019-10-18,66.2300033569336,17400,0.0016485103982963585
2019-10-21,65.70999908447266,22800,-0.007851490957330572
2019-10-22,65.3499984741211,12600,-0.005478627535647478
2019-10-23,65.01000213623047,12100,-0.005202698482468445
2019-10-24,65.44999694824219,22200,0.006768109483979035
2019-10-25,65.81999969482422,16300,0.005653212587230969
2019-10-28,65.3499984741211,11100,-0.007140705300551433
2019-10-29,66.26000213623047,10800,0.013925075491313756
2019-10-30,66.54000091552734,11600,0.004225758682005441
2019-10-31,66.56300354003906,12900,0.0003456961856811608
2019-11-01,66.9000015258789,16200,0.005062842238438539
2019-11-04,66.94999694824219,12200,0.0007473157133478022
2019-11-05,66.94999694824219,14300,0.0
2019-11-06,66.94000244140625,9600,-0.0001492831559598736
2019-11-07,66.9800033569336,14700,0.000597563699857305
2019-11-08,66.9000015258789,13500,-0.001194413661467903
2019-11-11,66.94999694824219,14000,0.0007473157133478022
2019-11-12,67.27999877929688,18600,0.0049290791052583
2019-11-13,67.41999816894531,23500,0.002080847089603657
2019-11-14,66.94999694824219,18800,-0.006971243451021254
2019-11-15,66.9800033569336,16000,0.0004481913377024297
2019-11-18,67.0,14600,0.0002985464625889161
2019-11-19,67.05000305175781,13000,0.000746314205340485
2019-11-20,67.3499984741211,13200,0.004474204455020028
2019-11-21,66.80000305175781,23000,-0.008166227688551683
2019-11-22,66.69999694824219,12300,-0.0014970972896234528
2019-11-25,66.44999694824219,23400,-0.0037481261085213365
2019-11-26,66.29000091552734,15500,-0.002407765839921173
2019-11-27,66.23999786376953,23600,-0.0007543076039707838
2019-11-29,66.08999633789062,1200,-0.0022645158622650067
2019-12-02,65.5999984741211,9600,-0.007414100331680702
2019-12-03,65.6500015258789,16100,0.000762241660379588
2019-12-04,65.5,13300,-0.0022848670585297153
2019-12-05,65.0,10000,-0.007633587786259542
2019-12-06,65.30000305175781,8600,0.004615431565504808
2019-12-09,64.5999984741211,13100,-0.010719824577678566
2019-12-10,65.69999694824219,12600,0.017027840558877964
2019-12-11,65.55000305175781,9300,-0.002283012229095516
2019-12-12,65.68299865722656,18900,0.002028918371883791
2019-12-13,66.05000305175781,20800,0.005587509736674781
2019-12-16,66.19999694824219,8600,0.002270914300591893
2019-12-17,66.22000122070312,12800,0.0003021793562404186
2019-12-18,66.30000305175781,13500,0.0012081218601620262
2019-12-19,65.6500015258789,20300,-0.009803944132121314
2019-12-20,64.30000305175781,21000,-0.020563571100435253
2019-12-23,64.44599914550781,10800,0.0022705456737300857
2019-12-24,64.80000305175781,6900,0.005493031544917489
2019-12-26,65.0,9700,0.003086372512705649
2019-12-27,65.0999984741211,11000,0.0015384380634014423
2019-12-30,65.19000244140625,11300,0.0013825494530684992
2019-12-31,65.23699951171875,13000,0.0007209245060964934
