Date,Adj Close,Volume,LogReturn
2019-01-02,4.7537760734558105,745600,
2019-01-03,4.545797824859619,638500,-0.04375011472616532
2019-01-04,4.991464138031006,1045500,0.09803918483443542
2019-01-07,5.080597877502441,626600,0.017857233269955204
2019-01-08,5.110308647155762,581800,0.005847888451255614
2019-01-09,5.18953800201416,1449100,0.015503829676216333
2019-01-10,5.2390570640563965,693200,0.009542094503020697
2019-01-11,5.328190803527832,703400,0.017013317164066694
2019-01-14,5.268767833709717,436400,-0.011152560411081914
2019-01-15,5.387612342834473,877600,0.022556414113445184
2019-01-16,5.516360282897949,1673300,0.023897031165338277
2019-01-17,5.565878868103027,651900,0.008976677132310902
2019-01-18,5.605493545532227,877000,0.007117416380766612
2019-01-22,5.456938743591309,693800,-0.026501645347414827
2019-01-23,5.437130451202393,543900,-0.0036299275692216813
2019-01-24,5.417323589324951,692200,-0.003642888846461505
2019-01-25,5.694626808166504,696900,0.05118823239357339
2019-01-28,5.625301361083984,572000,-0.012173834988291395
2019-01-29,5.664916038513184,413800,0.007042232031025899
2019-01-30,5.952123641967773,650000,0.05069935750185813
2019-01-31,5.932315349578857,993200,-0.0033279369818949847
2019-02-01,5.922412395477295,530500,-0.0016693236144746627
2019-02-04,5.962027072906494,513300,0.006688942745603351
2019-02-05,6.011545658111572,444400,0.008305662587496062
2019-02-06,6.011545658111572,442400,0.0
2019-02-07,5.932315349578857,662900,-0.01317969005621821
2019-02-08,5.932315349578857,386800,0.0
2019-02-11,5.932315349578857,765500,0.0
2019-02-12,5.882797718048096,549400,-0.00834710034999691
2019-02-13,5.694626808166504,890600,-0.03198663610416077
2019-02-14,5.684722900390625,431400,-0.0017391671323704638
2019-02-15,5.922412395477295,633900,0.041811975579379095
2019-02-19,6.288848876953125,1196800,0.0618728411678428
2019-02-20,6.526538372039795,2165600,0.03779538986184507
2019-02-21,6.288848876953125,1119200,-0.03641892248806051
2019-02-22,6.813745021820068,1237500,0.08346458233247442
2019-02-25,6.694901466369629,763900,-0.01744173799721879
2019-02-26,6.823648929595947,655900,0.019230673352408998
2019-02-27,6.823648929595947,911200,0.0
2019-02-28,6.655285835266113,795200,-0.02467346958598636
2019-03-01,6.744419574737549,909100,0.0133929243127499
2019-03-04,6.823648929595947,903500,0.011747394120491318
2019-03-05,6.9623003005981445,1178900,0.0203192415718854
2019-03-06,6.675093173980713,887500,-0.04125175792729841
2019-03-07,6.556248664855957,858400,-0.01780417232047153
2019-03-08,6.5463457107543945,690300,-0.0015104604184167367
2019-03-11,6.615671634674072,1657400,0.010590018765093401
2019-03-12,6.764226913452148,846500,0.022455056263595057
2019-03-13,6.823648929595947,822000,0.008784746121633666
2019-03-14,6.5859599113464355,787500,-0.0348331253119709
2019-03-15,6.813745021820068,1049900,0.034586470847051416
2019-03-18,6.952397346496582,845600,0.020348915938665
2019-03-19,7.02172327041626,711200,0.00997151348874099
2019-03-20,6.942493915557861,711600,-0.011283463019997594
2019-03-21,6.932589530944824,958300,-0.001426632091220385
2019-03-22,6.684997081756592,721700,-0.035714280801287926
2019-03-25,6.8038411140441895,785900,0.017777723884416334
2019-03-26,7.061337471008301,1041500,0.037845733409705686
2019-03-27,6.932589530944824,1138000,-0.01823279804882239
2019-03-28,6.843456268310547,675800,-0.012857138337184895
2019-03-29,7.07124137878418,792400,0.033285097696674024
2019-04-01,7.279218673706055,677500,0.029411709172574498
2019-04-02,7.36835241317749,797900,0.01224495972258724
2019-04-03,7.289123058319092,960700,-0.01075265546700853
2019-04-04,7.279218673706055,991400,-0.0013587896011349697
2019-04-05,7.328737735748291,684900,0.006802799072530786
2019-04-08,7.437678813934326,586400,0.014864917004007359
2019-04-09,7.4079670906066895,643400,-0.003994757513859359
2019-04-10,7.427774906158447,701100,0.0026738530705507782
2019-04-11,7.318833827972412,629800,-0.014666717767081356
2019-04-12,7.576330184936523,1106500,0.035182703012051765
2019-04-15,7.249508380889893,1262700,-0.04313721763294152
2019-04-16,7.3980631828308105,1060100,0.020491707042165328
2019-04-17,7.487196922302246,959900,0.012048253342617334
2019-04-18,7.199989318847656,899100,-0.038359830312340186
2019-04-22,6.922685623168945,1337400,-0.038514459313544205
2019-04-23,6.932589530944824,1357500,0.001430645318159814
2019-04-24,6.774130821228027,918500,-0.022857073682134035
2019-04-25,6.526538372039795,1178700,-0.03654969998694953
2019-04-26,6.744419574737549,1004800,0.03338388442350606
2019-04-29,6.556248664855957,921800,-0.02790023778864829
2019-04-30,6.576056003570557,813600,0.003021139027379277
2019-05-01,6.387886047363281,1023900,-0.02861440901736634
2019-05-02,6.338367462158203,1019500,-0.0077519518723283805
2019-05-03,6.536441326141357,785100,0.03124998119243003
2019-05-06,6.467116355895996,994400,-0.010605919457749616
2019-05-07,5.724338531494141,2170000,-0.11485456322811842
2019-05-08,5.6153974533081055,1052900,-0.019031208162596187
2019-05-09,5.397516250610352,1257000,-0.038800673417942515
2019-05-10,5.328190803527832,1372000,-0.012843953378497046
2019-05-13,5.040982723236084,1693500,-0.053903490111800345
2019-05-14,5.001368522644043,1106800,-0.007858428161128568
2019-05-15,5.001368522644043,952700,0.0
2019-05-16,5.120212554931641,1203200,0.023762302607680887
2019-05-17,4.9617533683776855,1039700,-0.030947775088229837
2019-05-20,4.852813243865967,508400,-0.021955973306939727
2019-05-21,4.84290885925293,1636500,-0.0020409572994708604
2019-05-22,4.625027656555176,1058200,-0.04498973840514612
2019-05-23,4.516087055206299,1008000,-0.023554583764374363
2019-05-24,4.694353103637695,755900,0.03947356334193897
2019-05-28,4.8032941818237305,904300,0.023206835059257847
2019-05-29,4.833005428314209,795600,0.006185597917968383
2019-05-30,4.813197612762451,698200,-0.004098446783385248
2019-05-31,4.852813243865967,604800,0.008230626350863439
2019-06-03,4.932042598724365,909000,0.016326479276437354
2019-06-04,4.9617533683776855,741000,0.006024029407411196
2019-06-05,4.743871688842773,783900,-0.043912234921533705
2019-06-06,4.833005428314209,566600,0.018789239110550006
2019-06-07,4.932042598724365,691400,0.02049183926629712
2019-06-10,5.060790538787842,1088900,0.02610438524938455
2019-06-11,5.219249248504639,877900,0.03131105871746884
2019-06-12,5.169731140136719,568800,-0.009487592182363641
2019-06-13,5.18953800201416,751700,0.003831313726097871
2019-06-14,5.120212554931641,709600,-0.013358693405003102
2019-06-17,5.110308647155762,526100,-0.0019342766866855456
2019-06-18,5.417323589324951,911600,0.060077573267529424
2019-06-19,5.229153633117676,830800,-0.034734856263353306
2019-06-20,5.387612342834473,692200,0.03030293635154149
2019-06-21,5.456938743591309,743100,0.012867741096673388
2019-06-24,5.595590114593506,676300,0.02540826963927917
2019-06-25,5.437130451202393,736500,-0.028318668834917807
2019-06-26,5.397516250610352,955200,-0.00728586539307339
2019-06-27,5.347998142242432,848500,-0.009174239792667675
2019-06-28,5.357901096343994,538100,0.001851712330141192
2019-07-01,5.3380937576293945,395100,-0.003696846649169262
2019-07-02,5.417323589324951,1000400,0.014842345468795586
2019-07-03,5.318286418914795,311600,-0.018281568153933593
2019-07-05,5.18953800201416,593100,-0.024208627884864106
2019-07-08,5.050886631011963,606300,-0.026717478694323848
2019-07-09,4.763679504394531,845400,-0.05686271492494154
2019-07-10,4.9716572761535645,1474700,0.0436590605155473
2019-07-11,5.080597877502441,897500,0.021912331300753162
2019-07-12,4.852813243865967,929600,-0.04483421816261725
2019-07-15,4.833005428314209,725000,-0.004081718079053466
2019-07-16,5.031079292297363,1200600,0.04098357986993697
2019-07-17,5.14001989364624,1553700,0.021653525023083257
2019-07-18,5.100405693054199,1209300,-0.00770701308783056
2019-07-19,5.4074201583862305,1994000,0.06019412646921943
2019-07-22,5.268767833709717,730500,-0.025641122867340223
2019-07-23,5.199442386627197,753900,-0.013157810188365765
2019-07-24,5.199442386627197,483300,0.0
2019-07-25,4.872620105743408,879800,-0.0628571790168049
2019-07-26,4.833005428314209,578500,-0.008130056636778432
2019-07-29,4.862716197967529,565300,0.006147472849763313
2019-07-30,4.932042598724365,824700,0.01425672359530509
2019-07-31,4.8032941818237305,954700,-0.02610448193086056
2019-08-01,3.7733094692230225,2979200,-0.21443298569933522
2019-08-02,3.644561529159546,1158300,-0.03412069460870051
2019-08-05,3.7832131385803223,804300,0.038043426708932564
2019-08-06,3.644561529159546,1515300,-0.03664916681717974
2019-08-07,3.575235366821289,1132100,-0.019021811480911886
2019-08-08,3.5158133506774902,1289600,-0.016620448738912098
2019-08-09,3.3771615028381348,2084700,-0.03943663500015936
2019-08-12,3.367257833480835,1715000,-0.0029325424173457073
2019-08-13,3.4464874267578125,954100,0.023529410931706272
2019-08-14,3.139472723007202,880000,-0.0890804653361019
2019-08-15,3.2682206630706787,1316300,0.04100941509061845
2019-08-16,3.2385096549987793,922200,-0.009090881900239942
2019-08-19,3.248413324356079,691600,0.0030580947449123904
2019-08-20,3.109761953353882,731700,-0.042682798387327026
2019-08-21,3.1196651458740234,441500,0.0031845500294519317
2019-08-22,3.1295690536499023,416700,0.003174670136946435
2019-08-23,3.030531883239746,767500,-0.03164562555175218
2019-08-26,3.040435552597046,417800,0.0032679640864601072
2019-08-27,2.981013536453247,470900,-0.01954391570413074
2019-08-28,3.149376630783081,914000,0.05647847360336014
2019-08-29,3.1691837310791016,1031100,0.006289212951674041
2019-08-30,3.3276429176330566,700800,0.05
2019-09-03,3.20879864692688,432200,-0.035714249890342914
2019-09-04,3.307835817337036,643300,0.03086425211036716
2019-09-05,3.4448347091674805,768800,0.04141647270169984
2019-09-06,3.4646897315979004,498900,0.005763708307275597
2019-09-09,3.484544515609741,650000,0.00573060953503732
2019-09-10,3.722804307937622,731700,0.06837616545305897
2019-09-11,3.693021535873413,576300,-0.008000090684516317
2019-09-12,3.8816440105438232,924000,0.05107537901909371
2019-09-13,3.931281328201294,760400,0.01278770477731585
2019-09-16,3.941208839416504,571100,0.0025252609483819776
2019-09-17,3.8220789432525635,609400,-0.03022674032710675
2019-09-18,3.6731667518615723,571000,-0.038961045442004384
2019-09-19,3.8022239208221436,589400,0.03513512390777378
2019-09-20,3.891571283340454,1050800,0.023498711380204887
2019-09-23,3.722804307937622,719600,-0.04336730927307222
2019-09-24,3.8220789432525635,697900,0.026666627387120993
2019-09-25,3.9511361122131348,943000,0.033766222748592555
2019-09-26,3.6235296726226807,889300,-0.08291449099356721
2019-09-27,3.6235296726226807,666200,0.0
2019-09-30,3.5838193893432617,483000,-0.010959005960251175
2019-10-01,3.2760677337646484,877000,-0.08587253489775026
2019-10-02,3.2859950065612793,573000,0.0030302403989746177
2019-10-03,3.2661402225494385,493700,-0.006042244121550997
2019-10-04,3.315777540206909,355400,0.01519754642338212
2019-10-07,3.2363576889038086,770300,-0.023952104850238135
2019-10-08,3.2462854385375977,577800,0.003067568726357841
2019-10-09,3.186720609664917,687800,-0.01834861105113225
2019-10-10,3.395197629928589,1000900,0.06542055165783522
2019-10-11,3.524254560470581,831500,0.038011610695164934
2019-10-14,3.4349074363708496,193900,-0.02535206312900429
2019-10-15,3.4150524139404297,877800,-0.005780366079208742
2019-10-16,3.36541485786438,501300,-0.014534932428394539
2019-10-17,3.4646897315979004,687000,0.02949855453972715
2019-10-18,3.5738918781280518,620900,0.03151859329111926
2019-10-21,3.563964366912842,426200,-0.002777787228529654
2019-10-22,3.5043997764587402,775100,-0.016713015148829134
2019-10-23,3.6632394790649414,602700,0.04532579406985112
2019-10-24,3.563964366912842,543100,-0.02710036095631947
2019-10-25,3.693021535873413,502600,0.036211688915499037
2019-10-28,3.8022239208221436,757700,0.029569929091383895
2019-10-29,3.8717164993286133,683900,0.018276824288518904
2019-10-30,3.6334569454193115,588800,-0.061538481433394694
2019-10-31,3.6136019229888916,466500,-0.005464499161177922
2019-11-01,3.7823691368103027,648500,0.04670332189822945
2019-11-04,3.8816440105438232,462200,0.026246743811271598
2019-11-05,3.9610636234283447,1733800,0.020460303074880556
2019-11-06,3.7724413871765137,713400,-0.04761908774607776
2019-11-07,3.8518614768981934,667100,0.021052703427453835
2019-11-08,3.732731580734253,545700,-0.030927876528901742
2019-11-11,3.6334569454193115,660200,-0.0265957069689467
2019-11-12,3.34555983543396,1322200,-0.07923504098439989
2019-11-13,3.36541485786438,642200,0.005934738401665586
2019-11-14,3.33563232421875,496500,-0.008849587615040495
2019-11-15,3.4944722652435303,1283500,0.04761913951711771
2019-11-18,3.4150524139404297,665100,-0.022727280480380578
2019-11-19,3.4150524139404297,590100,0.0
2019-11-20,3.4448347091674805,1039700,0.00872088964300455
2019-11-21,3.34555983543396,434700,-0.028818472325922554
2019-11-22,3.196647882461548,826300,-0.04451032421995119
2019-11-25,3.2959227561950684,851100,0.031055930269390464
2019-11-26,3.2959227561950684,568700,0.0
2019-11-27,3.2859950065612793,477000,-0.0030121305528561636
2019-11-29,3.2562127113342285,218600,-0.009063402460315145
2019-12-02,3.196647882461548,595500,-0.01829267131884454
2019-12-03,3.137083053588867,623200,-0.018633528328060124
2019-12-04,3.534182071685791,2220800,0.12658224577211527
2019-12-05,3.4349074363708496,864900,-0.028089847467192824
2019-12-06,3.524254560470581,898100,0.026011508535476322
2019-12-09,3.5043997764587402,1157600,-0.005633754222677287
2019-12-10,3.6334569454193115,937300,0.03682718216897785
2019-12-11,3.8419339656829834,1207800,0.057377044339688196
2019-12-12,3.941208839416504,1061800,0.025839817815783917
2019-12-13,3.901498794555664,1353900,-0.010075600273625418
2019-12-16,3.9809188842773438,908500,0.020356302514435282
2019-12-17,3.8617892265319824,771500,-0.029925165824368948
2019-12-18,3.9511361122131348,816800,0.02313613727732854
2019-12-19,3.9908461570739746,756400,0.010050285217483234
2019-12-20,3.8220789432525635,668800,-0.04228857920826209
2019-12-23,3.9809188842773438,754300,0.04155851916800247
2019-12-24,4.050410747528076,585500,0.017456236931928163
2019-12-26,4.139758110046387,337200,0.02205883997637482
2019-12-27,4.070265769958496,845100,-0.016786570190960252
2019-12-30,4.139758110046387,974400,0.017073170160237284
2019-12-31,4.119903564453125,697500,-0.004796064181885073
