Date,Adj Close,Volume,LogReturn
2019-01-02,16.04530143737793,2200,
2019-01-03,15.762958526611328,600,-0.01759660994020821
2019-01-04,16.366994857788086,1100,0.038319984802155774
2019-01-07,16.768373489379883,1800,0.024523660884563942
2019-01-08,17.05366325378418,500,0.017013562143339836
2019-01-09,17.167783737182617,1700,0.006691845716674061
2019-01-10,17.304527282714844,1200,0.00796512512189109
2019-01-11,17.308462142944336,1500,0.000227389062134199
2019-01-14,17.15302848815918,700,-0.008980211731203261
2019-01-15,17.427499771118164,500,0.016001330794060842
2019-01-16,17.516036987304688,200,0.005080316588685447
2019-01-17,17.67344093322754,1200,0.008986276178620491
2019-01-18,17.902660369873047,1500,0.01296971186943886
2019-01-22,17.56129264831543,200,-0.019067988472376854
2019-01-23,17.55145263671875,1400,-0.0005603238778452674
2019-01-24,17.693119049072266,400,0.008071492159978856
2019-01-25,18.00300407409668,1000,0.017514437345102406
2019-01-28,17.89085578918457,800,-0.006229420626164944
2019-01-29,17.757061004638672,800,-0.007478389302471513
2019-01-30,18.046289443969727,3100,0.016288080513746032
2019-01-31,18.252883911132812,800,0.011448030233834063
2019-02-01,18.30501937866211,500,0.002856286589183771
2019-02-04,18.532270431518555,500,0.012414685183089646
2019-02-05,18.5932674407959,200,0.003291394300700672
2019-02-06,18.6424560546875,2500,0.0026455067162469647
2019-02-07,18.445701599121094,1800,-0.010554105906927102
2019-02-08,18.632617950439453,2200,0.010133328369969165
2019-02-11,18.747718811035156,2700,0.006177385319757949
2019-02-12,18.935617446899414,3400,0.010022479948528893
2019-02-13,18.95726203918457,800,0.0011430623979309645
2019-02-14,19.035964965820312,1900,0.004151597760956388
2019-02-15,19.158935546875,3400,0.0064599079308816304
2019-02-19,19.226816177368164,5400,0.003543027237973877
2019-02-20,19.12942123413086,1000,-0.0050655783224238665
2019-02-21,19.033994674682617,100,-0.004988470810501125
2019-02-22,19.330110549926758,2400,0.015557211205801611
2019-02-25,19.410781860351562,500,0.004173349666906605
2019-02-26,19.350770950317383,1500,-0.0030916276565220637
2019-02-27,19.478660583496094,100,0.006609020049230305
2019-02-28,19.496368408203125,4200,0.0009090884165841855
2019-03-01,19.527849197387695,400,0.0016147001598166726
2019-03-04,19.281906127929688,1800,-0.012594478120555561
2019-03-05,19.286823272705078,1900,0.0002550134173855447
2019-03-06,19.040882110595703,500,-0.012751771436482939
2019-03-07,18.871673583984375,1000,-0.008886590738207892
2019-03-08,18.789037704467773,300,-0.004378831540766542
2019-03-11,19.139259338378906,100,0.018639679126720522
2019-03-12,19.252391815185547,400,0.005911016450870817
2019-03-13,19.375362396240234,8900,0.0063872885112224356
2019-03-14,19.414716720581055,100,0.002031152942380937
2019-03-15,19.391103744506836,900,-0.0012162410821676952
2019-03-18,19.478660583496094,1900,0.004515309708147023
2019-03-19,19.480627059936523,1400,0.0001009554241165764
2019-03-20,19.46980857849121,5900,-0.0005553456473463104
2019-03-21,19.81806182861328,2300,0.01788683482521726
2019-03-22,19.272069931030273,200,-0.027550216681366174
2019-03-25,19.242555618286133,1400,-0.001531455253626864
2019-03-26,19.368480682373047,400,0.00654409250958578
2019-03-27,19.217960357666016,1300,-0.0077714058823425145
2019-03-28,19.38224983215332,100,0.008548746663522483
2019-03-29,19.51899528503418,2600,0.0070551898806923636
2019-04-01,19.781660079956055,100,0.01345688090427832
2019-04-02,19.822980880737305,300,0.002088843940004746
2019-04-03,19.926273345947266,4600,0.005210743320159981
2019-04-04,19.76887321472168,1200,-0.007899125365436131
2019-04-05,19.960710525512695,400,0.009704008352289717
2019-04-08,19.945951461791992,3800,-0.0007394057291617396
2019-04-09,19.7747745513916,200,-0.008582037850051585
2019-04-10,19.96562957763672,900,0.009651438793859029
2019-04-11,19.9410343170166,2400,-0.0012318800428745842
2019-04-12,19.988252639770508,200,0.002367897371983994
2019-04-15,19.99022102355957,1200,9.847703171141725e-05
2019-04-16,19.911518096923828,5500,-0.003937071358189911
2019-04-17,19.58687400817871,1000,-0.016304336372788778
2019-04-18,19.577035903930664,6500,-0.0005022804682329027
2019-04-22,19.665576934814453,1200,0.0045226984982957436
2019-04-23,19.9410343170166,3500,0.014007083703427967
2019-04-24,19.99907684326172,100,0.0029107079062386863
2019-04-25,19.9420166015625,700,-0.0028531437799062228
2019-04-26,20.05613136291504,0,0.005722328069047837
2019-04-29,20.20566749572754,9200,0.00745588120194511
2019-04-30,20.048261642456055,1300,-0.007790183289157244
2019-05-01,19.993173599243164,200,-0.002747771562210216
2019-05-02,19.86233139038086,100,-0.006544344158911203
2019-05-03,20.06793975830078,100,0.01035167342034662
2019-05-06,20.01973533630371,400,-0.0024020613265560223
2019-05-07,19.589824676513672,200,-0.02147434282062864
2019-05-08,19.579988479614258,1200,-0.0005021074492415811
2019-05-09,19.39897346496582,100,-0.00924489893530334
2019-05-10,19.451112747192383,1500,0.0026877340865858216
2019-05-13,18.863801956176758,800,-0.030194200128750924
2019-05-14,19.044816970825195,100,0.00959589244357848
2019-05-15,19.198284149169922,100,0.008058212298906487
2019-05-16,19.41274642944336,400,0.011170908744087436
2019-05-17,19.270099639892578,100,-0.0073480993567416365
2019-05-20,19.05367088317871,100,-0.01123132525302675
2019-05-21,19.245506286621094,1100,0.010068159811227885
2019-05-22,19.261245727539062,600,0.0008178242070415339
2019-05-23,18.95726203918457,200,-0.015782140607856262
2019-05-24,19.069412231445312,1100,0.005915948834221327
2019-05-28,18.95037841796875,200,-0.006242133319677083
2019-05-29,18.700498580932617,1600,-0.013186007768541274
2019-05-30,18.730993270874023,400,0.0016306886048749103
2019-05-31,18.527353286743164,2100,-0.01087181983282818
2019-06-03,18.278459548950195,800,-0.013433852852099448
2019-06-04,18.870689392089844,100,0.03240042420170263
2019-06-05,19.073348999023438,1000,0.010739385441771087
2019-06-06,19.1756591796875,16200,0.005364038621078072
2019-06-07,19.392086029052734,17400,0.011286540261129184
2019-06-10,19.483579635620117,1100,0.004718089968779501
2019-06-11,19.390119552612305,100,-0.0047968640648019135
2019-06-12,19.355688095092773,200,-0.0017757217755211068
2019-06-13,19.483579635620117,700,0.00660743962699874
2019-06-14,19.355688095092773,1300,-0.0065640679443489365
2019-06-17,19.478660583496094,400,0.006353299753497133
2019-06-18,19.64098358154297,100,0.008333375765293033
2019-06-19,19.790515899658203,100,0.007613280541395744
2019-06-20,19.881023406982422,1000,0.004573276805067112
2019-06-21,19.684268951416016,0,-0.009896595941701072
2019-06-24,19.473743438720703,200,-0.010695114622489857
2019-06-25,19.181560516357422,700,-0.015003942271433958
2019-06-26,19.139259338378906,1200,-0.0022053043047484343
2019-06-27,19.405370712280273,300,0.013903953606383745
2019-06-28,19.528568267822266,500,0.006348631900344437
2019-07-01,19.650781631469727,1000,0.006258183496679329
2019-07-02,19.69809341430664,1900,0.0024076285475152118
2019-07-03,19.88239860534668,100,0.009356498985134215
2019-07-05,19.94843292236328,100,0.0033212450030472647
2019-07-08,19.851844787597656,200,-0.004841890846340338
2019-07-09,19.982927322387695,800,0.006603040482763206
2019-07-10,20.136682510375977,12800,0.007694327538089126
2019-07-11,20.16822052001953,300,0.0015661968960032947
2019-07-12,20.263822555541992,100,0.004740231565177688
2019-07-15,20.303247451782227,500,0.0019455804121938476
2019-07-16,20.163293838500977,500,-0.0068931639440253595
2019-07-17,20.18300437927246,100,0.0009775456792603951
2019-07-18,20.201730728149414,100,0.0009278276179826185
2019-07-19,20.074588775634766,100,-0.0062936168304375435
2019-07-22,20.118938446044922,1800,0.0022092442792145763
2019-07-23,20.15540885925293,200,0.001812740433885931
2019-07-24,20.369281768798828,1000,0.01061119181651896
2019-07-25,20.21552848815918,600,-0.007548291706345973
2019-07-26,20.478681564331055,200,0.013017373071696413
2019-07-29,20.20961570739746,0,-0.013138827130465365
2019-07-30,20.13569450378418,400,-0.003657724356738925
2019-07-31,19.920835494995117,200,-0.010670553665217915
2019-08-01,19.694150924682617,300,-0.011379270230380243
2019-08-02,19.411283493041992,300,-0.01436301736096214
2019-08-05,18.800214767456055,300,-0.031480078368077834
2019-08-06,18.98944854736328,200,0.010065511604409862
2019-08-07,19.033802032470703,200,0.0023356910547873934
2019-08-08,19.468446731567383,200,0.0228354113568691
2019-08-09,19.285125732421875,1100,-0.009416313570011697
2019-08-12,18.98846435546875,100,-0.015382911217134674
2019-08-13,19.210222244262695,200,0.0116785583416638
2019-08-14,18.601125717163086,500,-0.03170689643018167
2019-08-15,18.55282974243164,100,-0.0025964006407893404
2019-08-16,18.835697174072266,100,0.015246592329454038
2019-08-19,19.000289916992188,100,0.008738340895949806
2019-08-20,18.940168380737305,100,-0.0031642430993179425
2019-08-21,19.139259338378906,100,0.010511572739980643
2019-08-22,19.09786605834961,1800,-0.0021627420004855257
2019-08-23,18.601125717163086,100,-0.026010253693728676
2019-08-26,18.788387298583984,1100,0.010067217665655251
2019-08-27,18.68982696533203,1600,-0.005245811238912521
2019-08-28,18.740093231201172,200,0.002689498729034789
2019-08-29,18.939184188842773,100,0.01062379760790766
2019-08-30,18.899761199951172,100,-0.0020815568663631228
2019-09-03,18.685884475708008,100,-0.011316371777423125
2019-09-04,18.870193481445312,100,0.009863541968104843
2019-09-05,19.1422176361084,500,0.014415546662548103
2019-09-06,19.073225021362305,100,-0.003604212221260687
2019-09-09,18.925384521484375,100,-0.007751206191524824
2019-09-10,18.858366012573242,100,-0.0035411966840120167
2019-09-11,19.04266929626465,1100,0.00977302506317502
2019-09-12,19.12250328063965,0,0.004192373618054691
2019-09-13,18.991418838500977,1500,-0.006854983378216322
2019-09-16,19.123489379882812,0,0.006954221930701228
2019-09-17,19.191495895385742,0,0.0035561771260463567
2019-09-18,18.997333526611328,200,-0.010117104462977115
2019-09-19,18.97959327697754,100,-0.0009338284032829474
2019-09-20,18.86723518371582,0,-0.005919942098970603
2019-09-23,18.810070037841797,2100,-0.0030298634281806314
2019-09-24,18.453285217285156,0,-0.018967756092288155
2019-09-25,18.590282440185547,1200,0.007424001812537184
2019-09-26,18.497636795043945,3000,-0.004983552317706308
2019-09-27,18.271936416625977,1700,-0.01220157909460307
2019-09-30,18.444416046142578,2900,0.009439592256880838
2019-10-01,18.253210067749023,300,-0.01036660515113153
2019-10-02,17.9703426361084,200,-0.015496859488864036
2019-10-03,18.19308853149414,100,0.0123951946769324
2019-10-04,18.44342803955078,100,0.013760143453558022
2019-10-07,18.46807098388672,200,0.0013361368766745662
2019-10-08,18.075803756713867,0,-0.021240292368114807
2019-10-09,18.251237869262695,5200,0.009705466761535674
2019-10-10,18.293621063232422,200,0.0023222092809992365
2019-10-11,18.597183227539062,700,0.016593880635078717
2019-10-14,18.541004180908203,100,-0.0030208363247004187
2019-10-15,18.763750076293945,100,0.01201369101761517
2019-10-16,18.598169326782227,0,-0.008824501969940054
2019-10-17,18.764734268188477,100,0.008955985854284526
2019-10-18,18.52326202392578,100,-0.012868407343879042
2019-10-21,18.708555221557617,100,0.010003270341503558
2019-10-22,18.590282440185547,0,-0.006321855427712888
2019-10-23,18.627737045288086,100,0.0020147410467296393
2019-10-24,18.795286178588867,100,0.008994604813962791
2019-10-25,18.9825496673584,200,0.009963322026075732
2019-10-28,19.165870666503906,600,0.009657343315726388
2019-10-29,19.007190704345703,600,-0.008279298390316662
2019-10-30,19.133346557617188,400,0.006637269822448868
2019-10-31,18.94115447998047,200,-0.010044875163785974
2019-11-01,19.164884567260742,2100,0.011811850619598776
2019-11-04,19.100820541381836,0,-0.00334278172425554
2019-11-05,19.070268630981445,500,-0.0015995077454499956
2019-11-06,19.011131286621094,200,-0.0031010231426041573
2019-11-07,18.8879337310791,0,-0.006480285348862501
2019-11-08,19.083080291748047,0,0.010331810956528395
2019-11-11,19.197410583496094,300,0.0059911864332240885
2019-11-12,19.251619338989258,0,0.002823753508703253
2019-11-13,19.298927307128906,500,0.0024573500704867034
2019-11-14,19.40142822265625,600,0.005311223463154894
2019-11-15,19.602489471435547,100,0.010363218958514879
2019-11-18,19.717803955078125,600,0.005882644845217882
2019-11-19,19.817350387573242,100,0.005048555747988355
2019-11-20,19.81439208984375,100,-0.00014927816643678214
2019-11-21,19.733572006225586,300,-0.004078857592587459
2019-11-22,19.798622131347656,0,0.0032964191734546674
2019-11-25,20.06670379638672,200,0.013540420300996708
2019-11-26,20.198772430419922,200,0.006581481212523995
2019-11-27,20.23524284362793,5900,0.0018055757266259578
2019-11-29,20.17708969116211,100,-0.0028738549329608227
2019-12-02,19.744415283203125,4500,-0.0214438461929672
2019-12-03,19.716815948486328,100,-0.0013978299342334057
2019-12-04,19.863670349121094,300,0.007448180325791382
2019-12-05,19.785810470581055,300,-0.003919712579376556
2019-12-06,19.93266487121582,100,0.007422207993608306
2019-12-09,19.869585037231445,200,-0.0031646462925018493
2019-12-10,19.765113830566406,100,-0.005257845418979907
2019-12-11,19.688236236572266,0,-0.0038895598908846533
2019-12-12,19.709917068481445,100,0.0011012074240000249
2019-12-13,19.749343872070312,100,0.0020003536012800096
2019-12-16,19.943504333496094,200,0.009831236049333497
2019-12-17,19.88042640686035,100,-0.0031628306430480082
2019-12-18,19.95040512084961,2200,0.0035199805354833593
2019-12-19,20.02826499938965,100,0.0039026715532041946
2019-12-20,20.175119400024414,900,0.007332357577615482
2019-12-23,20.164278030395508,100,-0.0005373633441244036
2019-12-24,20.219470977783203,45700,0.0027371645691701835
2019-12-26,20.3012752532959,1300,0.004045816807105408
2019-12-27,20.21454429626465,100,-0.004272192556828138
2019-12-30,19.995981216430664,900,-0.010812169526590398
2019-12-31,20.11762237548828,700,0.006083280322231191
