Date,Adj Close,Volume,LogReturn
2019-01-02,14.25,32100,
2019-01-03,13.359999656677246,26400,-0.06245616444370203
2019-01-04,15.510000228881836,63000,0.16092819067776193
2019-01-07,16.639999389648438,128900,0.07285616660806889
2019-01-08,16.149999618530273,45800,-0.02944710270981065
2019-01-09,18.020000457763672,73500,0.11578952838412372
2019-01-10,19.450000762939453,108400,0.07935628572970901
2019-01-11,17.799999237060547,53000,-0.08483298000804519
2019-01-14,18.100000381469727,44300,0.016853997599312324
2019-01-15,19.59000015258789,52100,0.08232042760858635
2019-01-16,19.93000030517578,45600,0.01735580142621774
2019-01-17,19.760000228881836,40900,-0.008529858188200661
2019-01-18,21.299999237060547,73500,0.07793517157594969
2019-01-22,19.989999771118164,114300,-0.06150232454764942
2019-01-23,20.670000076293945,58700,0.03401702416016309
2019-01-24,20.780000686645508,35500,0.00532175181158902
2019-01-25,22.989999771118164,98400,0.10635221421782416
2019-01-28,21.489999771118164,173400,-0.06524575967523137
2019-01-29,21.43000030517578,61900,-0.002791971455626541
2019-01-30,20.889999389648438,28800,-0.025198362474914315
2019-01-31,20.850000381469727,61900,-0.0019147443440583121
2019-02-01,22.200000762939453,74600,0.06474821855013148
2019-02-04,21.260000228881836,94700,-0.042342364943826864
2019-02-05,20.899999618530273,115000,-0.016933236428779506
2019-02-06,20.5,46200,-0.019138738078044143
2019-02-07,20.3799991607666,24800,-0.005853699474799924
2019-02-08,21.25,66000,0.04268895363392513
2019-02-11,19.6299991607666,37100,-0.07623533361098346
2019-02-12,20.59000015258789,37100,0.04890479026305769
2019-02-13,19.799999237060547,28500,-0.038368184054046794
2019-02-14,20.1200008392334,38000,0.01616169770218426
2019-02-15,20.079999923706055,30700,-0.0019881169909964995
2019-02-19,18.799999237060547,74800,-0.06374505435801144
2019-02-20,17.15999984741211,110500,-0.08723401362780363
2019-02-21,18.5,128400,0.07808858767501535
2019-02-22,18.489999771118164,62000,-0.0005405529125316723
2019-02-25,18.1299991607666,44900,-0.01947001702584617
2019-02-26,18.299999237060547,19200,0.009376728304644725
2019-02-27,18.860000610351562,34800,0.03060116921518333
2019-02-28,18.670000076293945,30800,-0.010074259168015767
2019-03-01,18.1200008392334,25100,-0.02945898418923432
2019-03-04,17.920000076293945,38600,-0.01103756918743689
2019-03-05,18.450000762939453,31000,0.02957593104849572
2019-03-06,18.110000610351562,32000,-0.01842819179015155
2019-03-07,20.0,57200,0.10436219359198286
2019-03-08,20.25,45300,0.0125
2019-03-11,24.200000762939453,121400,0.1950617660710841
2019-03-12,27.530000686645508,245900,0.1376032982943417
2019-03-13,24.889999389648438,383100,-0.09589543157104624
2019-03-14,28.25,173700,0.13499400131560313
2019-03-15,30.25,173100,0.07079646017699115
2019-03-18,29.790000915527344,94300,-0.015206581304881199
2019-03-19,29.350000381469727,64500,-0.014770074539617659
2019-03-20,28.969999313354492,36400,-0.012947225321167287
2019-03-21,30.200000762939453,51400,0.0424577659212425
2019-03-22,28.969999313354492,55600,-0.04072852379177362
2019-03-25,32.36000061035156,206200,0.11701765196226149
2019-03-26,33.209999084472656,347600,0.02626694864304761
2019-03-27,33.29999923706055,175900,0.0027100317696175493
2019-03-28,31.0,221000,-0.06906904774042187
2019-03-29,31.940000534057617,302300,0.03032259787282636
2019-04-01,33.75,205100,0.05666873624539801
2019-04-02,35.790000915527344,148000,0.060444471571180554
2019-04-03,34.0,273300,-0.05001399468393864
2019-04-04,36.279998779296875,124900,0.06705878762637868
2019-04-05,36.43000030517578,166800,0.00413455156907294
2019-04-08,35.25,127500,-0.032390894737602656
2019-04-09,34.81999969482422,85500,-0.01219859021775266
2019-04-10,34.349998474121094,113600,-0.013498024836944148
2019-04-11,35.65999984741211,87500,0.038136868456572305
2019-04-12,35.33000183105469,149700,-0.009254010593647555
2019-04-15,35.75,118600,0.011887861510840304
2019-04-16,35.11000061035156,88700,-0.017902080829326924
2019-04-17,34.880001068115234,147500,-0.006550827064597567
2019-04-18,32.849998474121094,153700,-0.058199613871280004
2019-04-22,31.149999618530273,343500,-0.05175034808388386
2019-04-23,32.08000183105469,154900,0.029855609114395668
2019-04-24,30.860000610351562,90700,-0.038029961068210306
2019-04-25,29.469999313354492,130500,-0.0450421668666725
2019-04-26,29.950000762939453,91400,0.01628779982249425
2019-04-29,29.450000762939453,149100,-0.01669449039275842
2019-04-30,28.260000228881836,86000,-0.04040748737620207
2019-05-01,29.350000381469727,113200,0.03857042263835179
2019-05-02,30.809999465942383,81000,0.049744431533106016
2019-05-03,35.900001525878906,360700,0.16520617163797915
2019-05-06,41.75,429600,0.16295259680989313
2019-05-07,41.13999938964844,337900,-0.014610793062312874
2019-05-08,48.560001373291016,334100,0.18035979809736175
2019-05-09,45.130001068115234,196200,-0.07063427117327782
2019-05-10,45.0,110700,-0.0028805908495109995
2019-05-13,42.86000061035156,179200,-0.0475555419921875
2019-05-14,44.70000076293945,127700,0.04293047425070482
2019-05-15,44.4900016784668,136500,-0.004697966015400282
2019-05-16,44.5,116200,0.00022473187583722483
2019-05-17,44.869998931884766,71100,0.008314582738983497
2019-05-20,42.369998931884766,105800,-0.05571651570117359
2019-05-21,39.060001373291016,256200,-0.07812125659750423
2019-05-22,39.560001373291016,164000,0.012800818802374566
2019-05-23,39.11000061035156,108600,-0.011375145281043183
2019-05-24,34.93000030517578,697800,-0.10687804244292
2019-05-28,31.940000534057617,432900,-0.08559976367005981
2019-05-29,33.810001373291016,165600,0.058547301439128556
2019-05-30,26.989999771118164,794900,-0.20171550799049856
2019-05-31,27.239999771118164,218800,0.009262689963692533
2019-06-03,25.600000381469727,166400,-0.06020555812879575
2019-06-04,28.8700008392334,331800,0.12773439097800268
2019-06-05,26.469999313354492,372400,-0.08313132858026737
2019-06-06,26.329999923706055,136100,-0.005288983501325813
2019-06-07,28.6299991607666,181200,0.08735280074914685
2019-06-10,26.190000534057617,192800,-0.08522524269063411
2019-06-11,25.889999389648438,107000,-0.011454797185630318
2019-06-12,27.34000015258789,99700,0.05600621078110975
2019-06-13,27.0,95200,-0.012435996733368987
2019-06-14,26.90999984741211,55700,-0.0033333389847366897
2019-06-17,26.200000762939453,61700,-0.026384209903328397
2019-06-18,27.360000610351562,46000,0.0442748020470655
2019-06-19,28.06999969482422,77200,0.025950258356501298
2019-06-20,27.43000030517578,66200,-0.02280012100486221
2019-06-21,27.190000534057617,44500,-0.008749535853008299
2019-06-24,26.540000915527344,55500,-0.02390583323880769
2019-06-25,26.020000457763672,41700,-0.019593083640756143
2019-06-26,26.850000381469727,55500,0.031898536091624276
2019-06-27,26.110000610351562,61800,-0.027560512499242566
2019-06-28,28.790000915527344,997700,0.1026426749340354
2019-07-01,30.059999465942383,133000,0.04411248732298891
2019-07-02,28.829999923706055,73500,-0.04091814917129
2019-07-03,28.690000534057617,35400,-0.004856031564999074
2019-07-05,30.290000915527344,88900,0.055768572732174816
2019-07-08,31.309999465942383,88100,0.03367443115170606
2019-07-09,32.2400016784668,69100,0.029703041468781527
2019-07-10,37.4900016784668,209700,0.1628411825892209
2019-07-11,41.040000915527344,170700,0.0946918932548239
2019-07-12,38.150001525878906,172500,-0.07041908687080502
2019-07-15,38.150001525878906,55200,0.0
2019-07-16,40.08000183105469,120100,0.05058978317121621
2019-07-17,39.25,86400,-0.020708627573254937
2019-07-18,40.25,51200,0.025477707006369428
2019-07-19,40.290000915527344,44600,0.0009938115658967392
2019-07-22,43.09000015258789,191000,0.06949613237614638
2019-07-23,45.38999938964844,151700,0.05337663562116311
2019-07-24,46.7400016784668,172900,0.029742284797788267
2019-07-25,46.599998474121094,94500,-0.002995361560078909
2019-07-26,47.720001220703125,93400,0.024034394490463667
2019-07-29,46.720001220703125,135600,-0.020955573646677824
2019-07-30,49.209999084472656,6400,0.053296185760075145
2019-07-31,49.09000015258789,203600,-0.0024385070944378286
2019-08-01,42.029998779296875,323700,-0.1438175056293788
2019-08-02,41.790000915527344,141000,-0.005710156334521459
2019-08-05,41.5099983215332,162100,-0.00670022942952614
2019-08-06,42.38999938964844,164600,0.021199737501765594
2019-08-07,45.9900016784668,146800,0.08492574523833264
2019-08-08,47.93000030517578,142300,0.04218305187880262
2019-08-09,47.83000183105469,59500,-0.0020863441160941386
2019-08-12,47.0,82800,-0.017353163271588888
2019-08-13,48.34000015258789,86600,0.028510641544423204
2019-08-14,45.209999084472656,81100,-0.06474971158947482
2019-08-15,47.27000045776367,80100,0.04556517175419545
2019-08-16,48.18000030517578,99300,0.0192511072265634
2019-08-19,48.36000061035156,78200,0.0037359963477718067
2019-08-20,49.810001373291016,81700,0.029983472800640894
2019-08-21,50.880001068115234,191800,0.021481623475681555
2019-08-22,54.59000015258789,119700,0.0729166471420848
2019-08-23,52.54999923706055,120900,-0.03736949825655268
2019-08-26,55.31999969482422,112700,0.05271171261616588
2019-08-27,54.0099983215332,144400,-0.023680429871975946
2019-08-28,52.959999084472656,64600,-0.0194408307663643
2019-08-29,54.06999969482422,52100,0.02095922638860097
2019-08-30,52.88999938964844,36200,-0.02182356781645655
2019-09-03,52.959999084472656,141700,0.0013234958523731615
2019-09-04,52.400001525878906,49100,-0.010573972210621426
2019-09-05,50.25,142200,-0.04103056227616864
2019-09-06,48.15999984741211,197900,-0.04159204283756996
2019-09-09,46.36000061035156,107300,-0.03737539955904444
2019-09-10,42.65999984741211,179200,-0.0798101965967898
2019-09-11,43.29999923706055,237400,0.015002329862578795
2019-09-12,43.689998626708984,133400,0.009006914469287941
2019-09-13,43.41999816894531,130700,-0.006179914539951773
2019-09-16,44.54999923706055,146500,0.02602489902736637
2019-09-17,46.279998779296875,83100,0.03883276255585578
2019-09-18,47.02000045776367,96400,0.015989665038578887
2019-09-19,47.5099983215332,162100,0.010421051871525994
2019-09-20,49.209999084472656,140600,0.035781957966707675
2019-09-23,47.880001068115234,48100,-0.027026987220105013
2019-09-24,44.36000061035156,120100,-0.07351713406931706
2019-09-25,44.0099983215332,66100,-0.007890042470754274
2019-09-26,41.849998474121094,92700,-0.04907975300592695
2019-09-27,41.380001068115234,61400,-0.011230523850472612
2019-09-30,41.540000915527344,86200,0.003866598436011036
2019-10-01,40.95000076293945,57700,-0.014203181020329563
2019-10-02,40.810001373291016,65000,-0.0034187884503079097
2019-10-03,42.04999923706055,59700,0.03038465626176319
2019-10-04,43.970001220703125,66300,0.04565997665822535
2019-10-07,46.29999923706055,45400,0.052990628875860715
2019-10-08,45.90999984741211,46600,-0.00842331309017096
2019-10-09,47.20000076293945,63300,0.028098473531144207
2019-10-10,48.56999969482422,43000,0.029025400630087763
2019-10-11,48.7599983215332,103600,0.003911851511278293
2019-10-14,48.970001220703125,56200,0.004306868465932272
2019-10-15,49.4900016784668,107300,0.010618755254264329
2019-10-16,47.709999084472656,66700,-0.03596691318700487
2019-10-17,47.77000045776367,68700,0.0012576267961099841
2019-10-18,47.20000076293945,48300,-0.011932168502451443
2019-10-21,48.36000061035156,93400,0.024576267556396296
2019-10-22,46.13999938964844,43300,-0.04590573185865363
2019-10-23,44.16999816894531,137300,-0.04269616919728649
2019-10-24,44.540000915527344,39300,0.008376788814136059
2019-10-25,44.939998626708984,40700,0.008980639940718887
2019-10-28,45.0099983215332,52700,0.0015576256556139756
2019-10-29,43.77000045776367,75900,-0.02754938702533354
2019-10-30,44.91999816894531,34900,0.02627365088312812
2019-10-31,45.16999816894531,114400,0.0055654499151968646
2019-11-01,43.90999984741211,188500,-0.027894584295101006
2019-11-04,42.4900016784668,68000,-0.03233883338373553
2019-11-05,41.33000183105469,77100,-0.027300536634244883
2019-11-06,42.189998626708984,53500,0.020808051235267775
2019-11-07,40.52000045776367,126800,-0.03958279742365519
2019-11-08,41.38999938964844,44000,0.021470851975720375
2019-11-11,40.16999816894531,160600,-0.029475748700016773
2019-11-12,40.43000030517578,84500,0.006472545384168616
2019-11-13,42.380001068115234,149600,0.048231529760582696
2019-11-14,42.27000045776367,54700,-0.002595578281717456
2019-11-15,41.70000076293945,39300,-0.013484733585318135
2019-11-18,41.54999923706055,28800,-0.0035971588281652725
2019-11-19,42.75,54900,0.028880885318262814
2019-11-20,42.5099983215332,67200,-0.005614074350100512
2019-11-21,42.869998931884766,45900,0.008468610316768849
2019-11-22,41.77000045776367,56400,-0.025658934022108514
2019-11-25,43.2400016784668,63700,0.035192750888033565
2019-11-26,44.150001525878906,81900,0.0210453240538444
2019-11-27,43.810001373291016,49200,-0.0077010224425155815
2019-11-29,43.540000915527344,37800,-0.006162986745037607
2019-12-02,43.25,41400,-0.006660562917533677
2019-12-03,42.810001373291016,81800,-0.010173378652230853
2019-12-04,41.310001373291016,59600,-0.035038541272643914
2019-12-05,40.31999969482422,43600,-0.023965181446517273
2019-12-06,41.29999923706055,32200,0.024305544386254752
2019-12-09,40.689998626708984,66100,-0.014769990838260805
2019-12-10,40.75,34800,0.0014745975747374595
2019-12-11,41.22999954223633,43900,0.011779129870830138
2019-12-12,41.22999954223633,43700,0.0
2019-12-13,42.459999084472656,39900,0.02983263535999575
2019-12-16,44.369998931884766,65200,0.04498351127168497
2019-12-17,44.29999923706055,137900,-0.0015776357112759858
2019-12-18,43.06999969482422,99500,-0.02776522716522608
2019-12-19,42.41999816894531,31800,-0.015091746702682653
2019-12-20,42.900001525878906,60900,0.011315496880077495
2019-12-23,41.9900016784668,45200,-0.021212116900815564
2019-12-24,41.970001220703125,14100,-0.00047631476456759606
2019-12-26,41.220001220703125,29700,-0.017869906556734552
2019-12-27,40.849998474121094,32900,-0.008976291499870066
2019-12-30,40.5,48200,-0.008567894423369967
2019-12-31,39.939998626708984,69800,-0.013827194402247299
