Date,Adj Close,Volume,LogReturn
2019-01-02,32.443702697753906,1379700,
2019-01-03,31.93917465209961,843400,-0.015550877480122686
2019-01-04,32.90320587158203,966200,0.03018334787868567
2019-01-07,33.479820251464844,1013000,0.017524565300210612
2019-01-08,33.95732879638672,929300,0.014262577915154206
2019-01-09,34.14653778076172,1548600,0.0055719631396664235
2019-01-10,34.515926361083984,1092600,0.010817746229322859
2019-01-11,34.542964935302734,914000,0.0007833651612270053
2019-01-14,34.52493667602539,581100,-0.0005219082760009105
2019-01-15,34.624046325683594,730300,0.00287066854280507
2019-01-16,34.597015380859375,981800,-0.0007806986095720304
2019-01-17,35.020469665527344,590500,0.012239618938408274
2019-01-18,35.68717575073242,1013600,0.01903761119061619
2019-01-22,35.21867370605469,952000,-0.013128022456865871
2019-01-23,34.97541809082031,893200,-0.006907006699475887
2019-01-24,35.68717575073242,997000,0.020350225923358386
2019-01-25,36.011531829833984,1057100,0.009088869384540905
2019-01-28,36.03855895996094,1028200,0.0007505132037888576
2019-01-29,36.29083251953125,820800,0.007000101193019121
2019-01-30,36.570125579833984,876800,0.0076959672984195805
2019-01-31,36.903480529785156,2619000,0.009115499185898207
2019-02-01,36.91249465942383,1291000,0.00024426231643371644
2019-02-04,36.84041213989258,1286000,-0.0019527945807056744
2019-02-05,40.43526077270508,3929100,0.09757894724852506
2019-02-06,39.741519927978516,2127100,-0.017156828754641217
2019-02-07,39.44419860839844,1002100,-0.007481377665446567
2019-02-08,39.146881103515625,924600,-0.007537673862627489
2019-02-11,39.24599075317383,984200,0.002531738081410079
2019-02-12,40.047855377197266,1102900,0.020431758980593212
2019-02-13,39.858646392822266,880800,-0.004724572204751148
2019-02-14,39.98478317260742,1423700,0.0031646026947837074
2019-02-15,40.49833297729492,944400,0.012843631100126113
2019-02-19,40.723567962646484,734300,0.005561586583769726
2019-02-20,40.78663635253906,1636000,0.0015486950934757813
2019-02-21,41.10197448730469,839800,0.007731408200470409
2019-02-22,41.33622360229492,616100,0.005699218052470635
2019-02-25,41.50741195678711,1084400,0.004141364149256329
2019-02-26,41.201080322265625,633800,-0.007380167061256499
2019-02-27,41.165035247802734,1359400,-0.0008748575081273142
2019-02-28,40.92177963256836,843400,-0.005909277467395324
2019-03-01,41.42632293701172,896300,0.012329456562583344
2019-03-04,41.42632293701172,769800,0.0
2019-03-05,41.09296798706055,896500,-0.008046935530774346
2019-03-06,40.58842468261719,922700,-0.012278093531774857
2019-03-07,39.93071746826172,943300,-0.016204305032738685
2019-03-08,39.939735412597656,1082800,0.0002258397771867051
2019-03-11,39.66944122314453,1419200,-0.006767550827787149
2019-03-12,39.633399963378906,986000,-0.0009085396379265679
2019-03-13,39.31806182861328,1108300,-0.007956373539918253
2019-03-14,39.13629150390625,1263000,-0.004623074390069501
2019-03-15,39.081756591796875,2577700,-0.0013934614142970545
2019-03-18,39.21809387207031,784100,0.003488514646295459
2019-03-19,38.809085845947266,864200,-0.0104290643868933
2019-03-20,38.10017013549805,980400,-0.01826674591777969
2019-03-21,38.50007629394531,1062000,0.01049617776049435
2019-03-22,37.05496597290039,1221800,-0.03753525863199877
2019-03-25,37.3912467956543,834200,0.009075189085312893
2019-03-26,37.85477066040039,733600,0.01239658755642151
2019-03-27,38.26376724243164,1363600,0.010804360319612197
2019-03-28,38.43645477294922,1141500,0.004513082295934537
2019-03-29,38.37283706665039,1025800,-0.0016551398060676748
2019-04-01,38.73637771606445,676800,0.00947390595025911
2019-04-02,38.60005187988281,496700,-0.0035193232878123403
2019-04-03,38.71820831298828,705700,0.003061043375619097
2019-04-04,38.99995803833008,831000,0.007276930870979432
2019-04-05,39.59072494506836,1264200,0.015147885701765668
2019-04-08,39.04540252685547,1422600,-0.013773994261775169
2019-04-09,38.46372604370117,914600,-0.0148974385077531
2019-04-10,39.06357955932617,881200,0.015595304389997655
2019-04-11,39.272621154785156,875000,0.005351316950908486
2019-04-12,39.30897521972656,718900,0.0009256847104277557
2019-04-15,39.26353073120117,814400,-0.0011560842853665912
2019-04-16,39.754329681396484,783900,0.012500122659761059
2019-04-17,39.3635139465332,541000,-0.009830771591305893
2019-04-18,39.327152252197266,770900,-0.0009237410660371169
2019-04-22,38.93634033203125,835000,-0.009937457908465274
2019-04-23,39.06357955932617,1057300,0.0032678784449150615
2019-04-24,38.990867614746094,901900,-0.0018613743389709054
2019-04-25,37.8911247253418,833900,-0.0282051402464402
2019-04-26,38.18196487426758,1065100,0.007675680018314836
2019-04-29,37.8275032043457,1516200,-0.009283484259888404
2019-04-30,35.7734375,3580100,-0.05430085335660557
2019-05-01,35.927947998046875,2257900,0.0043191403690762175
2019-05-02,36.146080017089844,1242200,0.0060713742698254546
2019-05-03,36.64596176147461,936900,0.013829487019018987
2019-05-06,36.446006774902344,1381900,-0.005456398930767742
2019-05-07,35.6916389465332,1239300,-0.020698229933069585
2019-05-08,35.337181091308594,1003200,-0.009931117362124906
2019-05-09,34.664615631103516,1117700,-0.019032798866078764
2019-05-10,34.94636154174805,983100,0.008127766759130862
2019-05-13,33.68302536010742,1260300,-0.036150721445819274
2019-05-14,34.164730072021484,946800,0.014301111814159388
2019-05-15,34.29196548461914,980500,0.003724174384794953
2019-05-16,34.528282165527344,978600,0.006891313389843386
2019-05-17,34.11019515991211,811100,-0.01210853767966041
2019-05-20,33.901145935058594,1221900,-0.006128643470770874
2019-05-21,34.46465301513672,930400,0.016622065848676187
2019-05-22,34.12837219238281,814500,-0.009757267035481635
2019-05-23,33.51033020019531,748500,-0.018109331107372364
2019-05-24,33.80117416381836,635500,0.008679232997272935
2019-05-28,33.30128860473633,1200500,-0.014788999833536006
2019-05-29,33.47397232055664,1486800,0.005185496509457964
2019-05-30,33.15586853027344,1013500,-0.009503018860054831
2019-05-31,32.27425765991211,1512400,-0.026589889194317463
2019-06-03,32.72869873046875,1289900,0.014080604900205107
2019-06-04,34.164730072021484,826300,0.04387682362133947
2019-06-05,34.21926498413086,776500,0.0015962342449190097
2019-06-06,34.22834396362305,826000,0.0002653177821440018
2019-06-07,34.46465301513672,634300,0.006903899638405373
2019-06-10,33.87388229370117,1468700,-0.017141351203393315
2019-06-11,34.27378845214844,1115100,0.011805737381381524
2019-06-12,34.38285827636719,892400,0.0031823101309920413
2019-06-13,34.6951789855957,482300,0.009083616804574594
2019-06-14,34.34611511230469,789000,-0.010060875415455717
2019-06-17,34.5482063293457,692600,0.005883961443098271
2019-06-18,34.86052322387695,909700,0.009040032109162318
2019-06-19,35.090171813964844,727400,0.006587640369396345
2019-06-20,35.20958709716797,810300,0.0034030977059964487
2019-06-21,35.16365432739258,2798400,-0.0013045529232884744
2019-06-24,34.66762161254883,865400,-0.014106404022329933
2019-06-25,34.39204788208008,1041700,-0.007949023257165098
2019-06-26,34.25425338745117,1147800,-0.004006580099602149
2019-06-27,34.86052322387695,508200,0.01769911110215248
2019-06-28,35.2463264465332,1030000,0.01106705198251306
2019-07-01,35.567840576171875,1314800,0.009121918850930229
2019-07-02,35.733192443847656,865900,0.004648915002912945
2019-07-03,36.073062896728516,402100,0.009511337488665287
2019-07-05,35.733192443847656,524700,-0.00942172428922531
2019-07-08,35.191219329833984,715800,-0.01516721784277592
2019-07-09,34.83296585083008,1699100,-0.010180195111915048
2019-07-10,34.78703689575195,1064900,-0.0013185485058841322
2019-07-11,34.759483337402344,675500,-0.0007920639642916554
2019-07-12,35.806671142578125,808200,0.030126679243502243
2019-07-15,35.512725830078125,1001400,-0.0082092331713703
2019-07-16,36.091434478759766,894700,0.016295810449771027
2019-07-17,36.073062896728516,1960000,-0.0005090288678346075
2019-07-18,36.32108688354492,1894700,0.00687560098587857
2019-07-19,36.40375900268555,1310600,0.0022761466198876106
2019-07-22,36.31189727783203,1258200,-0.0025234131685889605
2019-07-23,36.90898132324219,1243700,0.016443207052545525
2019-07-24,36.47724533081055,2312700,-0.011697315313326446
2019-07-25,36.25678634643555,1718300,-0.006043739936381355
2019-07-26,36.10980987548828,2058400,-0.00405376443303324
2019-07-29,35.806671142578125,1964400,-0.00839491356934366
2019-07-30,37.01920700073242,3579100,0.03386340643971387
2019-07-31,36.71607971191406,5459300,-0.008188378773547528
2019-08-01,35.705631256103516,1903700,-0.027520597616598613
2019-08-02,35.37493133544922,1247000,-0.009261842152637116
2019-08-05,34.55738830566406,1798500,-0.02311080188489006
2019-08-06,35.338191986083984,1665500,0.022594406542347
2019-08-07,35.889347076416016,1357900,0.015596584300325086
2019-08-08,36.31189727783203,845300,0.011773694308684881
2019-08-09,35.806671142578125,894000,-0.013913515214814749
2019-08-12,35.12691879272461,878300,-0.018983958244730946
2019-08-13,35.61376190185547,866800,0.013859544926317106
2019-08-14,34.61250305175781,1366100,-0.02811438041442881
2019-08-15,34.52064895629883,1000500,-0.0026537836723807677
2019-08-16,35.37493133544922,691200,0.024746996507274917
2019-08-19,36.008766174316406,791400,0.017917627397117282
2019-08-20,35.420867919921875,930300,-0.016326531477045034
2019-08-21,35.687252044677734,1064400,0.007520541996827697
2019-08-22,35.898536682128906,801900,0.005920451291308715
2019-08-23,33.859256744384766,1251400,-0.05680677058793151
2019-08-26,33.85007095336914,953300,-0.00027129334482950147
2019-08-27,33.372406005859375,696600,-0.014111194867738468
2019-08-28,33.65717315673828,739300,0.008533012298511175
2019-08-29,34.22669219970703,963700,0.01692117874298455
2019-08-30,34.16239547729492,831400,-0.001878554960466198
2019-09-03,33.501014709472656,1073300,-0.019359906077483172
2019-09-04,33.776588439941406,788600,0.008225832347425271
2019-09-05,35.182029724121094,1142300,0.04160992418398682
2019-09-06,35.806671142578125,1069900,0.017754558885747625
2019-09-09,37.12944412231445,1300400,0.03694208195085199
2019-09-10,38.45222091674805,1565600,0.03562608667331535
2019-09-11,38.61756134033203,1290200,0.004299892688694336
2019-09-12,39.118370056152344,1458100,0.01296841898965976
2019-09-13,39.071998596191406,966200,-0.001185413908973552
2019-09-16,38.83086395263672,687300,-0.006171546176759753
2019-09-17,38.83086395263672,503700,0.0
2019-09-18,38.91433334350586,883500,0.0021495630633135278
2019-09-19,38.28369140625,821800,-0.01620590366251521
2019-09-20,37.847808837890625,2149300,-0.01138559403099292
2019-09-23,38.07966232299805,711800,0.006125942088232757
2019-09-24,37.569580078125,896100,-0.013395135716972598
2019-09-25,37.72724533081055,939500,0.004196620040939663
2019-09-26,37.86635971069336,641900,0.0036873717829910726
2019-09-27,37.9498176574707,729600,0.0022040129395848804
2019-09-30,37.9683723449707,826300,0.0004889269210058344
2019-10-01,37.1893424987793,929700,-0.02051786258081713
2019-10-02,36.150638580322266,990600,-0.027930150109298803
2019-10-03,36.1784553527832,1068200,0.0007694683566690547
2019-10-04,36.63288879394531,826300,0.012560885663327522
2019-10-07,36.41958236694336,653700,-0.005822812069279353
2019-10-08,35.65910720825195,844100,-0.020880941220832342
2019-10-09,35.91878128051758,860100,0.0072821248930633135
2019-10-10,36.47523498535156,645200,0.015491998475343762
2019-10-11,37.91272735595703,1011800,0.039410092112710585
2019-10-14,38.265140533447266,1057900,0.009295379205549598
2019-10-15,38.96998596191406,811700,0.018420040241344388
2019-10-16,39.470787048339844,959500,0.012850943464932768
2019-10-17,39.91593933105469,1043500,0.01127801890977411
2019-10-18,40.4445686340332,1282100,0.013243564145996206
2019-10-21,40.81553268432617,865800,0.00917215989246108
2019-10-22,41.38125991821289,1086800,0.013860586808020938
2019-10-23,41.61310577392578,1072600,0.005602677544645026
2019-10-24,41.04738998413086,1063400,-0.013594654358853259
2019-10-25,41.96552658081055,1651200,0.022367721724442017
2019-10-28,42.80947494506836,2300400,0.02011051529718496
2019-10-29,47.8267936706543,4972500,0.1172011273678079
2019-10-30,48.11429214477539,2008600,0.0060112429049890065
2019-10-31,47.57638931274414,3696500,-0.011179689195316563
2019-11-01,47.55784606933594,1676500,-0.000389757265653533
2019-11-04,48.661460876464844,1744600,0.023205735716456014
2019-11-05,50.08041000366211,1724100,0.029159608068477484
2019-11-06,50.581214904785156,1896800,0.01000001599600374
2019-11-07,51.054195404052734,1649700,0.009350912194535536
2019-11-08,51.17476272583008,1132700,0.002361555614051906
2019-11-11,50.37718200683594,1128500,-0.015585430718403072
2019-11-12,50.3586311340332,1182800,-0.00036823958911034587
2019-11-13,49.727989196777344,1417400,-0.012523015877404599
2019-11-14,49.34775161743164,1313700,-0.0076463493796436206
2019-11-15,49.49613571166992,1053400,0.003006906887848279
2019-11-18,49.68162536621094,885100,0.003747558306804988
2019-11-19,48.8840446472168,945100,-0.016053837069843226
2019-11-20,48.5687255859375,1027600,-0.006450347215637966
2019-11-21,48.24412536621094,1038800,-0.006683317624882187
2019-11-22,48.5316276550293,653800,0.0059593222311730264
2019-11-25,48.995338439941406,681500,0.009554816257312469
2019-11-26,49.2364616394043,1816300,0.004921349808787626
2019-11-27,48.80058288574219,1626400,-0.008852763564822709
2019-11-29,48.5223503112793,492600,-0.005701419081700772
2019-12-02,48.42033767700195,1505900,-0.002102384439807944
2019-12-03,47.99372482299805,1450800,-0.008810612946355663
2019-12-04,48.06792449951172,1198100,0.0015460287107808776
2019-12-05,48.37397003173828,507300,0.006366938772854055
2019-12-06,49.217918395996094,799400,0.017446332473933727
2019-12-09,48.36469268798828,1061100,-0.017335672369216307
2019-12-10,47.64131164550781,984000,-0.014956800142351068
2019-12-11,47.80824279785156,932100,0.0035039159623870314
2019-12-12,48.471858978271484,1257900,0.013880790039196837
2019-12-13,47.406341552734375,1520300,-0.021982186117820438
2019-12-16,47.83628463745117,1377600,0.009069315847512345
2019-12-17,48.16341018676758,1101100,0.0068384397282455055
2019-12-18,48.15407180786133,924600,-0.0001938894872692305
2019-12-19,47.91105651855469,1242800,-0.005046619739163314
2019-12-20,48.11668014526367,4345100,0.004291778175030471
2019-12-23,47.443721771240234,676500,-0.013985968524673447
2019-12-24,47.57457733154297,629600,0.002758121737027328
2019-12-26,47.630653381347656,2191300,0.0011786978035327256
2019-12-27,47.82693862915039,714700,0.004120985833035001
2019-12-30,47.714778900146484,762000,-0.0023451162089547836
2019-12-31,47.5091552734375,691600,-0.004309432663185894
