Date,Adj Close,Volume,LogReturn
2019-01-02,148.65866088867188,866600,
2019-01-03,144.89866638183594,771500,-0.025292804901907048
2019-01-04,154.70529174804688,768900,0.06767919685588125
2019-01-07,154.69570922851562,1092900,-6.194047677991582e-05
2019-01-08,157.3841552734375,695100,0.01737893092400202
2019-01-09,160.8284149169922,641500,0.02188441166501589
2019-01-10,159.9960479736328,915600,-0.005175496778905529
2019-01-11,160.2256622314453,715900,0.001435124559141237
2019-01-14,160.86668395996094,422100,0.0040007431992365354
2019-01-15,160.35964965820312,1074400,-0.0031518913007743186
2019-01-16,161.44073486328125,325100,0.006741628629037246
2019-01-17,162.3496551513672,472000,0.005630055443291135
2019-01-18,165.0572052001953,781500,0.016677276254783126
2019-01-22,163.306396484375,716100,-0.010607284387838652
2019-01-23,166.205322265625,757100,0.017751452751744275
2019-01-24,167.07595825195312,411800,0.0052383159243041405
2019-01-25,170.022705078125,482400,0.017637168489125978
2019-01-28,171.0272979736328,620300,0.005908580827755944
2019-01-29,170.118408203125,518800,-0.005314296496971703
2019-01-30,171.79266357421875,477300,0.009841706072717619
2019-01-31,169.90789794921875,968200,-0.010971164808709855
2019-02-01,173.4861297607422,880200,0.021059832148549576
2019-02-04,173.19911193847656,516800,-0.001654413656362364
2019-02-05,173.65835571289062,354000,0.0026515365423882436
2019-02-06,172.09884643554688,541600,-0.008980329630219963
2019-02-07,155.17408752441406,2330000,-0.09834324437189845
2019-02-08,157.21194458007812,1687200,0.01313271492795754
2019-02-11,157.96774291992188,972800,0.004807512189118515
2019-02-12,161.72776794433594,973000,0.023802486222267043
2019-02-13,162.08175659179688,601200,0.0021887932539993668
2019-02-14,159.74728393554688,588300,-0.014403056243580655
2019-02-15,165.71739196777344,779600,0.037372203677874846
2019-02-19,167.26730346679688,623700,0.00935273890458549
2019-02-20,166.5183563232422,475300,-0.004477546585805731
2019-02-21,164.24266052246094,436400,-0.013666335958563713
2019-02-22,167.1328582763672,412200,0.01759711968079695
2019-02-25,167.3537139892578,457100,0.0013214380174449173
2019-02-26,167.60337829589844,517600,0.001491836067986221
2019-02-27,166.37432861328125,355600,-0.007333084184301699
2019-02-28,166.1150665283203,658100,-0.001558305822309664
2019-03-01,166.68157958984375,601800,0.0034103653170247197
2019-03-04,165.52932739257812,548200,-0.00691289463479403
2019-03-05,164.3675079345703,472100,-0.007018813380739353
2019-03-06,161.6885223388672,507200,-0.016298754111241667
2019-03-07,159.04800415039062,705000,-0.016330894427636355
2019-03-08,159.72972106933594,744900,0.0042862337228746555
2019-03-11,162.27426147460938,474400,0.015930287664929283
2019-03-12,161.22764587402344,441200,-0.006449671014215022
2019-03-13,164.24266052246094,641300,0.01870035769667757
2019-03-14,162.9368133544922,502300,-0.007950718551531072
2019-03-15,165.5485382080078,755000,0.016029065499356777
2019-03-18,164.94361877441406,504100,-0.003654030655551202
2019-03-19,165.07803344726562,415500,0.0008149128402196352
2019-03-20,161.6981201171875,351500,-0.020474640141371944
2019-03-21,164.59791564941406,296800,0.017933390506488223
2019-03-22,158.01095581054688,524500,-0.0400184887693056
2019-03-25,157.57884216308594,576100,-0.0027347068767752804
2019-03-26,163.2152557373047,692600,0.035768847497847166
2019-03-27,164.25228881835938,722500,0.0063537754260165145
2019-03-28,165.52932739257812,524700,0.00777486014597325
2019-03-29,168.01625061035156,958400,0.015024064055279573
2019-04-01,169.1108856201172,986700,0.006515054381877654
2019-04-02,168.54437255859375,500900,-0.003349950297085109
2019-04-03,172.33717346191406,529700,0.022503278191633252
2019-04-04,172.67324829101562,318300,0.0019501006216504641
2019-04-05,170.06149291992188,809100,-0.015125419814261075
2019-04-08,171.25213623046875,526200,0.007001251665522672
2019-04-09,170.15753173828125,406100,-0.006391771316151038
2019-04-10,169.44696044921875,540800,-0.004175961427058236
2019-04-11,168.74600219726562,329300,-0.004136741373789316
2019-04-12,173.7294464111328,685600,0.02953222090584105
2019-04-15,157.5116424560547,3057900,-0.09335092173550417
2019-04-16,157.02195739746094,1019200,-0.0031088816734951563
2019-04-17,158.03016662597656,807100,0.006420816841326217
2019-04-18,156.12896728515625,1154800,-0.012030610239879343
2019-04-22,154.35255432128906,684000,-0.01137785636295615
2019-04-23,156.53224182128906,1110300,0.014121486421681892
2019-04-24,158.24139404296875,726200,0.010918850977877169
2019-04-25,147.85198974609375,1977500,-0.06565541437314354
2019-04-26,150.54058837890625,1182700,0.01818439263096581
2019-04-29,151.7792510986328,465200,0.008228098036981792
2019-04-30,153.72842407226562,711200,0.01284215701108022
2019-05-01,150.3389434814453,587100,-0.022048496309485122
2019-05-02,148.46652221679688,570600,-0.012454665579577723
2019-05-03,150.329345703125,445000,0.012547094513387699
2019-05-06,147.9288330078125,479600,-0.015968357236471355
2019-05-07,144.9041748046875,674000,-0.02044671171687848
2019-05-08,144.01121520996094,500800,-0.006162414546924953
2019-05-09,142.02357482910156,984700,-0.01380198325499509
2019-05-10,143.0605926513672,549800,0.007301730177637616
2019-05-13,137.23635864257812,403500,-0.040711658611554076
2019-05-14,139.6856231689453,574600,0.017847052709596547
2019-05-15,140.27383422851562,680000,0.004210963492348028
2019-05-16,142.4530792236328,470500,0.015535648591219435
2019-05-17,140.44737243652344,533500,-0.014079771374830559
2019-05-20,137.99810791015625,443100,-0.01743901992523325
2019-05-21,141.58523559570312,473400,0.025994035279688594
2019-05-22,139.87844848632812,629100,-0.012054838219492981
2019-05-23,136.8602752685547,565000,-0.02157711391879241
2019-05-24,138.2199249267578,379100,0.009934582226545623
2019-05-28,136.9952850341797,552300,-0.008860082171416725
2019-05-29,136.98562622070312,641500,-7.050471462687691e-05
2019-05-30,135.6260223388672,408000,-0.009925157254421894
2019-05-31,132.58851623535156,470900,-0.022396189544852178
2019-06-03,131.7206573486328,579900,-0.006545505684506304
2019-06-04,137.63169860839844,374700,0.04487558275783975
2019-06-05,135.8670654296875,617800,-0.012821415390155315
2019-06-06,137.0917205810547,542300,0.00901362775072932
2019-06-07,137.71849060058594,425500,0.004571902787963595
2019-06-10,131.4796142578125,1169000,-0.04530166076876022
2019-06-11,132.81996154785156,688900,0.010194335430668632
2019-06-12,132.75244140625,455900,-0.0005083583884131509
2019-06-13,135.36566162109375,378700,0.019684912662711447
2019-06-14,134.80636596679688,361900,-0.0041317395238861755
2019-06-17,133.03208923339844,648100,-0.013161668743710858
2019-06-18,132.59815979003906,637600,-0.003261840401514454
2019-06-19,132.04852294921875,516500,-0.0041451317400680995
2019-06-20,133.2538604736328,692000,0.009127989450344652
2019-06-21,132.22207641601562,811300,-0.007742995617161489
2019-06-24,129.66676330566406,557200,-0.019325918784633803
2019-06-25,129.61851501464844,644000,-0.00037209451200604954
2019-06-26,130.54425048828125,541000,0.007142000303954982
2019-06-27,132.39566040039062,492000,0.01418224016135872
2019-06-28,135.12457275390625,1468800,0.020611796075965444
2019-07-01,137.66061401367188,757700,0.01876817227303545
2019-07-02,141.18023681640625,992100,0.02556739142820343
2019-07-03,141.56594848632812,432400,0.0027320514444487197
2019-07-05,142.9545135498047,383700,0.009808609191147859
2019-07-08,141.4695587158203,656700,-0.010387603700718576
2019-07-09,142.7230987548828,656600,0.008860846463659172
2019-07-10,142.65562438964844,547700,-0.00047276415536813435
2019-07-11,142.6845245361328,458200,0.00020258680026128778
2019-07-12,144.2563018798828,620700,0.01101575205061548
2019-07-15,144.6613006591797,488900,0.002807494535899744
2019-07-16,145.3651885986328,620500,0.004865765316955616
2019-07-17,145.35557556152344,799800,-6.613025582017106e-05
2019-07-18,152.35626220703125,2760800,0.04816249131458112
2019-07-19,146.1462860107422,2151400,-0.04075957303186237
2019-07-22,147.28414916992188,1019800,0.00778578224763133
2019-07-23,149.54055786132812,779900,0.015320105416116631
2019-07-24,151.71981811523438,711600,0.014573038144789593
2019-07-25,151.04483032226562,634600,-0.004448909848125989
2019-07-26,153.19517517089844,525100,0.014236467703296354
2019-07-29,151.92233276367188,501900,-0.008308632473618247
2019-07-30,152.1344757080078,579500,0.001396390777292394
2019-07-31,151.31480407714844,548700,-0.005387809877049653
2019-08-01,150.46627807617188,724700,-0.005607686611707459
2019-08-02,150.19627380371094,608600,-0.001794450397212928
2019-08-05,146.6959228515625,1004700,-0.023305178374285033
2019-08-06,147.99769592285156,771200,0.008873955362796894
2019-08-07,147.7373504638672,1534000,-0.001759118325193983
2019-08-08,149.73341369628906,897300,0.01351089095719272
2019-08-09,148.22914123535156,902800,-0.010046337846732612
2019-08-12,144.6420135498047,1513100,-0.024199881721310084
2019-08-13,146.9948272705078,1856000,0.016266461334161247
2019-08-14,144.7480926513672,2513800,-0.015284446812581117
2019-08-15,147.05271911621094,3213900,0.0159216361516732
2019-08-16,133.73602294921875,4969800,-0.09055729296966239
2019-08-19,131.66278076171875,1457900,-0.015502496199451333
2019-08-20,126.07963562011719,1641400,-0.04240488549080436
2019-08-21,133.13815307617188,2428800,0.055984595936827364
2019-08-22,130.68887329101562,1080200,-0.018396528181932582
2019-08-23,125.91571044921875,1977900,-0.036523100410913195
2019-08-26,122.91679382324219,1373800,-0.023816858240147978
2019-08-27,117.71932983398438,1396300,-0.042284409050987064
2019-08-28,117.87358856201172,893100,0.001310394208367391
2019-08-29,118.36538696289062,1226500,0.0041722527232652944
2019-08-30,118.55823516845703,699300,0.0016292618181265029
2019-09-03,118.2965316772461,1474100,-0.002207383492501286
2019-09-04,119.53718566894531,1588900,0.010487661591669927
2019-09-05,123.08460998535156,826400,0.029676324539133256
2019-09-06,122.08628845214844,632600,-0.00811085588459789
2019-09-09,125.06189727783203,776800,0.024372997683928116
2019-09-10,128.21192932128906,1050600,0.02518778390558923
2019-09-11,131.20689392089844,899000,0.023359484686516403
2019-09-12,130.54783630371094,625200,-0.005023041072710939
2019-09-13,129.6173553466797,580800,-0.007127509603962699
2019-09-16,128.86131286621094,742000,-0.005832880006281635
2019-09-17,127.36869049072266,711800,-0.011583169085340475
2019-09-18,126.88407135009766,652000,-0.0038048529725623497
2019-09-19,126.69991302490234,537900,-0.0014513904167465128
2019-09-20,126.18621063232422,920800,-0.004054481019865885
2019-09-23,125.3235855102539,553700,-0.006836128272238805
2019-09-24,122.85200500488281,732900,-0.01972159107408294
2019-09-25,123.94725036621094,422000,0.008915160654354758
2019-09-26,123.85032653808594,376100,-0.0007819764281872464
2019-09-27,122.53214263916016,332900,-0.01064336232105467
2019-09-30,124.18956756591797,456700,0.013526450211832944
2019-10-01,122.16384887695312,322700,-0.01631150449001783
2019-10-02,119.3336410522461,577100,-0.02316731054829237
2019-10-03,118.79085540771484,581300,-0.004548471325815075
2019-10-04,120.07025146484375,315700,0.010770156109557035
2019-10-07,119.10101318359375,510300,-0.008072259943036685
2019-10-08,115.01079559326172,616600,-0.034342424812347956
2019-10-09,114.7781753540039,603300,-0.002022594818667973
2019-10-10,114.57463836669922,483300,-0.0017733073964360364
2019-10-11,118.78117370605469,700500,0.03671436715246126
2019-10-14,118.77146911621094,492900,-8.170141396115303e-05
2019-10-15,119.89579772949219,598200,0.009466318987611076
2019-10-16,119.42086791992188,663600,-0.003961188119719131
2019-10-17,119.56625366210938,563200,0.0012174232587640291
2019-10-18,119.74073028564453,650300,0.0014592463859260986
2019-10-21,120.9328842163086,476200,0.00995612710746084
2019-10-22,120.57427978515625,474400,-0.002965317775030653
2019-10-23,119.9539566040039,572900,-0.005144738846938657
2019-10-24,103.72876739501953,4068700,-0.13526180935029533
2019-10-25,101.57704162597656,1618700,-0.020743770730917627
2019-10-28,103.5058364868164,1035300,0.018988492182534563
2019-10-29,100.78225708007812,2855000,-0.026313293039133934
2019-10-30,99.62886047363281,1063700,-0.011444441113566876
2019-10-31,96.92465209960938,1290800,-0.027142821479315397
2019-11-01,97.9520492553711,1074100,0.010599957116233584
2019-11-04,99.18299865722656,730500,0.012566857061318408
2019-11-05,100.68533325195312,992600,0.015147097940833442
2019-11-06,100.46240997314453,699100,-0.0022140591048226918
2019-11-07,102.1585922241211,1246300,0.01688375036424055
2019-11-08,104.58171081542969,1164100,0.023719185420964142
2019-11-11,104.7174072265625,1063300,0.0012975156944247679
2019-11-12,105.4152603149414,964700,0.00666415552926228
2019-11-13,104.48910522460938,548000,-0.008785778146020091
2019-11-14,103.93341064453125,504800,-0.005318205940070078
2019-11-15,100.85275268554688,1479200,-0.029640689551896974
2019-11-18,102.16885375976562,1176200,0.01304972882914042
2019-11-19,100.94049072265625,1213700,-0.012022871862668462
2019-11-20,98.67874145507812,1450700,-0.022406759184404004
2019-11-21,98.75672912597656,949000,0.0007903188645138943
2019-11-22,101.78865051269531,920200,0.030700909330959664
2019-11-25,102.75379180908203,720000,0.009481816406106534
2019-11-26,103.3874740600586,906900,0.006166996271572663
2019-11-27,104.25513458251953,430500,0.008392317641466961
2019-11-29,104.22589111328125,343200,-0.00028049907906583344
2019-12-02,103.53370666503906,947600,-0.006641194820679102
2019-12-03,100.2093276977539,796400,-0.032109146618699416
2019-12-04,101.68141174316406,721300,0.01469009002685038
2019-12-05,100.97948455810547,651100,-0.006903200624629247
2019-12-06,102.61731719970703,866300,0.016219459316601317
2019-12-09,102.7635498046875,547200,0.0014250285329120477
2019-12-10,101.32069396972656,669700,-0.014040541006059353
2019-12-11,102.831787109375,749900,0.014913963578851271
2019-12-12,106.20491790771484,1046500,0.03280241346726844
2019-12-13,107.28705596923828,1082400,0.010189152092408236
2019-12-16,106.2634048461914,893100,-0.00954123602143002
2019-12-17,107.07257843017578,827500,0.007614790671874247
2019-12-18,107.677001953125,725000,0.005644988958058722
2019-12-19,107.31629943847656,879700,-0.0033498565905973315
2019-12-20,108.49591064453125,1608100,0.010991910942018157
2019-12-23,108.67140197753906,458700,0.0016174926037791468
2019-12-24,108.20344543457031,189200,-0.004306160907590669
2019-12-26,107.56002044677734,438100,-0.00594643715095045
2019-12-27,108.1254653930664,465900,0.0052570178393453815
2019-12-30,107.9109878540039,475200,-0.001983598759855636
2019-12-31,109.38307189941406,602600,0.013641651093045168
