Date,Adj Close,Volume,LogReturn
2019-01-02,6.357317924499512,143300,
2019-01-03,6.444403171539307,156300,0.013698425668502464
2019-01-04,6.392153263092041,142700,-0.008107796339934028
2019-01-07,6.479238510131836,180600,0.013623773313230862
2019-01-08,6.51407527923584,223100,0.005376676448864832
2019-01-09,6.548908233642578,195000,0.005347336792034203
2019-01-10,6.5663251876831055,129700,0.0026595202466044993
2019-01-11,6.540200233459473,356900,-0.003978626320949979
2019-01-14,6.5533223152160645,222200,0.002006373090759456
2019-01-15,6.492077350616455,178600,-0.009345635946732786
2019-01-16,6.474577903747559,130700,-0.0026955080668031204
2019-01-17,6.492077350616455,86300,0.002702793468400096
2019-01-18,6.483326435089111,174600,-0.0013479376561206264
2019-01-22,6.500826358795166,171100,0.0026992198960307566
2019-01-23,6.5708231925964355,145700,0.010767374782525714
2019-01-24,6.649565696716309,104200,0.011983658943767479
2019-01-25,6.649565696716309,139300,0.0
2019-01-28,6.667064666748047,132700,0.0026315959312018873
2019-01-29,6.675815105438232,113600,0.0013124874480111642
2019-01-30,6.614569664001465,119900,-0.009174226737777085
2019-01-31,6.658316612243652,148100,0.006613725527795396
2019-02-01,6.702064037322998,188800,0.0065703431703594125
2019-02-04,6.684565544128418,242200,-0.0026109110711465973
2019-02-05,6.693314075469971,60100,0.0013087658852021073
2019-02-06,6.658316612243652,99100,-0.005228719709206387
2019-02-07,6.745811939239502,257600,0.01314075795599127
2019-02-08,6.7808098793029785,160600,0.005188098983296309
2019-02-11,6.7808098793029785,110300,0.0
2019-02-12,6.798308372497559,160300,0.002580590446576391
2019-02-13,6.802700996398926,180400,0.0006461348412992669
2019-02-14,6.829070091247559,104900,0.0038762683914215167
2019-02-15,6.7675461769104,91400,-0.00900912035095525
2019-02-19,6.776336193084717,112400,0.0012988483483579757
2019-02-20,6.846646308898926,64400,0.01037583050940725
2019-02-21,6.820280075073242,71100,-0.0038509706265115657
2019-02-22,6.837857723236084,63900,0.002577261926102504
2019-02-25,6.811491966247559,126700,-0.00385585048061625
2019-02-26,6.811491966247559,74600,0.0
2019-02-27,6.837857723236084,109000,0.003870775612622538
2019-02-28,6.837857723236084,91300,0.0
2019-03-01,6.829070091247559,190700,-0.0012851440237874028
2019-03-04,6.8730149269104,74000,0.006434966265636
2019-03-05,6.908170700073242,62000,0.0051150439125621444
2019-03-06,6.916958332061768,99800,0.0012720635273868119
2019-03-07,6.960903644561768,93900,0.006353271248765935
2019-03-08,6.996060371398926,80100,0.005050598116614432
2019-03-11,7.031217575073242,159000,0.0050252859192074706
2019-03-12,7.048794746398926,108900,0.002499875894609974
2019-03-13,7.017897129058838,64100,-0.0043833901328837535
2019-03-14,6.947277545928955,122900,-0.01006278402649563
2019-03-15,6.920795440673828,79000,-0.003811868041841115
2019-03-18,6.8854851722717285,94500,-0.005102053471278686
2019-03-19,6.903140544891357,171500,0.0025641435828993105
2019-03-20,6.929620742797852,215200,0.003835963897054176
2019-03-21,6.929620742797852,91700,0.0
2019-03-22,6.929620742797852,101400,0.0
2019-03-25,6.929620742797852,45500,0.0
2019-03-26,6.938449859619141,119700,0.0012741125595459766
2019-03-27,6.97376012802124,198600,0.005089071639416276
2019-03-28,6.964932441711426,90400,-0.0012658431244779928
2019-03-29,6.964932441711426,168300,0.0
2019-04-01,6.991414546966553,109000,0.003802205617463213
2019-04-02,7.044381141662598,140700,0.00757594823482841
2019-04-03,7.079690933227539,184000,0.00501247602235896
2019-04-04,7.062036991119385,83800,-0.0024936035025622362
2019-04-05,7.017897129058838,71400,-0.006250301735328405
2019-04-08,7.070863246917725,145900,0.007547291857495486
2019-04-09,7.053206443786621,159200,-0.002497121286965963
2019-04-10,7.0885186195373535,277000,0.0050065422063237585
2019-04-11,7.092952251434326,80100,0.000625466636252135
2019-04-12,7.030886650085449,127700,-0.008750319915987894
2019-04-15,7.039754390716553,48300,0.0012612549558021593
2019-04-16,7.013154983520508,74400,-0.003778456707399057
2019-04-17,7.004289150238037,102200,-0.0012641718746132966
2019-04-18,6.977690696716309,108500,-0.0037974522397928962
2019-04-22,6.977690696716309,80600,0.0
2019-04-23,7.013154983520508,100900,0.005082524913419946
2019-04-24,7.0574870109558105,99800,0.0063212673239753025
2019-04-25,7.004289150238037,74600,-0.007537790807859913
2019-04-26,7.110683917999268,80800,0.015189945114932142
2019-04-29,7.13728141784668,81700,0.0037404981228438355
2019-04-30,7.119550704956055,102600,-0.0024842390053851013
2019-05-01,7.181614398956299,174900,0.008717361048786466
2019-05-02,7.13728141784668,70900,-0.006173121898059862
2019-05-03,7.146148681640625,140800,0.0012423867401070714
2019-05-06,7.19934606552124,100700,0.007444203339525548
2019-05-07,7.190479278564453,86100,-0.0012316100484808608
2019-05-08,7.2348103523254395,40300,0.00616524602096299
2019-05-09,7.252542972564697,52500,0.0024510138311446034
2019-05-10,7.261407375335693,50700,0.0012222475350409953
2019-05-13,7.310384273529053,280200,0.006744821721435947
2019-05-14,7.248052597045898,67500,-0.0085264569071776
2019-05-15,7.2658610343933105,134600,0.002456996152962566
2019-05-16,7.221339702606201,47200,-0.006127468110987185
2019-05-17,7.203531742095947,107800,-0.0024660189443555694
2019-05-20,7.203531742095947,67800,0.0
2019-05-21,7.159010410308838,129900,-0.0061804866530865595
2019-05-22,7.141201972961426,65400,-0.0024875557272228993
2019-05-23,7.132297515869141,82900,-0.0012469129323046603
2019-05-24,7.150106906890869,47600,0.0024970061865903902
2019-05-28,7.221339702606201,123100,0.009962479812250343
2019-05-29,7.2302446365356445,99600,0.00123314153552831
2019-05-30,7.2302446365356445,114900,0.0
2019-05-31,7.248052597045898,69200,0.002462981739271626
2019-06-03,7.283669948577881,55900,0.004914058094238865
2019-06-04,7.2658610343933105,226400,-0.002445046839065993
2019-06-05,7.256956100463867,87900,-0.0012255855000930264
2019-06-06,7.274766445159912,95300,0.0024542445137440585
2019-06-07,7.301478385925293,71200,0.0036718623156834123
2019-06-10,7.292572498321533,52200,-0.001219737583682671
2019-06-11,7.319286823272705,42000,0.003663223774233369
2019-06-12,7.301478385925293,66400,-0.0024330836838894836
2019-06-13,7.297005653381348,85600,-0.0006125790295520402
2019-06-14,7.323832035064697,49200,0.003676354789572977
2019-06-17,7.341719150543213,66900,0.0024423164530366806
2019-06-18,7.288065433502197,67300,-0.0073080590445966315
2019-06-19,7.30595064163208,64700,0.002454040553432336
2019-06-20,7.288065433502197,94400,-0.002448032981220282
2019-06-21,7.297005653381348,105700,0.0012266931410979758
2019-06-24,7.323832035064697,121900,0.003676354789572977
2019-06-25,7.279122829437256,112100,-0.006104619195714044
2019-06-26,7.288065433502197,129900,0.0012285277051208591
2019-06-27,7.323832035064697,107700,0.0049075576898755646
2019-06-28,7.30595064163208,164600,-0.002441535161784909
2019-07-01,7.323832035064697,143200,0.0024475108455732264
2019-07-02,7.3864336013793945,150600,0.008547651832398181
2019-07-03,7.404315948486328,45400,0.002420971753349833
2019-07-05,7.449028015136719,130600,0.006038649209658748
2019-07-08,7.484797477722168,133900,0.004801896638429102
2019-07-09,7.493740558624268,98900,0.0011948327164118858
2019-07-10,7.422200679779053,282100,-0.009546618045494283
2019-07-11,7.484797477722168,77300,0.008433724799930719
2019-07-12,7.489288806915283,110500,0.0006000602162561212
2019-07-15,7.507247447967529,104700,0.0023979100706683744
2019-07-16,7.507247447967529,96100,0.0
2019-07-17,7.498268127441406,80800,-0.0011960869264478632
2019-07-18,7.489288806915283,64400,-0.0011975192635832045
2019-07-19,7.5162272453308105,103900,0.0035969287752200935
2019-07-22,7.525208473205566,99900,0.0011949116999269984
2019-07-23,7.5162272453308105,125400,-0.0011934855900317752
2019-07-24,7.543166637420654,278200,0.0035841641305588375
2019-07-25,7.570106029510498,79400,0.003571363776613522
2019-07-26,7.615006446838379,122900,0.0059312798463912976
2019-07-29,7.615006446838379,117600,0.0
2019-07-30,7.686848163604736,141000,0.009434229277138023
2019-07-31,7.668887138366699,181500,-0.0023365916505386406
2019-08-01,7.731745719909668,234900,0.008196571472344842
2019-08-02,7.830526828765869,137200,0.012776042104156945
2019-08-05,7.740725994110107,164700,-0.01146804507787055
2019-08-06,7.731745719909668,100100,-0.0011601333269350336
2019-08-07,7.704805374145508,153000,-0.003484380725919024
2019-08-08,7.722767353057861,71500,0.0023312696479819346
2019-08-09,7.704805374145508,95300,-0.002325847470368429
2019-08-12,7.71378755569458,89800,0.0011657895446928696
2019-08-13,7.691246509552002,118300,-0.0029221761657070213
2019-08-14,7.727310657501221,100800,0.004688986096652805
2019-08-15,7.736327171325684,131200,0.0011668372379606852
2019-08-16,7.700262069702148,203500,-0.004661785990283436
2019-08-19,7.682230472564697,174900,-0.0023416861626566234
2019-08-20,7.682230472564697,166000,0.0
2019-08-21,7.682230472564697,237400,0.0
2019-08-22,7.655179977416992,114300,-0.003521177247195283
2019-08-23,7.655179977416992,366500,0.0
2019-08-26,7.7092790603637695,124200,0.007066990339400412
2019-08-27,7.727310657501221,155800,0.0023389472603421797
2019-08-28,7.736327171325684,149500,0.0011668372379606852
2019-08-29,7.7453460693359375,86600,0.001165785496208331
2019-08-30,7.7543625831604,113700,0.0011641202011824295
2019-09-03,7.7543625831604,86700,0.0
2019-09-04,7.77239465713501,93200,0.0023254102166654356
2019-09-05,7.700262069702148,187100,-0.009280613069055116
2019-09-06,7.763375759124756,163700,0.00819630408047251
2019-09-09,7.77239465713501,61200,0.001161723751378833
2019-09-10,7.7543625831604,29700,-0.002320015229547826
2019-09-11,7.655179977416992,174700,-0.012790555597541445
2019-09-12,7.574027061462402,220000,-0.010601046114394873
2019-09-13,7.379356861114502,355500,-0.02570233757658548
2019-09-16,7.406522750854492,141000,0.003681335684298019
2019-09-17,7.47895622253418,162500,0.00977968665138183
2019-09-18,7.560446262359619,146800,0.010895910792993953
2019-09-19,7.5966644287109375,73100,0.004790479965664706
2019-09-20,7.669100284576416,111700,0.009535218587741411
2019-09-23,7.669100284576416,64900,0.0
2019-09-24,7.650990962982178,190000,-0.0023613358702139473
2019-09-25,7.705317497253418,55800,0.007100587954434731
2019-09-26,7.750586986541748,74600,0.005875097204556011
2019-09-27,7.759643077850342,96400,0.0011684394129527094
2019-09-30,7.768698692321777,73200,0.0011670143047280764
2019-10-01,7.82302713394165,147900,0.006993248647108526
2019-10-02,7.8320794105529785,99600,0.0011571322016835591
2019-10-03,7.777754306793213,131000,-0.006936229947639159
2019-10-04,7.750586986541748,95900,-0.003492951715861798
2019-10-07,7.750586986541748,127300,0.0
2019-10-08,7.786808013916016,93000,0.004673326992802273
2019-10-09,7.768698692321777,31800,-0.0023256412077804693
2019-10-10,7.750586986541748,91400,-0.0023313693190250857
2019-10-11,7.727861404418945,74900,-0.002932111098457939
2019-10-14,7.709674835205078,120700,-0.0023533767315583255
2019-10-15,7.68240213394165,94800,-0.0035374645294884576
2019-10-16,7.709674835205078,82900,0.003550022608545068
2019-10-17,7.673310279846191,132500,-0.0047167430710350336
2019-10-18,7.727861404418945,142300,0.007109203535797508
2019-10-21,7.655127048492432,154000,-0.009411964335297566
2019-10-22,7.68240213394165,51100,0.0035629827273200108
2019-10-23,7.655127048492432,131200,-0.0035503329523346077
2019-10-24,7.636943817138672,61100,-0.0023753010549107337
2019-10-25,7.636943817138672,84500,0.0
2019-10-28,7.609668731689453,97700,-0.003571466034359002
2019-10-29,7.655127048492432,87200,0.005973757650405123
2019-10-30,7.782408237457275,124700,0.016626920514651675
2019-10-31,7.82786750793457,109100,0.005841285767880471
2019-11-01,7.773318767547607,110400,-0.006968531382483235
2019-11-04,7.709674835205078,149800,-0.008187485197214963
2019-11-05,7.836958885192871,133200,0.016509652184884552
2019-11-06,7.882418155670166,196200,0.005800626383683796
2019-11-07,7.836958885192871,145200,-0.005767173166852877
2019-11-08,7.836958885192871,181100,0.0
2019-11-11,7.782408237457275,115500,-0.006960690815752977
2019-11-12,7.736952304840088,151900,-0.005840856869780349
2019-11-13,7.736952304840088,127300,0.0
2019-11-14,7.732388019561768,100600,-0.0005899332319090275
2019-11-15,7.70499849319458,177600,-0.0035421820914698222
2019-11-18,7.723257064819336,80400,0.0023697047625489734
2019-11-19,7.759775161743164,124100,0.004728328555859401
2019-11-20,7.805420398712158,122500,0.005882288599550138
2019-11-21,7.814547061920166,94700,0.0011692724724364175
2019-11-22,7.832807540893555,59300,0.002336729029679906
2019-11-25,7.796290397644043,87900,-0.004662075897928407
2019-11-26,7.8510661125183105,71300,0.007025868981332484
2019-11-27,7.668482780456543,417000,-0.023255864801678773
2019-11-29,7.805420398712158,135600,0.017857198376268982
2019-12-02,7.759775161743164,111300,-0.005847889625077119
2019-12-03,7.805420398712158,68400,0.005882288599550138
2019-12-04,7.805420398712158,74700,0.0
2019-12-05,7.841938018798828,82200,0.004678494971609099
2019-12-06,7.860195159912109,100700,0.0023281414708347502
2019-12-09,7.805420398712158,89300,-0.006968626107314573
2019-12-10,7.787161827087402,155100,-0.002339216940546649
2019-12-11,7.787161827087402,131600,0.0
2019-12-12,7.745912075042725,144500,-0.005297148429764455
2019-12-13,7.745912075042725,69100,0.0
2019-12-16,7.782578945159912,119400,0.0047337059550840895
2019-12-17,7.755077838897705,139400,-0.0035336752066370404
2019-12-18,7.782578945159912,126300,0.0035462063480868936
2019-12-19,7.782578945159912,110200,0.0
2019-12-20,7.764245986938477,92100,-0.002355640508193888
2019-12-23,7.800912380218506,108300,0.004722466720105456
2019-12-24,7.83758020401001,37100,0.004700453229610153
2019-12-26,7.791743755340576,107500,-0.005848290859719929
2019-12-27,7.83758020401001,97300,0.005882694568595972
2019-12-30,7.8100786209106445,69000,-0.003508938011925461
2019-12-31,7.800912380218506,188900,-0.0011736425632895742
