Date,Adj Close,Volume,LogReturn
2019-01-02,149.98800659179688,1716400,
2019-01-03,145.30323791503906,1775500,-0.031234288548868755
2019-01-04,149.44415283203125,1801300,0.028498435247626356
2019-01-07,149.31057739257812,1830200,-0.0008938150936106413
2019-01-08,150.89442443847656,2207300,0.01060773505505958
2019-01-09,151.19020080566406,2099900,0.001960154381370767
2019-01-10,154.4246826171875,2093900,0.021393461972320255
2019-01-11,152.85992431640625,1380400,-0.010132825104521808
2019-01-14,150.77037048339844,2004800,-0.013669729606058318
2019-01-15,150.0166015625,2110700,-0.004999449948167609
2019-01-16,150.02615356445312,1382100,6.367296588268225e-05
2019-01-17,150.04522705078125,2176500,0.00012713440873447969
2019-01-18,153.4132843017578,2494800,0.02244694694511461
2019-01-22,153.46099853515625,1699100,0.00031101761242908734
2019-01-23,151.6386260986328,1569500,-0.011875150389471444
2019-01-24,150.1501922607422,2528000,-0.009815664228733373
2019-01-25,151.55274963378906,1242700,0.00934102948473935
2019-01-28,150.95167541503906,1422500,-0.003966105664215471
2019-01-29,153.82354736328125,1558300,0.019025108137064557
2019-01-30,155.44558715820312,1113500,0.0105448081436527
2019-01-31,155.5314483642578,1645900,0.0005523553780095613
2019-02-01,158.15525817871094,1324300,0.016869963226395918
2019-02-04,155.99893188476562,2106500,-0.013634237133669784
2019-02-05,157.42059326171875,2358600,0.009113276352451488
2019-02-06,155.9226531982422,1124800,-0.00951552800329097
2019-02-07,153.31790161132812,1361000,-0.01670540831294312
2019-02-08,153.82354736328125,1557900,0.0032980216050371813
2019-02-11,153.94761657714844,1128400,0.0008065684090237258
2019-02-12,159.84408569335938,1772000,0.03830178892867766
2019-02-13,159.7009735107422,1599300,-0.0008953236023491672
2019-02-14,158.861328125,1104100,-0.005257609689434418
2019-02-15,160.8077392578125,2573600,0.012252265266729779
2019-02-19,160.15896606445312,2221200,-0.004034464985041793
2019-02-20,162.4870147705078,2574800,0.014535862482515064
2019-02-21,163.53652954101562,1736500,0.006459068572280181
2019-02-22,165.54019165039062,1075700,0.012252076737830452
2019-02-25,166.6088104248047,1526800,0.0064553433444786085
2019-02-26,165.931396484375,1739200,-0.004065895067028425
2019-02-27,166.4943084716797,1451800,0.0033924380751999177
2019-02-28,165.2921142578125,1698300,-0.00722063249430342
2019-03-01,160.65509033203125,3033500,-0.028053509670453513
2019-03-04,160.96041870117188,1738100,0.0019005209763947885
2019-03-05,160.71231079101562,1205900,-0.0015414218735158127
2019-03-06,161.3706817626953,986800,0.004096580830922212
2019-03-07,160.61781311035156,1450100,-0.004665461186133463
2019-03-08,162.52639770507812,1558400,0.011882770396178164
2019-03-11,164.27188110351562,1188800,0.01073969166291909
2019-03-12,165.2693634033203,1309200,0.006072142676543199
2019-03-13,167.25465393066406,1538500,0.012012453406133619
2019-03-14,167.08203125,1033200,-0.0010320949319330974
2019-03-15,169.21121215820312,3661400,0.012743326689734179
2019-03-18,167.4081268310547,1220400,-0.010655826550445443
2019-03-19,166.47781372070312,1251600,-0.005557156202401201
2019-03-20,169.4030303955078,1536400,0.017571210297801433
2019-03-21,167.93563842773438,1146300,-0.008662135289714094
2019-03-22,162.9099884033203,1384000,-0.029926048285317874
2019-03-25,163.04428100585938,1349700,0.0008243362107827972
2019-03-26,163.98419189453125,1408100,0.005764758401051166
2019-03-27,162.5455322265625,1821400,-0.008773160701331774
2019-03-28,166.59291076660156,1892500,0.024899967932663098
2019-03-29,168.7316436767578,2158100,0.012838078765264133
2019-04-01,169.35507202148438,1791900,0.0036947921038502723
2019-04-02,170.7361297607422,1179700,0.008154805892572333
2019-04-03,175.26300048828125,2379600,0.02651384176203775
2019-04-04,176.3755645751953,1471400,0.006347968959874407
2019-04-05,177.06610107421875,1403400,0.003915148340908849
2019-04-08,177.277099609375,1138500,0.0011916370997959015
2019-04-09,175.41644287109375,1388200,-0.010495753497666386
2019-04-10,173.6134033203125,2443700,-0.010278623379144843
2019-04-11,172.49127197265625,1916400,-0.006463391225537725
2019-04-12,172.9708251953125,1914500,0.0027801593505106157
2019-04-15,172.76937866210938,1448000,-0.0011646272310700879
2019-04-16,173.22975158691406,1749700,0.002664667363914375
2019-04-17,172.54881286621094,1663300,-0.003930841639298199
2019-04-18,173.01873779296875,1547300,0.0027234318159127407
2019-04-22,171.5801239013672,1002100,-0.00831478665231614
2019-04-23,171.99252319335938,1796500,0.002403537674499263
2019-04-24,170.3524932861328,1780200,-0.009535472105277446
2019-04-25,169.0673370361328,2229900,-0.00754410003169948
2019-04-26,170.96630859375,1483900,0.011232042752358146
2019-04-29,169.85377502441406,1195400,-0.00650732637609635
2019-04-30,172.8844757080078,1404200,0.01784299868023616
2019-05-01,170.99510192871094,1018300,-0.010928533470454116
2019-05-02,173.10508728027344,1691000,0.012339449070548042
2019-05-03,173.55584716796875,1248900,0.002603966727826374
2019-05-06,171.32118225097656,1407000,-0.012875768540540502
2019-05-07,167.42727661132812,2049600,-0.022728687652552326
2019-05-08,169.31668090820312,1264600,0.011284925223153053
2019-05-09,166.25721740722656,1999500,-0.018069474812320966
2019-05-10,174.16009521484375,2511800,0.04753404351920592
2019-05-13,173.2873077392578,2328500,-0.005011409040109146
2019-05-14,173.51747131347656,2029300,0.0013282194594717396
2019-05-15,173.45993041992188,1184200,-0.00033161440815797827
2019-05-16,179.97210693359375,1866600,0.03754282904361151
2019-05-17,181.26687622070312,1737900,0.007194277542058892
2019-05-20,177.67990112304688,1383700,-0.019788364937060515
2019-05-21,179.60768127441406,1051500,0.010849736741085652
2019-05-22,180.5379638671875,1334800,0.005179525653761449
2019-05-23,177.50726318359375,1318500,-0.016787054748348
2019-05-24,180.17352294921875,1025300,0.015020567146412018
2019-05-28,176.76876831054688,1483100,-0.01889708644722173
2019-05-29,175.52197265625,1405400,-0.00705325757605839
2019-05-30,175.90560913085938,1042000,0.002185689169302499
2019-05-31,173.99270629882812,1757200,-0.010874598265983701
2019-06-03,180.47828674316406,2882600,0.03727501331692097
2019-06-04,184.4004669189453,3115200,0.021732144329156038
2019-06-05,185.7496337890625,3708800,0.007316504630708037
2019-06-06,190.18252563476562,3468200,0.02386487529088279
2019-06-07,192.78448486328125,3613300,0.013681379084808954
2019-06-10,193.14105224609375,1197400,0.0018495647254257528
2019-06-11,193.49761962890625,1720000,0.0018461501512282018
2019-06-12,194.36492919921875,1956300,0.004482275141037106
2019-06-13,195.37677001953125,2855100,0.005205881660242269
2019-06-14,195.34786987304688,1524000,-0.00014792007505030376
2019-06-17,193.95053100585938,1757200,-0.007153079621987205
2019-06-18,196.6103057861328,2006900,0.013713676196086743
2019-06-19,193.3048553466797,1944700,-0.016812193166764623
2019-06-20,194.9912872314453,1703300,0.008724208617218223
2019-06-21,194.7889404296875,3770300,-0.0010377222727784578
2019-06-24,195.99354553222656,1092500,0.006184155526909321
2019-06-25,195.43460083007812,1118800,-0.0028518525986690317
2019-06-26,193.3145294189453,1369900,-0.010847983940039984
2019-06-27,192.28335571289062,1532100,-0.005334175910906104
2019-06-28,193.50723266601562,6440600,0.006364965644517049
2019-07-01,195.6273651123047,1113300,0.010956347300714653
2019-07-02,196.147705078125,1722400,0.00265985265160423
2019-07-03,196.21517944335938,939500,0.00034399772970833474
2019-07-05,195.07806396484375,1741300,-0.005795247247137021
2019-07-08,194.3456573486328,1277100,-0.0037544283622936154
2019-07-09,193.67108154296875,1160700,-0.0034710104401970473
2019-07-10,194.44203186035156,1062000,0.0039807198433585754
2019-07-11,195.44422912597656,1225200,0.005154221317460717
2019-07-12,196.5717315673828,1027600,0.005768921632776893
2019-07-15,196.6584930419922,869000,0.00044137310038210677
2019-07-16,195.23223876953125,1073700,-0.0072524417857528865
2019-07-17,194.49021911621094,986700,-0.0038007024761738026
2019-07-18,196.24412536621094,1013800,0.009017966342831942
2019-07-19,195.99354553222656,1228300,-0.0012768781410234231
2019-07-22,196.186279296875,653400,0.0009833679171682055
2019-07-23,199.30859375,1064800,0.0159150500448618
2019-07-24,195.38644409179688,1102800,-0.019678778443055094
2019-07-25,192.63027954101562,2084900,-0.014106221972525089
2019-07-26,193.6614532470703,1191200,0.0053531236548671765
2019-07-29,192.5146484375,1468200,-0.005921698873689833
2019-07-30,189.36341857910156,2466300,-0.016368779643391583
2019-07-31,184.33299255371094,4160900,-0.02656493034999417
2019-08-01,183.50421142578125,3762800,-0.004496108463536159
2019-08-02,180.8926544189453,2556900,-0.01423159167053879
2019-08-05,183.7066192626953,3074800,0.015555992877592972
2019-08-06,181.90451049804688,2352000,-0.009809710569391474
2019-08-07,183.85118103027344,2078900,0.010701606721552208
2019-08-08,185.6147003173828,1927100,0.009592102031800324
2019-08-09,184.99794006347656,1600200,-0.00332279853293759
2019-08-12,185.21957397460938,1891100,0.0011980344811232243
2019-08-13,185.89418029785156,1678700,0.00364219779133422
2019-08-14,178.89784240722656,2441100,-0.03763613190802972
2019-08-15,179.8615264892578,1508300,0.0053867842622585035
2019-08-16,181.93341064453125,1198900,0.011519329318030559
2019-08-19,182.24179077148438,1232100,0.0016950164670723972
2019-08-20,180.87339782714844,1364200,-0.0075086671314143595
2019-08-21,181.88526916503906,1074700,0.00559436241064935
2019-08-22,180.33372497558594,1446700,-0.008530345511627358
2019-08-23,177.5679473876953,2119700,-0.015336995829621239
2019-08-26,178.2039794921875,1226800,0.003581908299607127
2019-08-27,178.03053283691406,1477100,-0.0009733040517259686
2019-08-28,178.25218200683594,1122700,0.0012450064963009354
2019-08-29,180.84446716308594,1458900,0.014542796206279183
2019-08-30,182.90188598632812,1686800,0.011376730820229091
2019-09-03,181.27532958984375,1370200,-0.008893054260828998
2019-09-04,181.5948486328125,1210400,0.0017626173605183812
2019-09-05,181.1494598388672,1911200,-0.002452651037727922
2019-09-06,183.4925079345703,1066700,0.01293433663996167
2019-09-09,179.319580078125,2862300,-0.02274167977437691
2019-09-10,179.81336975097656,1788900,0.0027536851950937585
2019-09-11,181.6432342529297,1292100,0.010176465212165833
2019-09-12,185.47731018066406,1640200,0.021107727703172274
2019-09-13,186.04852294921875,1717100,0.003079690815002105
2019-09-16,182.52430725097656,1263900,-0.018942454593977663
2019-09-17,186.12599182128906,1186700,0.01973262972235294
2019-09-18,186.5326385498047,1694800,0.0021847928090885415
2019-09-19,188.0623779296875,1601500,0.008200920717016332
2019-09-20,187.93650817871094,2475500,-0.0006692978806405527
2019-09-23,187.3652801513672,859600,-0.003039473452388308
2019-09-24,185.4288787841797,1539800,-0.010334899644283803
2019-09-25,186.1356964111328,852100,0.0038117990659685143
2019-09-26,186.18406677246094,1345600,0.0002598661205816509
2019-09-27,185.45794677734375,873900,-0.0039000114655600064
2019-09-30,187.55892944335938,1027200,0.011328620328887892
2019-10-01,182.55332946777344,1127500,-0.026688145376184667
2019-10-02,178.25454711914062,1996200,-0.02354809063831228
2019-10-03,178.7677001953125,955600,0.002878765700315611
2019-10-04,180.2587127685547,1498100,0.008340503187170742
2019-10-07,182.5823974609375,2744100,0.012890831498205222
2019-10-08,178.25454711914062,1526600,-0.02370354646439997
2019-10-09,181.4302215576172,1266600,0.01781539091035936
2019-10-10,185.14808654785156,1486200,0.02049198285884077
2019-10-11,188.07205200195312,1609600,0.01579257722086079
2019-10-14,186.40676879882812,1213700,-0.00885449584560127
2019-10-15,188.9724578857422,1519300,0.013763926618367476
2019-10-16,190.5894012451172,1570400,0.008556502770116095
2019-10-17,190.3860321044922,958900,-0.0010670537778931725
2019-10-18,189.5630645751953,1022800,-0.004322625563440465
2019-10-21,188.76914978027344,927900,-0.0041881301966763
2019-10-22,185.38047790527344,1429700,-0.017951407202630307
2019-10-23,187.53953552246094,1227900,0.011646628822969941
2019-10-24,186.8521270751953,996600,-0.003665405512232894
2019-10-25,188.79820251464844,1025000,0.010415056386647189
2019-10-28,190.51190185546875,1216700,0.009076883773230576
2019-10-29,192.7775115966797,1080100,0.011892221531281206
2019-10-30,192.8549346923828,1110400,0.0004016189184198314
2019-10-31,192.04165649414062,1303500,-0.004217046349057251
2019-11-01,192.4773712158203,812200,0.0022688552558542503
2019-11-04,194.375,1086100,0.0098589708088434
2019-11-05,193.93931579589844,1132900,-0.0022414621432877814
2019-11-06,194.7235565185547,1084500,0.004043742855531079
2019-11-07,196.156494140625,1098200,0.007358830373118065
2019-11-08,196.5437774658203,966000,0.0019743589264889097
2019-11-11,195.85633850097656,881600,-0.0034976378988304433
2019-11-12,199.2159881591797,1681200,0.017153642735878948
2019-11-13,201.21046447753906,1388200,0.01001162776536654
2019-11-14,202.00440979003906,1003000,0.003945845036248736
2019-11-15,203.04037475585938,1772000,0.0051284274778807155
2019-11-18,202.4594268798828,1115900,-0.002861243123073961
2019-11-19,200.83285522460938,1463700,-0.008034062332096132
2019-11-20,199.62261962890625,1234900,-0.006026083702039739
2019-11-21,199.7000732421875,1369500,0.0003880001846746348
2019-11-22,198.39300537109375,936700,-0.006545154690597411
2019-11-25,199.39027404785156,1418800,0.005026733048841229
2019-11-26,198.61570739746094,1547400,-0.003884676191401077
2019-11-27,199.44833374023438,1074000,0.004192147507786092
2019-11-29,199.6516876220703,847600,0.0010195817534419205
2019-12-02,195.07691955566406,1718600,-0.02291374603888165
2019-12-03,196.44789123535156,1230600,0.007027851797179426
2019-12-04,197.13824462890625,1384500,0.003514180728606649
2019-12-05,198.1105499267578,868700,0.004932098790277013
2019-12-06,199.84129333496094,912300,0.008736250587578437
2019-12-09,199.64682006835938,1038300,-0.0009731385508779664
2019-12-10,198.3050079345703,1135900,-0.006720929155443718
2019-12-11,199.94822692871094,1159200,0.00828632121425192
2019-12-12,204.10975646972656,1333000,0.020813035478926087
2019-12-13,203.2638702392578,1527900,-0.004144271420921573
2019-12-16,204.20701599121094,1797200,0.004640006858291968
2019-12-17,203.85696411132812,1433000,-0.00171420104340528
2019-12-18,202.56378173828125,1427300,-0.006343577118810896
2019-12-19,203.6041717529297,1205200,0.005136110738654425
2019-12-20,206.23915100097656,3034100,0.012941676122650271
2019-12-23,205.9085693359375,967400,-0.001602904508841278
2019-12-24,205.76271057128906,399900,-0.0007083666557386962
2019-12-26,206.8614501953125,481000,0.0053398384040181344
2019-12-27,206.385009765625,825500,-0.0023031861627077397
2019-12-30,205.63633728027344,807500,-0.0036275526318591167
2019-12-31,207.0072784423828,1040000,0.006666823481887063
