Date,Adj Close,Volume,LogReturn
2019-01-02,98.8166732788086,3020500,
2019-01-03,99.18424224853516,1462900,0.0037197059719818386
2019-01-04,98.8826675415039,1919700,-0.0030405505974988073
2019-01-07,98.76011657714844,1393800,-0.0012393573859041634
2019-01-08,98.68470764160156,840500,-0.0007635565667641533
2019-01-09,98.62815856933594,888100,-0.0005730277123685388
2019-01-10,98.55277252197266,800400,-0.0007643460899686634
2019-01-11,98.76953887939453,658800,0.002199495274204957
2019-01-14,98.80723571777344,935800,0.000381664618531196
2019-01-15,98.83553314208984,2433000,0.0002863902032158168
2019-01-16,98.78839874267578,7748400,-0.0004768973052060157
2019-01-17,98.76011657714844,6118400,-0.00028629035278740766
2019-01-18,98.61873626708984,1066700,-0.001431552685016848
2019-01-22,98.65644073486328,1207400,0.00038232560262506523
2019-01-23,98.5904769897461,3284300,-0.000668620767441463
2019-01-24,98.74129486083984,844900,0.0015297407589318775
2019-01-25,98.69412994384766,1061500,-0.00047766152002218476
2019-01-28,98.722412109375,812300,0.000286563806210511
2019-01-29,98.92037963867188,382300,0.0020052946951655305
2019-01-30,99.1654281616211,665800,0.002477229907975602
2019-01-31,99.42933654785156,2047200,0.002661294274859051
2019-02-01,99.18358612060547,3020200,-0.0024716088407954265
2019-02-04,99.0701904296875,3871000,-0.0011432908947260853
2019-02-05,99.19306945800781,2616100,0.0012403229244575108
2019-02-06,99.23086547851562,2058700,0.00038103489199729817
2019-02-07,99.3348159790039,1912800,0.0010475621671443293
2019-02-08,99.40097045898438,6415000,0.0006659747574752806
2019-02-11,99.35374450683594,1664200,-0.0004751055440442028
2019-02-12,99.3159408569336,2057000,-0.00038049547191190876
2019-02-13,99.19306945800781,3840900,-0.0012371770117224155
2019-02-14,99.2970199584961,711300,0.0010479613248815477
2019-02-15,99.3159408569336,1307900,0.00019054850231566372
2019-02-19,99.42933654785156,1265000,0.0011417672726004508
2019-02-20,99.4671401977539,989500,0.00038020619683155877
2019-02-21,99.3631820678711,496700,-0.0010451504856390755
2019-02-22,99.47660064697266,687300,0.0011414547797401527
2019-02-25,99.4671401977539,483400,-9.510225678422302e-05
2019-02-26,99.55220794677734,660600,0.0008552346921235646
2019-02-27,99.41043090820312,803000,-0.001424147605545983
2019-02-28,99.3631820678711,1631600,-0.0004752905696149878
2019-03-01,99.12149047851562,1081700,-0.002432405890447215
2019-03-04,99.26365661621094,575800,0.0014342615008006434
2019-03-05,99.30157470703125,1264800,0.00038199369349164216
2019-03-06,99.43424224853516,607500,0.0013360064218046327
2019-03-07,99.56690216064453,409300,0.001334147162079161
2019-03-08,99.69960021972656,533200,0.0013327527140287222
2019-03-11,99.69960021972656,419300,0.0
2019-03-12,99.88916015625,477300,0.0019013108989972777
2019-03-13,99.9175796508789,471700,0.000284510297057774
2019-03-14,99.85123443603516,639400,-0.0006639994190768652
2019-03-15,100.02183532714844,1218600,0.0017085506461371634
2019-03-18,100.03132629394531,495200,9.488894865638316e-05
2019-03-19,100.00288391113281,613500,-0.000284334756583364
2019-03-20,100.2777099609375,762500,0.00274818124294206
2019-03-21,100.31562042236328,620200,0.0003780547186463374
2019-03-22,100.6473159790039,616100,0.00330651951554576
2019-03-25,100.73262023925781,715300,0.000847556235595012
2019-03-26,100.86530303955078,930100,0.0013171780896577851
2019-03-27,100.92215728759766,787900,0.0005636650694895708
2019-03-28,100.88427734375,566700,-0.0003753382296388082
2019-03-29,100.79896545410156,726400,-0.0008456410839693917
2019-04-01,100.4388656616211,2078800,-0.0035724552415613716
2019-04-02,100.50537872314453,1122300,0.000662224340003204
2019-04-03,100.41984558105469,1378800,-0.0008510304938550224
2019-04-04,100.50537872314453,607400,0.0008517553636427869
2019-04-05,100.619384765625,738100,0.0011343277735862635
2019-04-08,100.53385162353516,490400,-0.0008500662401094781
2019-04-09,100.59088897705078,4388500,0.0005673447559654867
2019-04-10,100.7428970336914,805800,0.0015111513397133287
2019-04-11,100.65738677978516,1645500,-0.0008487968524237777
2019-04-12,100.45785522460938,1053600,-0.0019822842769831655
2019-04-15,100.53385162353516,1026300,0.0007565003130503253
2019-04-16,100.36283111572266,898300,-0.0017011236021565476
2019-04-17,100.42936706542969,686000,0.0006629540933367298
2019-04-18,100.44835662841797,499500,0.00018908376646354405
2019-04-22,100.3818588256836,514500,-0.0006620098622455912
2019-04-23,100.41036224365234,624700,0.0002839498919645145
2019-04-24,100.55289459228516,971900,0.0014194984008418213
2019-04-25,100.5624008178711,530100,9.45395517899577e-05
2019-04-26,100.76193237304688,614100,0.001984156638594513
2019-04-29,100.6668930053711,686200,-0.0009432070766955997
2019-04-30,100.70490264892578,732600,0.00037757839166308125
2019-05-01,100.77349090576172,928800,0.0006810816060767934
2019-05-02,100.64015197753906,815500,-0.0013231548001780358
2019-05-03,100.82110595703125,1620300,0.0017980296724171574
2019-05-06,100.85921478271484,431600,0.0003779846027461281
2019-05-07,100.93540954589844,522800,0.0007554566367361005
2019-05-08,100.87826538085938,2057800,-0.000566145867898592
2019-05-09,100.9163589477539,424300,0.00037761917049932857
2019-05-10,101.0211181640625,765200,0.0010380796275342172
2019-05-13,101.15447998046875,777100,0.0013201379952027937
2019-05-14,101.21163940429688,483900,0.0005650706111994401
2019-05-15,101.32592010498047,481400,0.0011291260704422701
2019-05-16,101.2687759399414,672400,-0.0005639639391367707
2019-05-17,101.23066711425781,617600,-0.00037631367941283917
2019-05-20,101.1068344116211,753500,-0.0012232726126061215
2019-05-21,101.11637115478516,473000,9.432342748697865e-05
2019-05-22,101.22113800048828,447200,0.0010361017163358426
2019-05-23,101.42117309570312,519000,0.0019762185959011722
2019-05-24,101.45925903320312,433100,0.00037552254955739193
2019-05-28,101.47832489013672,587100,0.00018791638254872666
2019-05-29,101.5640640258789,1191600,0.0008449009759967076
2019-05-30,101.73548889160156,1352300,0.0016878496086861644
2019-05-31,101.92599487304688,868500,0.0018725617139196654
2019-06-03,102.18570709228516,872700,0.00254804693897532
2019-06-04,102.05204010009766,977000,-0.0013080791432678908
2019-06-05,102.09021759033203,1683600,0.00037409825611451415
2019-06-06,102.13795471191406,742100,0.0004675974124532767
2019-06-07,102.34803009033203,721700,0.002056780743363213
2019-06-10,102.0806655883789,832900,-0.00261230725903713
2019-06-11,102.06158447265625,802700,-0.00018692193681022086
2019-06-12,102.22389221191406,423600,0.0015902921760076833
2019-06-13,102.31937408447266,1828400,0.0009340465373853712
2019-06-14,102.2430191040039,715400,-0.0007462416688135033
2019-06-17,102.20481872558594,626100,-0.0003736233412582473
2019-06-18,102.35757446289062,732200,0.0014946040627969593
2019-06-19,102.64401245117188,920600,0.0027984053919243375
2019-06-20,102.79682922363281,475500,0.001488803572771797
2019-06-21,102.50080871582031,1067400,-0.0028796657450251917
2019-06-24,102.62491607666016,336700,0.0012107939673327536
2019-06-25,102.6058349609375,616100,-0.0001859306341201076
2019-06-26,102.46260070800781,597100,-0.0013959659602615915
2019-06-27,102.71085357666016,589100,0.0024228632392398557
2019-06-28,102.7395248413086,1062700,0.0002791454228061513
2019-07-01,102.69549560546875,1051900,-0.0004285520680366323
2019-07-02,102.89646911621094,4826800,0.001956984671599221
2019-07-03,102.96348571777344,1073100,0.0006513012753315341
2019-07-05,102.82948303222656,1448200,-0.0013014583239167048
2019-07-08,102.75291442871094,698000,-0.0007446172173366713
2019-07-09,102.6859130859375,646000,-0.0006520626995930363
2019-07-10,102.85819244384766,1000200,0.0016777311778488665
2019-07-11,102.62846374511719,1404500,-0.002233450669044979
2019-07-12,102.74331665039062,561200,0.0011191135585803984
2019-07-15,102.81990051269531,3437500,0.0007453902093241053
2019-07-16,102.73374938964844,950500,-0.0008378837425177026
2019-07-17,102.96348571777344,889300,0.002236230347766792
2019-07-18,103.08790588378906,1029100,0.0012083911606942394
2019-07-19,103.09748840332031,754200,9.295483741858496e-05
2019-07-22,103.06877136230469,747500,-0.0002785425858609001
2019-07-23,103.09748840332031,994800,0.00027862019345005674
2019-07-24,103.17405700683594,864800,0.0007426815599628038
2019-07-25,103.11664581298828,994900,-0.0005564499013919012
2019-07-26,103.0592041015625,610100,-0.0005570556622832475
2019-07-29,103.0592041015625,450900,0.0
2019-07-30,103.0496597290039,807000,-9.261057895603375e-05
2019-07-31,103.11664581298828,1245100,0.000650036925503029
2019-08-01,103.44575500488281,1245800,0.003191620414917313
2019-08-02,103.42655181884766,2105300,-0.0001856353219544855
2019-08-05,103.66643524169922,1601000,0.002319360151073392
2019-08-06,103.67603302001953,881500,9.258327729640934e-05
2019-08-07,103.61846923828125,3576500,-0.0005552274721696369
2019-08-08,103.68563079833984,649200,0.0006481620559762265
2019-08-09,103.56089782714844,1580100,-0.0012029918729433375
2019-08-12,103.66643524169922,536900,0.0010190855502907263
2019-08-13,103.47453308105469,839000,-0.001851150376658652
2019-08-14,103.49372100830078,864700,0.00018543622932865302
2019-08-15,103.82955932617188,1779800,0.0032450115291937144
2019-08-16,103.75279235839844,775500,-0.0007393556157960807
2019-08-19,103.73361206054688,765900,-0.00018486536521645646
2019-08-20,103.81998443603516,508800,0.000832636343925513
2019-08-21,103.81998443603516,687900,0.0
2019-08-22,103.76239776611328,1080700,-0.0005546780827862183
2019-08-23,103.93510437011719,2255500,0.0016644430711132696
2019-08-26,103.71439361572266,1127700,-0.0021235438760764712
2019-08-27,103.88712310791016,1151200,0.0016654341424150692
2019-08-28,103.91590881347656,2083500,0.0002770863674461927
2019-08-29,103.95430755615234,899800,0.0003695174599753048
2019-08-30,104.10781860351562,1070500,0.0014767165591513382
2019-09-03,104.1895751953125,1470400,0.0007853069336534361
2019-09-04,104.3338623046875,1719200,0.0013848516908195581
2019-09-05,104.08377838134766,1032200,-0.00239695835863452
2019-09-06,104.09339904785156,546200,9.243194908487606e-05
2019-09-09,104.17034149169922,903500,0.0007391673684542277
2019-09-10,103.76636505126953,1052900,-0.0038780370174929133
2019-09-11,103.8529281616211,3369700,0.000834211647568004
2019-09-12,103.8529281616211,959200,0.0
2019-09-13,103.59320831298828,561200,-0.0025008428094451373
2019-09-16,103.81444549560547,540300,0.0021356340460926652
2019-09-17,103.8529281616211,528800,0.0003706870063401147
2019-09-18,103.89138793945312,629200,0.00037032925804632327
2019-09-19,103.86255645751953,773500,-0.0002775156103448772
2019-09-20,103.93949890136719,692800,0.0007408102252819688
2019-09-23,103.97795104980469,1883000,0.00036994741021398374
2019-09-24,104.08377838134766,2708100,0.0010177862755948925
2019-09-25,103.91063690185547,1013900,-0.0016634818814688162
2019-09-26,104.01644134521484,602600,0.0010182253377900882
2019-09-27,104.13187408447266,840400,0.0011097547442015315
2019-09-30,104.17034149169922,1251600,0.0003694104957273449
2019-10-01,104.22047424316406,2761300,0.0004812574361085162
2019-10-02,104.32654571533203,1736000,0.001017760405891898
2019-10-03,104.4133071899414,1663000,0.0008316337324741345
2019-10-04,104.50009155273438,871700,0.0008311619000353728
2019-10-07,104.33617401123047,1231200,-0.0015685875396691663
2019-10-08,104.3651123046875,892400,0.0002773562834872248
2019-10-09,104.4036865234375,636700,0.0003696083671848592
2019-10-10,104.2301254272461,2306900,-0.0016624039051766975
2019-10-11,104.13369750976562,679900,-0.0009251444060457993
2019-10-14,104.18191528320312,438800,0.0004630371780755999
2019-10-15,104.13369750976562,794500,-0.00046282287387813055
2019-10-16,104.17227935791016,1093500,0.0003705030078367577
2019-10-17,104.2108383178711,1612700,0.00037014607147510385
2019-10-18,104.15299987792969,1011400,-0.0005550136710826896
2019-10-21,104.05656433105469,466900,-0.0009259027295231557
2019-10-22,104.09514617919922,717300,0.0003707776476434833
2019-10-23,104.2108383178711,1144500,0.0011114076200316931
2019-10-24,104.19155883789062,729900,-0.0001850045570275632
2019-10-25,104.13369750976562,508600,-0.0005553360442089669
2019-10-28,104.04693603515625,2389800,-0.0008331738590309687
2019-10-29,104.19155883789062,523300,0.0013899765648601957
2019-10-30,104.35547637939453,538500,0.0015732324511906189
2019-10-31,104.5097427368164,828900,0.0014782775449275376
2019-11-01,104.49911499023438,958000,-0.00010169144334030914
2019-11-04,104.47977447509766,510800,-0.0001850782672994518
2019-11-05,104.1994857788086,1155300,-0.0026827077077570473
2019-11-06,104.31548309326172,710200,0.0011132234826893529
2019-11-07,104.11249542236328,683900,-0.0019459016521733343
2019-11-08,104.1994857788086,524000,0.0008355419404021608
2019-11-11,104.21883392333984,604400,0.00018568368535255188
2019-11-12,104.27680969238281,569900,0.0005562887902354956
2019-11-13,104.28646087646484,603300,9.255350360739169e-05
2019-11-14,104.44111633300781,741900,0.0014829869116583577
2019-11-15,104.4507827758789,1437100,9.255399798937944e-05
2019-11-18,104.49911499023438,3198400,0.0004627271626980113
2019-11-19,104.41211700439453,1644100,-0.0008325236615446348
2019-11-20,104.5184326171875,1200200,0.0010182306023782096
2019-11-21,104.47977447509766,864800,-0.0003698691333368371
2019-11-22,104.47977447509766,969700,0.0
2019-11-25,104.5280990600586,583000,0.0004625257395866171
2019-11-26,104.57643127441406,1400900,0.00046238489736332583
2019-11-27,104.4700927734375,425300,-0.001016849587241361
2019-11-29,104.5184326171875,898500,0.00046271466279668947
2019-12-02,104.48065948486328,3280800,-0.00036140163393540175
2019-12-03,104.70346069335938,1773700,0.002132463650158834
2019-12-04,104.51940155029297,1171800,-0.001757908877581922
2019-12-05,104.49032592773438,1557200,-0.00027818397471978496
2019-12-06,104.5484390258789,811600,0.0005561576885569515
2019-12-09,104.50971984863281,747800,-0.00037034677520636706
2019-12-10,104.47096252441406,654500,-0.00037084899160465045
2019-12-11,104.6744155883789,570000,0.001947460414345262
2019-12-12,104.39347076416016,945800,-0.0026839875115571305
2019-12-13,104.74222564697266,593500,0.003340772945468854
2019-12-16,104.58722686767578,975700,-0.0014798117792464045
2019-12-17,104.65503692626953,1018600,0.0006483588926164338
2019-12-18,104.5387954711914,1504200,-0.0011107105638882744
2019-12-19,104.59306335449219,1786400,0.0005191171665617315
2019-12-20,104.6802978515625,3706900,0.0008340371174965289
2019-12-23,104.534912109375,2256700,-0.0013888548769096754
2019-12-24,104.61245727539062,1172700,0.0007418111753371869
2019-12-26,104.61245727539062,664300,0.0
2019-12-27,104.82567596435547,2890800,0.0020381768531021974
2019-12-30,104.78691864013672,1050100,-0.0003697312119592617
2019-12-31,104.73845672607422,790000,-0.00046248057192071633
