Date,Adj Close,Volume,LogReturn
2019-01-02,116.95376586914062,303500,
2019-01-03,112.9638671875,153700,-0.034115179207695766
2019-01-04,121.07296752929688,404900,0.07178490382537281
2019-01-07,115.98399353027344,286500,-0.04203228931174932
2019-01-08,99.04541778564453,913800,-0.14604235661369688
2019-01-09,102.26874542236328,519600,0.032543934982380715
2019-01-10,100.8464126586914,335000,-0.01390779517043778
2019-01-11,103.2662124633789,348800,0.023994902157572686
2019-01-14,100.47698974609375,240500,-0.027010022453126115
2019-01-15,106.85894775390625,399200,0.06351661235014867
2019-01-16,109.97145080566406,351400,0.02912721037573603
2019-01-17,111.10747528076172,308600,0.010330176302804086
2019-01-18,112.87150573730469,466000,0.015876793636840122
2019-01-22,111.27371978759766,298500,-0.01415579547087546
2019-01-23,113.13935089111328,231500,0.01676614304866228
2019-01-24,112.68679809570312,187500,-0.0039999592701013345
2019-01-25,114.35848236083984,298400,0.014834783607188692
2019-01-28,113.47184753417969,175100,-0.007753118162783258
2019-01-29,113.56419372558594,174800,0.0008138246923179225
2019-01-30,115.4945068359375,197400,0.016997550434038472
2019-01-31,117.51714324951172,178400,0.01751283648881603
2019-02-01,114.6817398071289,214600,-0.024127572913874365
2019-02-04,117.73881530761719,203700,0.02665703803961863
2019-02-05,118.74552917480469,242500,0.008550399157297875
2019-02-06,117.53562927246094,305400,-0.010189014363333734
2019-02-07,117.36013793945312,208000,-0.001493090513013749
2019-02-08,119.41974639892578,236800,0.01754947204079823
2019-02-11,122.04273223876953,192300,0.021964423128831435
2019-02-12,122.63383483886719,269900,0.0048434068072255075
2019-02-13,121.48857116699219,240700,-0.009338888190031742
2019-02-14,121.75643157958984,284800,0.0022048198445717873
2019-02-15,122.67076873779297,173600,0.007509559424016467
2019-02-19,120.65734100341797,287400,-0.016413264179330884
2019-02-20,121.06371307373047,216100,0.003367984632621635
2019-02-21,116.85216522216797,173300,-0.03478786289164594
2019-02-22,119.22577667236328,202800,0.02031294367273749
2019-02-25,117.79421997070312,335700,-0.012007107369022435
2019-02-26,121.65481567382812,426900,0.03277406738705157
2019-02-27,118.86558532714844,951700,-0.022927414186035718
2019-02-28,117.692626953125,503000,-0.009867939242423756
2019-03-01,116.92605590820312,295500,-0.006513331079160867
2019-03-04,118.87483215332031,335800,0.016666740616369906
2019-03-05,122.63383483886719,305100,0.031621518343753825
2019-03-06,120.13091278076172,176800,-0.020409718585365482
2019-03-07,119.3827896118164,208100,-0.006227565841530175
2019-03-08,121.4239273071289,194000,0.017097420004587242
2019-03-11,125.00743865966797,193600,0.029512398684609763
2019-03-12,125.25678253173828,197400,0.0019946322774371033
2019-03-13,125.50617218017578,150700,0.0019910270996647086
2019-03-14,122.78158569335938,172400,-0.021708784830956434
2019-03-15,125.89408874511719,294500,0.02534991736897035
2019-03-18,125.01667022705078,203400,-0.006969497351403141
2019-03-19,124.75806427001953,193400,-0.0020685717877590177
2019-03-20,121.71024322509766,143500,-0.024429851991974946
2019-03-21,121.8302993774414,184000,0.0009864096000671981
2019-03-22,116.03941345214844,213000,-0.04753239510109283
2019-03-25,120.20478820800781,205100,0.035896206572752665
2019-03-26,122.30133819580078,212500,0.01744148481144531
2019-03-27,119.19808197021484,273900,-0.025373853396581134
2019-03-28,118.780029296875,132500,-0.0035072097338303358
2019-03-29,118.49205780029297,145200,-0.0024244100484458082
2019-04-01,121.65059661865234,186400,0.026656122587412484
2019-04-02,120.36861419677734,223400,-0.010538233740798911
2019-04-03,118.25052642822266,278900,-0.017596678192971966
2019-04-04,121.78996276855469,156800,0.029931675124342447
2019-04-05,123.90803527832031,191900,0.01739119104413173
2019-04-08,127.98628997802734,256600,0.03291356117903507
2019-04-09,126.11903381347656,260700,-0.014589501460440421
2019-04-10,129.45408630371094,236000,0.02644368886592283
2019-04-11,127.95842742919922,172400,-0.011553585655092945
2019-04-12,126.79718017578125,134800,-0.009075191659888907
2019-04-15,127.84693145751953,154200,0.00827897970824739
2019-04-16,129.9650115966797,197100,0.016567313075198393
2019-04-17,133.6809539794922,357100,0.02859186743540008
2019-04-18,133.56019592285156,286300,-0.0009033303028279581
2019-04-22,137.07174682617188,298100,0.02629189691626906
2019-04-23,142.07899475097656,337000,0.03653012411926617
2019-04-24,145.92498779296875,286300,0.027069399306583652
2019-04-25,141.80029296875,215200,-0.02826585690773307
2019-04-26,144.08558654785156,178000,0.01611628249319059
2019-04-29,143.76043701171875,330100,-0.002256641652528018
2019-04-30,136.27279663085938,625900,-0.05208415149885092
2019-05-01,140.53684997558594,488900,0.03129056899211647
2019-05-02,133.46730041503906,684000,-0.05030388515022926
2019-05-03,140.0537872314453,350400,0.04934906749386898
2019-05-06,141.12213134765625,528900,0.007628098727851249
2019-05-07,134.89791870117188,247100,-0.04410514911478303
2019-05-08,133.56019592285156,212500,-0.009916556098123785
2019-05-09,132.80770874023438,206700,-0.005634067675760576
2019-05-10,131.08908081054688,173000,-0.012940724194324106
2019-05-13,127.91193389892578,213100,-0.024236548856519817
2019-05-14,128.99888610839844,255300,0.008497660666529759
2019-05-15,131.6186065673828,180500,0.020308085891400724
2019-05-16,135.18592834472656,250900,0.0271034762514177
2019-05-17,132.23175048828125,164200,-0.021852702367898127
2019-05-20,134.9536590576172,210200,0.020584379767226636
2019-05-21,136.3843231201172,191100,0.01060115059117583
2019-05-22,132.47329711914062,147100,-0.028676507031765087
2019-05-23,129.00820922851562,176200,-0.026156878148119567
2019-05-24,128.5994110107422,112600,-0.0031687767795406142
2019-05-28,126.45345306396484,191300,-0.016687152218746067
2019-05-29,123.11839294433594,215200,-0.026373816126174975
2019-05-30,123.11839294433594,149200,0.0
2019-05-31,119.7926254272461,174700,-0.027012759325030205
2019-06-03,119.52323913574219,219600,-0.0022487719134890584
2019-06-04,120.99103546142578,233700,0.01228042626937697
2019-06-05,121.65989685058594,175900,0.005528189643218665
2019-06-06,121.55770874023438,239900,-0.0008399490135772735
2019-06-07,127.23381805419922,182500,0.04669477051508547
2019-06-10,128.8688201904297,251600,0.0128503739118635
2019-06-11,130.25302124023438,169800,0.01074116336099959
2019-06-12,131.7951202392578,111500,0.01183925704248534
2019-06-13,129.27757263183594,163400,-0.019101978911294875
2019-06-14,127.54035186767578,120000,-0.01343791292483123
2019-06-17,129.62130737304688,135400,0.016316055859169207
2019-06-18,128.4321746826172,193400,-0.009173898292873975
2019-06-19,125.654541015625,261000,-0.021627241568215303
2019-06-20,120.02485656738281,260500,-0.04480287304174819
2019-06-21,117.72100830078125,256600,-0.0191947595897202
2019-06-24,118.93797302246094,290700,0.010337702159076827
2019-06-25,117.43301391601562,194800,-0.012653310529860025
2019-06-26,117.53519439697266,163000,0.0008701171633907608
2019-06-27,120.26400756835938,188100,0.02321698777448914
2019-06-28,119.89955139160156,267600,-0.0030304675864942523
2019-07-01,114.93721008300781,226300,-0.04138748853518513
2019-07-02,114.44192504882812,141400,-0.004309179192900123
2019-07-03,113.70364379882812,258900,-0.006451143229939576
2019-07-05,114.38584899902344,199500,0.005999853455904318
2019-07-08,114.59146118164062,223000,0.0017975316388913012
2019-07-09,109.096435546875,297700,-0.04795318584912168
2019-07-10,106.23680114746094,349300,-0.026211987450180035
2019-07-11,105.65737915039062,263200,-0.005454061029812556
2019-07-12,105.6667251586914,167200,8.845580285952698e-05
2019-07-15,105.25553894042969,160100,-0.0038913500692313017
2019-07-16,104.93781280517578,292600,-0.0030186167725930906
2019-07-17,101.98469543457031,266800,-0.028141594451640925
2019-07-18,106.09661102294922,383600,0.040318947572059595
2019-07-19,106.29285430908203,323200,0.0018496659246765583
2019-07-22,106.57322692871094,218800,0.0026377372350320847
2019-07-23,106.22745513916016,240000,-0.0032444526595978487
2019-07-24,105.80691528320312,162000,-0.003958862192510546
2019-07-25,107.37691497802734,382600,0.01483834672452129
2019-07-26,107.07786560058594,300600,-0.0027850434844640588
2019-07-29,105.57328796386719,379200,-0.014051247923926837
2019-07-30,104.68546295166016,266500,-0.00840956106729282
2019-07-31,104.33971405029297,268000,-0.0033027403387119896
2019-08-01,103.89112854003906,508400,-0.004299278700703384
2019-08-02,96.43362426757812,1480000,-0.07178191610063084
2019-08-05,91.64887237548828,692100,-0.049617049327249245
2019-08-06,96.1626205444336,515000,0.04925044959039262
2019-08-07,97.14385986328125,319100,0.010203957767501331
2019-08-08,98.40546417236328,234500,0.012986969128646868
2019-08-09,97.6858901977539,236000,-0.007312337588784668
2019-08-12,94.51786041259766,237000,-0.0324307817510076
2019-08-13,97.27470397949219,297300,0.029167435179553534
2019-08-14,95.06922149658203,259400,-0.022672723664881305
2019-08-15,91.63951873779297,257500,-0.03607584773282664
2019-08-16,94.84492492675781,360400,0.034978426699690916
2019-08-19,95.48041534423828,375900,0.006700310195524053
2019-08-20,97.75130462646484,260900,0.02378382282941753
2019-08-21,98.95684051513672,325500,0.0123326833670258
2019-08-22,99.3026351928711,189700,0.0034943989312338775
2019-08-23,93.97581481933594,411600,-0.053642286160776195
2019-08-26,95.75141906738281,303200,0.018894268184430112
2019-08-27,95.94767761230469,219900,0.0020496672199057714
2019-08-28,96.9476089477539,157100,0.010421631459279676
2019-08-29,92.10678100585938,469200,-0.04993241189169817
2019-08-30,93.41511535644531,305200,0.014204538865631488
2019-09-03,94.42440795898438,329300,0.010804382124754555
2019-09-04,93.96648406982422,340700,-0.004849634740194157
2019-09-05,93.69548034667969,267900,-0.0028840466452182563
2019-09-06,94.2281494140625,221100,0.005685109520885111
2019-09-09,95.05987548828125,258400,0.008826726189473739
2019-09-10,95.79814910888672,292700,0.0077664063498219214
2019-09-11,99.46148681640625,325300,0.03824017208678723
2019-09-12,98.143798828125,235800,-0.013248223311939233
2019-09-13,99.10636901855469,565900,0.009807753540449307
2019-09-16,98.17183685302734,313300,-0.00942958736942911
2019-09-17,98.91011047363281,246900,0.007520218061221928
2019-09-18,100.63898468017578,251900,0.017479246542787426
2019-09-19,99.55493927001953,374000,-0.010771625067574724
2019-09-20,100.91934204101562,393100,0.01370502338709152
2019-09-23,99.07833099365234,218200,-0.01824240041730611
2019-09-24,98.51760864257812,161300,-0.005659384301802001
2019-09-25,98.5923843383789,466800,0.0007590084334270381
2019-09-26,94.01807403564453,398200,-0.04639618296515566
2019-09-27,95.07222747802734,356500,0.01121224246715751
2019-09-30,97.53821563720703,288800,0.025938049676490597
2019-10-01,97.19937133789062,188200,-0.0034739645081958044
2019-10-02,94.24395751953125,222100,-0.030405688613824238
2019-10-03,95.29812622070312,258900,0.01118553092333169
2019-10-04,96.78523254394531,102500,0.015604780305943936
2019-10-07,97.47232818603516,137300,0.0070991785009956775
2019-10-08,92.74742889404297,196000,-0.048474263208059115
2019-10-09,92.32386779785156,185400,-0.004566823050968812
2019-10-10,89.95201110839844,203800,-0.025690612254746975
2019-10-11,91.31678009033203,189300,0.015172189761148888
2019-10-14,92.80389404296875,165700,0.016285221086044008
2019-10-15,93.85806274414062,181300,0.011359099874449111
2019-10-16,96.00403594970703,154400,0.02286402619896792
2019-10-17,96.83229064941406,201900,0.008627290420799844
2019-10-18,94.78044891357422,670500,-0.02118964368269088
2019-10-21,95.67460632324219,191100,0.009433985805272016
2019-10-22,99.42064666748047,148300,0.03915396663961247
2019-10-23,100.19244384765625,250800,0.007762946692120326
2019-10-24,100.54068756103516,288000,0.0034757482700832685
2019-10-25,102.55490112304688,347400,0.020033815272935664
2019-10-28,101.46308898925781,391400,-0.010646123411294506
2019-10-29,103.76907348632812,267100,0.022727323995768094
2019-10-30,106.19740295410156,226400,0.02340128312019069
2019-10-31,104.41851043701172,199200,-0.01675080997845757
2019-11-01,102.84667205810547,305400,-0.015053254181924273
2019-11-04,104.7667465209961,254000,0.018669291134727598
2019-11-05,105.62325286865234,350800,0.00817536457032766
2019-11-06,99.88184356689453,350500,-0.05435743688842394
2019-11-07,96.00403594970703,792800,-0.03882394916539952
2019-11-08,69.98882293701172,3379600,-0.270980409889473
2019-11-11,75.83377075195312,1548300,0.08351258914872337
2019-11-12,75.14668273925781,766500,-0.009060449004213817
2019-11-13,75.25021362304688,528800,0.0013777172859152215
2019-11-14,72.10655975341797,567600,-0.041776012562256694
2019-11-15,72.70894622802734,542000,0.008354114752795717
2019-11-18,76.27615356445312,874700,0.0490614638429558
2019-11-19,83.44822692871094,736800,0.09402772726599844
2019-11-20,78.55387878417969,376000,-0.05865131381056721
2019-11-21,77.70679473876953,364900,-0.010783478276578167
2019-11-22,78.65742492675781,213100,0.012233552949700962
2019-11-25,81.81990814208984,347800,0.04020578118692279
2019-11-26,82.61051940917969,287800,0.009662822716897394
2019-11-27,82.93995666503906,259800,0.003987836636489758
2019-11-29,82.7423095703125,97000,-0.0023830142029707003
2019-12-02,82.36581420898438,320900,-0.004550215763655811
2019-12-03,80.53986358642578,276800,-0.02216879223612921
2019-12-04,85.25534057617188,590800,0.05854836077150796
2019-12-05,84.8223876953125,253900,-0.005078308032475112
2019-12-06,85.24593353271484,207500,0.0049933260417491165
2019-12-09,83.69293212890625,297600,-0.018217894267209805
2019-12-10,84.04116821289062,206300,0.004160878047001769
2019-12-11,85.65065002441406,222600,0.019151111838978076
2019-12-12,87.85309600830078,250700,0.025714293858352836
2019-12-13,85.06710052490234,187100,-0.03171197840466776
2019-12-16,88.81314849853516,365500,0.04403638951507702
2019-12-17,88.27665710449219,371300,-0.0060406753179324275
2019-12-18,89.29317474365234,565600,0.011515135172788822
2019-12-19,97.09584045410156,1019100,0.08738255452165893
2019-12-20,98.82768249511719,697400,0.017836418459494036
2019-12-23,101.11483764648438,287500,0.023142859304428085
2019-12-24,101.7454605102539,166100,0.006236699563068103
2019-12-26,102.99147033691406,207100,0.012246343182402555
2019-12-27,103.03902435302734,146600,0.00046172771354480803
2019-12-30,103.29583740234375,204000,0.0024923862675225433
2019-12-31,104.22798156738281,214500,0.009024024476497564
