Date,Adj Close,Volume,LogReturn
2019-01-02,66.29254150390625,15120125,
2019-01-03,64.93318176269531,13910628,-0.020505470304390698
2019-01-04,66.888916015625,14753115,0.030119180977102127
2019-01-07,66.1522216796875,15795142,-0.011013698230143407
2019-01-08,66.64334869384766,11896686,0.007424195313321733
2019-01-09,66.13470458984375,11916284,-0.0076323311174017125
2019-01-10,65.31908416748047,19134070,-0.01233271438077211
2019-01-11,65.68742370605469,9878029,0.00563907996060972
2019-01-14,64.3456039428711,15669486,-0.02042734647636839
2019-01-15,65.33660888671875,13102096,0.015401284363225727
2019-01-16,65.43309783935547,15272504,0.0014767976832714448
2019-01-17,66.30132293701172,16969321,0.013268897948066374
2019-01-18,66.53812408447266,14980741,0.003571590082537355
2019-01-22,66.50303649902344,10568766,-0.0005273305481932995
2019-01-23,66.16099548339844,14369233,-0.005143239070444891
2019-01-24,64.17020416259766,21986621,-0.03009010529928202
2019-01-25,63.97726058959961,14054099,-0.0030067470645590726
2019-01-28,63.950950622558594,13376672,-0.00041123934970877256
2019-01-29,64.22281646728516,11966693,0.0042511618995490314
2019-01-30,64.3456039428711,13941230,0.001911898019117317
2019-01-31,65.27522277832031,16797658,0.014447278112030403
2019-02-01,67.04676818847656,15941757,0.027139630241823223
2019-02-04,67.41511535644531,11824165,0.005493884014413366
2019-02-05,67.6606674194336,12955690,0.0036423888276385617
2019-02-06,67.87113952636719,8375721,0.0031107010167201166
2019-02-07,67.37127685546875,9661407,-0.0073648781262063
2019-02-08,67.98516082763672,9266940,0.009111953948637947
2019-02-11,67.27479553222656,13803942,-0.010448828637931014
2019-02-12,68.86216735839844,13676086,0.023595342261746127
2019-02-13,69.30066680908203,10980106,0.006367784626954735
2019-02-14,69.23049926757812,8577042,-0.0010125088939939408
2019-02-15,69.99349975585938,10886100,0.011021161140731173
2019-02-19,69.49359893798828,9653547,-0.007142103475533747
2019-02-20,69.66023254394531,8993517,0.0023978266848105625
2019-02-21,70.01102447509766,7740633,0.005035755959198756
2019-02-22,70.83541870117188,8337469,0.011775205865862582
2019-02-25,70.49337768554688,9741265,-0.004828672179774119
2019-02-26,70.80911254882812,8927912,0.004478929420713295
2019-02-27,70.703857421875,7852978,-0.0014864630153434532
2019-02-28,71.29145050048828,11588365,0.008310622645483644
2019-03-01,71.607177734375,10624205,0.004428682986111446
2019-03-04,71.36161041259766,8522755,-0.0034293674118573625
2019-03-05,71.65103912353516,8698190,0.004055804083793579
2019-03-06,70.82662963867188,8167169,-0.01150589712232782
2019-03-07,70.55477142333984,10925505,-0.003838361598157914
2019-03-08,69.9847183227539,11716326,-0.008079582558145193
2019-03-11,70.9231185913086,9126613,0.013408645359219635
2019-03-12,71.23883056640625,9261281,0.0044514677494222
2019-03-13,71.56331634521484,8059749,0.0045549004135619535
2019-03-14,71.95182800292969,8530406,0.005428921933140987
2019-03-15,72.02245330810547,17341046,0.0009815637369617013
2019-03-18,71.82820892333984,14357914,-0.0026969976145448044
2019-03-19,72.3226547241211,10224393,0.006883727273625291
2019-03-20,72.4727783203125,11894590,0.002075747865783706
2019-03-21,73.2409439086914,9473291,0.010599367185618254
2019-03-22,72.65819549560547,10639191,-0.007956593429659275
2019-03-25,72.711181640625,7878654,0.0007292521464111501
2019-03-26,73.2144546508789,9242731,0.006921535297574079
2019-03-27,72.65819549560547,10020766,-0.0075976684921842804
2019-03-28,72.9583969116211,7161298,0.004131693802301791
2019-03-29,73.43518829345703,10147994,0.006535113188047479
2019-04-01,73.54997253417969,8820282,0.0015630686512842148
2019-04-02,73.47051239013672,5875088,-0.001080355862893661
2019-04-03,73.44402313232422,6550734,-0.00036054271231754923
2019-04-04,72.26968383789062,10257719,-0.015989582873446144
2019-04-05,71.6516342163086,10324162,-0.008551990112041849
2019-04-08,71.47502899169922,10586267,-0.0024647759474155577
2019-04-09,71.34259033203125,10785282,-0.0018529360748262105
2019-04-10,71.3602523803711,6894268,0.00024756668152423224
2019-04-11,70.49496459960938,10410518,-0.012125626688502738
2019-04-12,70.13294219970703,10164762,-0.005135436296174121
2019-04-15,69.33828735351562,13822491,-0.011330693127469075
2019-04-16,68.48182678222656,12531250,-0.012351914129670781
2019-04-17,65.26786804199219,34181463,-0.04693155675380596
2019-04-18,64.6233139038086,32768445,-0.009875520030298814
2019-04-22,64.86170959472656,14548441,0.003689004424514956
2019-04-23,65.86830139160156,19281523,0.015519045106341734
2019-04-24,65.98307037353516,12779102,0.00174240081357597
2019-04-25,67.40460968017578,13994154,0.021544000583682804
2019-04-26,67.66068267822266,8888193,0.003799042814162131
2019-04-29,67.79312896728516,7395317,0.0019575074300148807
2019-04-30,69.49722290039062,11269039,0.02513667622463349
2019-05-01,69.50603485107422,15288643,0.00012679572385538042
2019-05-02,70.21241760253906,11579142,0.010162898127887187
2019-05-03,70.63621520996094,7942582,0.006035935264626886
2019-05-06,70.1771011352539,9906534,-0.006499698112962997
2019-05-07,68.78203582763672,10523387,-0.01987920967166265
2019-05-08,69.02925872802734,10567508,0.00359429460637294
2019-05-09,69.16169738769531,8105861,0.001918587307880156
2019-05-10,69.03809356689453,9027158,-0.0017871715916384064
2019-05-13,68.1374740600586,9641705,-0.013045254587791903
2019-05-14,68.35821533203125,8113826,0.0032396456578077386
2019-05-15,68.4729995727539,7284543,0.0016791579500009374
2019-05-16,69.86804962158203,9910831,0.020373724789810865
2019-05-17,69.50603485107422,8259707,-0.005181406558055504
2019-05-20,69.64732360839844,8281191,0.0020327552510648666
2019-05-21,70.19475555419922,10873734,0.007860057177197389
2019-05-22,71.50151824951172,13491847,0.018616243977137497
2019-05-23,71.5368423461914,9831498,0.0004940328197846166
2019-05-24,71.66927337646484,6071588,0.0018512283451449835
2019-05-28,70.86578369140625,13779733,-0.011211076200508098
2019-05-29,70.07113647460938,11278890,-0.011213411824488723
2019-05-30,70.35367584228516,7483768,0.004032179038200141
2019-05-31,69.93869018554688,7142749,-0.0058985639594521305
2019-06-03,70.86578369140625,9218103,0.013255803095536993
2019-06-04,71.5898208618164,9368806,0.010217020580243139
2019-06-05,72.12841033935547,9821961,0.00752326896555105
2019-06-06,71.90767669677734,11393961,-0.0030602870843763207
2019-06-07,72.80828094482422,8797436,0.012524452039308302
2019-06-10,72.82595825195312,7536273,0.00024279253540270394
2019-06-11,73.26742553710938,7789679,0.006061949554153793
2019-06-12,73.91199493408203,11057762,0.008797489365122934
2019-06-13,73.19679260253906,10194001,-0.009676404109790537
2019-06-14,73.57899475097656,7989952,0.005221569618669905
2019-06-17,74.04119873046875,6427279,0.006281738165307742
2019-06-18,75.09892272949219,11425086,0.014285614187229153
2019-06-19,75.87223052978516,9825419,0.010297188990026379
2019-06-20,75.19669342041016,12490483,-0.00890361473042241
2019-06-21,75.1700439453125,15034294,-0.0003543969007874348
2019-06-24,76.00555419921875,7891440,0.01111493635036449
2019-06-25,75.76556396484375,9348894,-0.0031575354841300116
2019-06-26,74.25452423095703,12604401,-0.019943621545374646
2019-06-27,74.51228332519531,11721670,0.003471291438573656
2019-06-28,74.53006744384766,46684837,0.00023867365028566091
2019-07-01,75.33002471923828,10260863,0.010733349677877693
2019-07-02,76.00555419921875,10381593,0.00896759934034573
2019-07-03,77.24105834960938,6533232,0.01625544558430869
2019-07-05,76.08555603027344,8767358,-0.014959690403333024
2019-07-08,74.6989517211914,13693273,-0.01822427779236206
2019-07-09,75.42781066894531,8490791,0.009757284820733778
2019-07-10,75.39224243164062,5996132,-0.00047155335663655215
2019-07-11,71.9968490600586,22146126,-0.045036375919719984
2019-07-12,70.86801147460938,18910636,-0.0156789859582266
2019-07-15,71.96128845214844,10922570,0.015426945878547224
2019-07-16,72.5212631225586,8448662,0.007781609841276236
2019-07-17,72.81458282470703,9848999,0.004044602776053923
2019-07-18,73.49900817871094,8472661,0.009399564310511588
2019-07-19,72.34349822998047,12053782,-0.015721435939936444
2019-07-22,72.1834945678711,7261697,-0.0022117213851163553
2019-07-23,72.912353515625,7420469,0.010097307592507744
2019-07-24,72.6634750366211,7720197,-0.003413392477456814
2019-07-25,72.6634750366211,9670106,0.0
2019-07-26,72.37903594970703,7638977,-0.003914471290709814
2019-07-29,73.32123565673828,11123682,0.01301757746104746
2019-07-30,74.01453399658203,14286965,0.009455628149660559
2019-07-31,73.76565551757812,12443428,-0.0033625622639926285
2019-08-01,74.38786315917969,10550006,0.00843492323406917
2019-08-02,75.08113861083984,10913767,0.009319738761370832
2019-08-05,73.88121032714844,11885578,-0.01598175395169309
2019-08-06,74.9744873046875,11025274,0.014797767560899395
2019-08-07,74.8855972290039,11509660,-0.0011856043152700057
2019-08-08,75.312255859375,8699762,0.0056974724934936456
2019-08-09,76.01443481445312,8968260,0.009323568216961285
2019-08-12,75.57002258300781,8761909,-0.00584641894043016
2019-08-13,76.51219940185547,8413658,0.012467600070024433
2019-08-14,74.13008880615234,11411148,-0.031133735722219447
2019-08-15,74.18341064453125,9543612,0.0007193008835904816
2019-08-16,75.6055679321289,9156271,0.019170826405006988
2019-08-19,76.6099853515625,7655221,0.013284966265120301
2019-08-20,76.12999725341797,6176598,-0.0062653464289527065
2019-08-21,77.24995422363281,6486072,0.01471111271010274
2019-08-22,77.08106231689453,6588776,-0.0021863042953961095
2019-08-23,75.49891662597656,10608694,-0.02052573801348864
2019-08-26,76.33442687988281,6041825,0.011066519775977552
2019-08-27,76.01443481445312,6527049,-0.00419197573767359
2019-08-28,76.86773681640625,6159934,0.011225525836454435
2019-08-29,77.08106231689453,6321012,0.0027752280647704744
2019-08-30,76.85884857177734,6795127,-0.002882857843910163
2019-09-03,77.01885223388672,6695882,0.0020817858331555663
2019-09-04,76.48553466796875,7868070,-0.006924506798652602
2019-09-05,76.52997589111328,7524954,0.0005810408901167389
2019-09-06,76.94773864746094,7047695,0.005458812073089483
2019-09-09,74.19229888916016,12040786,-0.035809236330192055
2019-09-10,72.61014556884766,18087432,-0.021325034322984972
2019-09-11,73.70343780517578,10602197,0.015057017552615765
2019-09-12,74.05009460449219,8416698,0.004703400677628398
2019-09-13,73.9158706665039,7521496,-0.001812609946080186
2019-09-16,73.39691162109375,6191270,-0.007020942061977637
2019-09-17,73.8263931274414,7375405,0.005851492887940892
2019-09-18,74.28273010253906,6943734,0.00618121725532376
2019-09-19,75.13274383544922,6922774,0.011442952241211472
2019-09-20,76.19749450683594,23631247,0.014171593063587102
2019-09-23,75.48170471191406,8909572,-0.00939387573770761
2019-09-24,74.80168151855469,9377085,-0.009009112816870972
2019-09-25,74.35430145263672,7290936,-0.005980882472635262
2019-09-26,75.05221557617188,8104918,0.009386331522188044
2019-09-27,74.1843032836914,7827093,-0.011564112875516761
2019-09-30,75.32064056396484,9806974,0.015317759013357865
2019-10-01,74.81063842773438,7050001,-0.006771080707915085
2019-10-02,73.03005981445312,8762433,-0.023801141798853304
2019-10-03,74.03218078613281,5790095,0.013722034107951822
2019-10-04,76.05435180664062,7504518,0.027314756894026165
2019-10-07,75.50853729248047,5086154,-0.007176637512444079
2019-10-08,74.52430725097656,6416694,-0.01303468557060661
2019-10-09,75.32064056396484,4660875,0.01068555136388532
2019-10-10,74.94483947753906,8580290,-0.0049893506429574
2019-10-11,75.46379852294922,6229626,0.006924546760363508
2019-10-14,75.77696990966797,5513214,0.004149955248058601
2019-10-15,76.09013366699219,5205102,0.004132703612951722
2019-10-16,75.56222534179688,5686134,-0.0069379339968792635
2019-10-17,74.98062896728516,7178486,-0.007696919616659458
2019-10-18,75.76802062988281,7883056,0.01050126777332321
2019-10-21,75.62486267089844,5352136,-0.0018894245592567807
2019-10-22,72.74373626708984,18629038,-0.038097608406200696
2019-10-23,74.14849853515625,8511961,0.01931110965909979
2019-10-24,73.88902282714844,5232769,-0.0034994060990295914
2019-10-25,73.60269927978516,7868384,-0.003875048503931219
2019-10-28,73.54902648925781,15557665,-0.0007292231270393759
2019-10-29,76.14381408691406,17371019,0.03527970010636689
2019-10-30,77.14594268798828,10026845,0.01316099821228213
2019-10-31,77.53963470458984,12419429,0.005103210912773781
2019-11-01,76.00066375732422,9281298,-0.019847539302045848
2019-11-04,75.07011413574219,8947195,-0.012243967033674147
2019-11-05,74.19324493408203,9937974,-0.011680669621396826
2019-11-06,74.48851013183594,9735606,0.003979677637987643
2019-11-07,74.1574478149414,9251325,-0.0044444749439690725
2019-11-08,74.7927474975586,6653123,0.008566903275886282
2019-11-11,74.51537322998047,3725221,-0.003708571711276941
2019-11-12,75.2669448852539,8616656,0.010086128844229564
2019-11-13,75.89328002929688,6516883,0.00832151676938436
2019-11-14,75.6517105102539,7911247,-0.0031830159264392885
2019-11-15,75.96487426757812,9675870,0.0041395462866867
2019-11-18,75.2759017944336,10701757,-0.009069619081020256
2019-11-19,75.7411880493164,9691380,0.006181078456601352
2019-11-20,76.29592895507812,8160147,0.007324164302790145
2019-11-21,76.46592712402344,7195568,0.002228142068306224
2019-11-22,76.45697784423828,7800159,-0.00011703617704969458
2019-11-25,76.68067932128906,9021289,0.0029258477559303523
2019-11-26,78.1480712890625,19233420,0.01913639760056275
2019-11-27,78.38966369628906,6037318,0.0030914698628061402
2019-11-29,78.0049057006836,4880222,-0.00490827460487859
2019-12-02,77.87964630126953,5597997,-0.0016057887422452814
2019-12-03,78.1838607788086,7466162,0.0039062128808628584
2019-12-04,79.33809661865234,7293766,0.01476309596822316
2019-12-05,79.40967559814453,8267462,0.0009022018745450886
2019-12-06,79.49915313720703,7245872,0.0011267838382227407
2019-12-09,79.3828353881836,8054823,-0.0014631319257286364
2019-12-10,79.72283935546875,8663711,0.0042830917492746425
2019-12-11,79.61547088623047,6821746,-0.0013467717671161456
2019-12-12,80.14339447021484,6863876,0.006630917058052339
2019-12-13,80.3505859375,7571800,0.0025852594422134017
2019-12-16,80.44066619873047,10355183,0.0011210902842766683
2019-12-17,80.19742584228516,11690545,-0.0030238481099147257
2019-12-18,80.73796844482422,11578199,0.006740149036729484
2019-12-19,81.07129669189453,7602716,0.0041285191278760845
2019-12-20,82.50372314453125,17849641,0.017668725073937692
2019-12-23,82.64786529541016,7895946,0.001747098741548862
2019-12-24,82.37760162353516,2343223,-0.003270062341102101
2019-12-26,82.2874984741211,3062675,-0.0010937821402695483
2019-12-27,82.43164825439453,3758966,0.0017517822627549154
2019-12-30,82.00822448730469,3932934,-0.005136665055915226
2019-12-31,81.93614196777344,4710760,-0.0008789669570569567
