Date,Adj Close,Volume,LogReturn
2019-01-02,9.859999656677246,15400,
2019-01-03,9.789999961853027,20300,-0.007099360777037611
2019-01-04,10.0,17700,0.02145046363281337
2019-01-07,9.970000267028809,28900,-0.0029999732971191405
2019-01-08,10.3100004196167,12300,0.034102321312095125
2019-01-09,10.779999732971191,17100,0.0455867404680441
2019-01-10,10.75,8500,-0.0027829066525331776
2019-01-11,10.600000381469727,7800,-0.013953452886537064
2019-01-14,10.720000267028809,5900,0.01132074351326048
2019-01-15,10.670000076293945,6900,-0.0046641967807265275
2019-01-16,10.869999885559082,8900,0.018744124445648876
2019-01-17,10.869999885559082,7200,0.0
2019-01-18,11.0,13500,0.011959532273190233
2019-01-22,10.880000114440918,11600,-0.010909080505371094
2019-01-23,10.859999656677246,5300,-0.0018382773486486882
2019-01-24,11.300000190734863,9300,0.04051570423274221
2019-01-25,11.9399995803833,20400,0.05663711317219163
2019-01-28,12.0,22600,0.005025160948520994
2019-01-29,11.920000076293945,4600,-0.006666660308837891
2019-01-30,11.779999732971191,24700,-0.011744995170023649
2019-01-31,11.9399995803833,11400,0.013582330308911957
2019-02-01,11.779999732971191,4600,-0.013400322699757836
2019-02-04,11.430000305175781,3700,-0.02971132731147627
2019-02-05,11.649999618530273,3600,0.019247533462870614
2019-02-06,11.430000305175781,8300,-0.01888406185048842
2019-02-07,11.220000267028809,7300,-0.01837270625897355
2019-02-08,11.119999885559082,13400,-0.008912689758447561
2019-02-11,11.300000190734863,5300,0.016187077970165945
2019-02-12,11.550000190734863,5500,0.0221238934318763
2019-02-13,11.789999961853027,5700,0.020779200619467194
2019-02-14,12.0600004196167,32100,0.022900802259310276
2019-02-15,12.199999809265137,18400,0.011608572535430068
2019-02-19,12.220000267028809,10200,0.0016393818095376345
2019-02-20,12.260000228881836,14800,0.003273319229047202
2019-02-21,12.15999984741211,6100,-0.008156637814259406
2019-02-22,11.880000114440918,8100,-0.023026294118809625
2019-02-25,11.59000015258789,10700,-0.024410770964599017
2019-02-26,11.600000381469727,3500,0.0008628325064864664
2019-02-27,11.550000190734863,2500,-0.004310361128499224
2019-02-28,11.40999984741211,4700,-0.012121241645957622
2019-03-01,11.40999984741211,7700,0.0
2019-03-04,11.260000228881836,3700,-0.013146329582492913
2019-03-05,11.260000228881836,8300,0.0
2019-03-06,11.029999732971191,4800,-0.020426331370819565
2019-03-07,11.100000381469727,7300,0.0063463871435361155
2019-03-08,11.149999618530273,4700,0.004504435616418113
2019-03-11,11.600000381469727,5700,0.0403588142004591
2019-03-12,11.520000457763672,4200,-0.006896544920278584
2019-03-13,11.369999885559082,9400,-0.013020882486467263
2019-03-14,10.920000076293945,3800,-0.03957782003469294
2019-03-15,10.970000267028809,22800,0.004578772013326987
2019-03-18,11.010000228881836,1700,0.0036463045468877833
2019-03-19,10.670000076293945,4000,-0.030881030474094795
2019-03-20,10.960000038146973,8200,0.027179002790949765
2019-03-21,11.579999923706055,5900,0.0565693324271107
2019-03-22,11.069999694824219,10000,-0.044041470832636744
2019-03-25,11.289999961853027,1900,0.019873556738368273
2019-03-26,11.100000381469727,7600,-0.016829015148385897
2019-03-27,11.149999618530273,4300,0.004504435616418113
2019-03-28,11.380000114440918,1600,0.020627847872604844
2019-03-29,11.430000305175781,15200,0.004393689827069014
2019-04-01,11.5,5800,0.0061242076076342
2019-04-02,11.300000190734863,4100,-0.017391287762185802
2019-04-03,11.350000381469727,4000,0.004424795565566416
2019-04-04,11.65999984741211,9300,0.027312727358890235
2019-04-05,11.739999771118164,3600,0.006861057011403851
2019-04-08,11.600000381469727,1800,-0.01192499083286638
2019-04-09,11.65999984741211,2800,0.005172367583558721
2019-04-10,11.75,2200,0.00771870958539213
2019-04-11,11.680000305175781,4800,-0.005957420836103723
2019-04-12,11.75,4100,0.005993124400279309
2019-04-15,11.630000114440918,3500,-0.010212756217794215
2019-04-16,11.550000190734863,1700,-0.006878755195085437
2019-04-17,11.579999923706055,6400,0.002597379435132519
2019-04-18,11.9399995803833,12100,0.03108805345846946
2019-04-22,12.039999961853027,14600,0.008375241623460454
2019-04-23,12.199999809265137,8200,0.013289023913541977
2019-04-24,12.149999618530273,4000,-0.004098376353816929
2019-04-25,11.84000015258789,1900,-0.025514360137887968
2019-04-26,11.9399995803833,4000,0.008445897509009162
2019-04-29,12.100000381469727,5000,0.013400402571981447
2019-04-30,11.970000267028809,7300,-0.010743810772105736
2019-05-01,11.970000267028809,3100,0.0
2019-05-02,12.0600004196167,4700,0.0075188095722766805
2019-05-03,12.239999771118164,11100,0.014925318842334313
2019-05-06,12.079999923706055,2200,-0.0130718832029433
2019-05-07,11.5,23900,-0.048013239020627
2019-05-08,11.399999618530273,10300,-0.008695685345193615
2019-05-09,11.579999923706055,4500,0.015789500982368233
2019-05-10,11.5,1400,-0.006908456324104324
2019-05-13,11.199999809265137,7600,-0.026086973107379417
2019-05-14,11.140000343322754,5500,-0.005357095264657825
2019-05-15,11.170000076293945,7300,0.002692974151403241
2019-05-16,11.050000190734863,6200,-0.010743051453845322
2019-05-17,11.0,10100,-0.004524904060796952
2019-05-20,11.029999732971191,6100,0.0027272484519264913
2019-05-21,11.100000381469727,10600,0.0063463871435361155
2019-05-22,10.609999656677246,7100,-0.044144207923675814
2019-05-23,10.15999984741211,11300,-0.04241280149165094
2019-05-24,10.579999923706055,7600,0.041338590807255285
2019-05-28,10.430000305175781,1400,-0.014177657808312183
2019-05-29,9.960000038146973,10200,-0.04506234451360234
2019-05-30,10.329999923706055,3500,0.03714858274517832
2019-05-31,10.319999694824219,9600,-0.0009680763751882191
2019-06-03,10.300000190734863,4700,-0.0019379365000742979
2019-06-04,10.210000038146973,7200,-0.008737878730220633
2019-06-05,9.989999771118164,5800,-0.02154752852172729
2019-06-06,9.899999618530273,5000,-0.009009024489478748
2019-06-07,10.149999618530273,3200,0.02525252622556306
2019-06-10,10.25,2300,0.009852254702272262
2019-06-11,10.029999732971191,5000,-0.021463440685737425
2019-06-12,10.109999656677246,2900,0.00797606439041811
2019-06-13,9.979999542236328,3300,-0.012858567641499192
2019-06-14,9.859999656677246,4300,-0.012024037180686316
2019-06-17,9.989999771118164,3000,0.013184596244167329
2019-06-18,10.149999618530273,6900,0.016016001108897008
2019-06-19,10.149999618530273,2000,0.0
2019-06-20,10.069999694824219,9000,-0.007881766178592107
2019-06-21,10.010000228881836,9300,-0.005958239102352839
2019-06-24,9.8100004196167,3000,-0.019980000468739014
2019-06-25,9.899999618530273,3700,0.009174229873997367
2019-06-26,9.920000076293945,3200,0.002020248336801561
2019-06-27,10.149999618530273,6700,0.023185437547118912
2019-06-28,10.289999961853027,114200,0.013793137791568317
2019-07-01,10.140000343322754,7200,-0.014577222457371268
2019-07-02,10.289999961853027,9300,0.014792861287134869
2019-07-03,10.289999961853027,1900,0.0
2019-07-05,10.25,5100,-0.003887265500613679
2019-07-08,10.420000076293945,8900,0.016585373296970275
2019-07-09,10.460000038146973,1900,0.0038387679040453545
2019-07-10,10.479999542236328,6400,0.0019119984719329366
2019-07-11,10.479999542236328,12300,0.0
2019-07-12,10.609999656677246,14600,0.012404591614436009
2019-07-15,11.0600004196167,9400,0.04241289137613231
2019-07-16,11.399999618530273,13100,0.030741336890958038
2019-07-17,11.170000076293945,6300,-0.020175399116897554
2019-07-18,11.15999984741211,8500,-0.000895275632366323
2019-07-19,11.130000114440918,3200,-0.0026881481524525324
2019-07-22,10.539999961853027,8800,-0.05300989636310777
2019-07-23,10.470000267028809,8200,-0.006641337293886686
2019-07-24,10.850000381469727,5300,0.03629418383470156
2019-07-25,10.619999885559082,2900,-0.021198201642780863
2019-07-26,10.760000228881836,4300,0.013182706669622877
2019-07-29,10.9399995803833,8000,0.016728563910092975
2019-07-30,11.109999656677246,9300,0.015539312871526554
2019-07-31,11.329999923706055,17300,0.019802004844940362
2019-08-01,11.029999732971191,8900,-0.026478393005737365
2019-08-02,10.050000190734863,12800,-0.08884855539088414
2019-08-05,10.130000114440918,25300,0.007960191262464547
2019-08-06,10.520000457763672,3500,0.03849953987332983
2019-08-07,10.079999923706055,9300,-0.04182514400300244
2019-08-08,10.350000381469727,11100,0.026785759901514203
2019-08-09,10.239999771118164,4000,-0.010628077903118118
2019-08-12,10.039999961853027,3500,-0.01953123181010556
2019-08-13,10.229999542236328,5800,0.018924261066255384
2019-08-14,9.989999771118164,19900,-0.023460389233380056
2019-08-15,9.760000228881836,5800,-0.02302297772831527
2019-08-16,10.1899995803833,7000,0.04405730957146997
2019-08-19,10.3100004196167,8500,0.01177633407016142
2019-08-20,10.260000228881836,3200,-0.004849678826368289
2019-08-21,10.319999694824219,11300,0.005847901033518956
2019-08-22,10.5,13900,0.01744189055219223
2019-08-23,9.949999809265137,4200,-0.052380970546177456
2019-08-26,10.399999618530273,5300,0.04522611235088775
2019-08-27,10.050000190734863,10900,-0.0336537923685878
2019-08-28,10.399999618530273,3300,0.03482581305004114
2019-08-29,10.529999732971191,4000,0.012500011462432108
2019-08-30,10.520000457763672,3900,-0.0009495988092203011
2019-09-03,10.380000114440918,4500,-0.013308016847036811
2019-09-04,10.199999809265137,2600,-0.017341069671604366
2019-09-05,9.829999923706055,15400,-0.0362744992625386
2019-09-06,9.90999984741211,47600,0.008138344285550466
2019-09-09,10.0,19100,0.009081751157785659
2019-09-10,10.390000343322754,23400,0.03900003433227539
2019-09-11,10.279999732971191,52100,-0.010587161377935429
2019-09-12,10.289999961853027,41500,0.0009727849359530681
2019-09-13,10.569999694824219,8500,0.027210858504295752
2019-09-16,10.569999694824219,8700,0.0
2019-09-17,10.75,10900,0.017029357651156932
2019-09-18,10.90999984741211,8500,0.014883706736010175
2019-09-19,10.960000038146973,6900,0.004582968967384862
2019-09-20,10.850000381469727,20500,-0.010036464990363626
2019-09-23,11.010000228881836,3900,0.014746529196935938
2019-09-24,10.989999771118164,2600,-0.0018165719662026837
2019-09-25,11.020000457763672,2100,0.0027298168580812835
2019-09-26,10.880000114440918,4200,-0.012704204855465558
2019-09-27,10.729999542236328,10700,-0.013786817153199802
2019-09-30,10.880000114440918,6200,0.013979550662061536
2019-10-01,10.920000076293945,4400,0.003676467043408923
2019-10-02,10.3100004196167,11600,-0.05586077403071495
2019-10-03,10.270000457763672,2000,-0.003879724561108645
2019-10-04,10.25,13300,-0.0019474641550334501
2019-10-07,10.039999961853027,2900,-0.02048780859970465
2019-10-08,10.010000228881836,6600,-0.002988021223623045
2019-10-09,10.229999542236328,8200,0.021977952879534263
2019-10-10,10.039999961853027,2200,-0.018572784837267542
2019-10-11,10.3100004196167,5600,0.026892475975053627
2019-10-14,10.079999923706055,6700,-0.022308485601322158
2019-10-15,10.4399995803833,9500,0.03571425192480429
2019-10-16,10.319999694824219,2600,-0.011494242373779509
2019-10-17,10.479999542236328,6200,0.015503861641813223
2019-10-18,10.430000305175781,4400,-0.00477091977523861
2019-10-21,10.75,5400,0.030680698510183377
2019-10-22,10.920000076293945,6100,0.015813960585483285
2019-10-23,10.319999694824219,53500,-0.054945089494299354
2019-10-24,10.319999694824219,6100,0.0
2019-10-25,10.369999885559082,14400,0.00484497986564281
2019-10-28,10.319999694824219,6900,-0.004821619217613675
2019-10-29,10.199999809265137,7700,-0.011627896231359918
2019-10-30,10.420000076293945,11500,0.02156865403359832
2019-10-31,10.289999961853027,12700,-0.012476018569008953
2019-11-01,10.479999542236328,7300,0.018464487957984946
2019-11-04,10.5,3700,0.0019084407096647616
2019-11-05,10.520000457763672,3900,0.0019048055013020833
2019-11-06,10.300000190734863,1000,-0.02091257200150122
2019-11-07,10.369999885559082,9100,0.006796086750288162
2019-11-08,10.430000305175781,21900,0.005785961454083892
2019-11-11,10.199999809265137,18100,-0.022051820630964808
2019-11-12,10.079999923706055,33000,-0.01176469488264897
2019-11-13,10.369999885559082,20200,0.028769837703173786
2019-11-14,10.3100004196167,7000,-0.0057858694893464825
2019-11-15,10.420000076293945,4700,0.01066921941806629
2019-11-18,10.430000305175781,4900,0.0009597148568728891
2019-11-19,10.739999771118164,19800,0.029721903822816642
2019-11-20,10.859999656677246,23500,0.01117317394007622
2019-11-21,10.510000228881836,3500,-0.03222830928730406
2019-11-22,10.670000076293945,7400,0.015223581724805712
2019-11-25,11.079999923706055,10300,0.03842547745833909
2019-11-26,11.369999885559082,11100,0.026173281935910675
2019-11-27,11.319999694824219,22200,-0.004397554198603643
2019-11-29,11.350000381469727,3200,0.002650237407623329
2019-12-02,11.039999961853027,2300,-0.02731281138305626
2019-12-03,10.890000343322754,3700,-0.013586922015269329
2019-12-04,10.90999984741211,3900,0.0018365016950268732
2019-12-05,10.90999984741211,5000,0.0
2019-12-06,10.800000190734863,6300,-0.010082461797956707
2019-12-09,10.649999618530273,6900,-0.013888941625507821
2019-12-10,11.260000228881836,10800,0.0572770546667629
2019-12-11,11.100000381469727,7100,-0.014209577634084827
2019-12-12,10.90999984741211,5100,-0.017117164642156492
2019-12-13,10.979999542236328,7100,0.006416104106621315
2019-12-16,10.899999618530273,3900,-0.007285967854399462
2019-12-17,10.819999694824219,7600,-0.007339442798699993
2019-12-18,10.75,2100,-0.0064694729018988165
2019-12-19,10.949999809265137,4100,0.018604633420012718
2019-12-20,11.260000228881836,27100,0.028310541097397845
2019-12-23,11.029999732971191,11900,-0.020426331370819565
2019-12-24,11.140000343322754,1400,0.009972857027615833
2019-12-26,11.289999961853027,3100,0.013464956365120963
2019-12-27,11.390000343322754,29500,0.008857429743809627
2019-12-30,11.149999618530273,6600,-0.02107117801213921
2019-12-31,11.25,17100,0.008968644384842411
