Date,Adj Close,Volume,LogReturn
2019-01-02,25.68000030517578,43300,
2019-01-03,25.06999969482422,14700,-0.023753917566294476
2019-01-04,26.579999923706055,19000,0.060231362076704785
2019-01-07,28.260000228881836,14800,0.06320542927005166
2019-01-08,28.940000534057617,14100,0.02406228944332485
2019-01-09,29.31999969482422,22300,0.01313058582426096
2019-01-10,28.6200008392334,56600,-0.02387444962062497
2019-01-11,29.270000457763672,65900,0.022711376641164488
2019-01-14,28.68000030517578,10300,-0.020157162397016534
2019-01-15,29.84000015258789,5000,0.040446298293893956
2019-01-16,29.530000686645508,8100,-0.010388721995884372
2019-01-17,29.110000610351562,1800,-0.01422282649942111
2019-01-18,28.75,2800,-0.012366904940000095
2019-01-22,29.15999984741211,23100,0.0142608642578125
2019-01-23,29.1299991607666,6600,-0.001028830137259768
2019-01-24,28.549999237060547,17000,-0.01991074289103382
2019-01-25,29.709999084472656,36000,0.040630468595821256
2019-01-28,28.0,22300,-0.05755634928196122
2019-01-29,27.729999542236328,51300,-0.00964287349155971
2019-01-30,24.239999771118164,9200,-0.1258564669574714
2019-01-31,26.040000915527344,147700,0.0742574736553369
2019-02-01,26.6299991607666,49800,0.022657381893080076
2019-02-04,26.889999389648438,19200,0.009763433611552215
2019-02-05,26.979999542236328,6200,0.003346974883998586
2019-02-06,26.799999237060547,3800,-0.00667162002334346
2019-02-07,26.511999130249023,17900,-0.010746272948144741
2019-02-08,26.309999465942383,20900,-0.007619178897609721
2019-02-11,26.329999923706055,7900,0.000760184651070098
2019-02-12,27.0,6300,0.025446261991467566
2019-02-13,27.469999313354492,13400,0.017407381976092304
2019-02-14,27.18000030517578,12000,-0.010556935399620793
2019-02-15,27.450000762939453,9700,0.009933791564831467
2019-02-19,26.770000457763672,8800,-0.02477232372590157
2019-02-20,26.559999465942383,4500,-0.007844639082192689
2019-02-21,26.450000762939453,6600,-0.004141517515615161
2019-02-22,24.530000686645508,12400,-0.07258979285112772
2019-02-25,25.739999771118164,62800,0.049327315556554285
2019-02-26,26.0,40800,0.01010101908289727
2019-02-27,25.850000381469727,47000,-0.005769216097318209
2019-02-28,25.729999542236328,117000,-0.004642198741297491
2019-03-01,26.170000076293945,71100,0.017100681767807543
2019-03-04,26.479999542236328,200400,0.01184560431939759
2019-03-05,26.43000030517578,53200,-0.0018881887433871256
2019-03-06,25.5,35400,-0.03518729831394136
2019-03-07,24.700000762939453,13300,-0.0313725191004136
2019-03-08,24.600000381469727,12500,-0.004048598315015837
2019-03-11,24.149999618530273,24000,-0.018292713656964905
2019-03-12,24.850000381469727,9200,0.028985539295923762
2019-03-13,24.5,42100,-0.014084522176937937
2019-03-14,24.329999923706055,33700,-0.006938778624242666
2019-03-15,24.010000228881836,53500,-0.013152474140060539
2019-03-18,23.670000076293945,21600,-0.014160772567544649
2019-03-19,23.479999542236328,9200,-0.008027060982053276
2019-03-20,24.020000457763672,18700,0.0229983358626553
2019-03-21,23.43000030517578,32600,-0.024562870164192382
2019-03-22,22.940000534057617,13700,-0.020913348900380557
2019-03-25,22.549999237060547,47400,-0.01700092798245838
2019-03-26,23.59000015258789,31900,0.046119776084875407
2019-03-27,22.8700008392334,21400,-0.03052137807110214
2019-03-28,22.549999237060547,21200,-0.01399219896939794
2019-03-29,22.719999313354492,6700,0.007538806299139604
2019-04-01,23.84000015258789,24800,0.04929581307579872
2019-04-02,24.469999313354492,29900,0.026426139124760602
2019-04-03,25.1299991607666,19000,0.026971796727918777
2019-04-04,24.959999084472656,9700,-0.006764826182698503
2019-04-05,25.200000762939453,51500,0.009615452214343201
2019-04-08,24.809999465942383,7300,-0.015476241475779171
2019-04-09,24.739999771118164,5700,-0.0028214307267644223
2019-04-10,25.010000228881836,4900,0.010913519008147864
2019-04-11,24.3799991607666,4300,-0.02518996650738539
2019-04-12,25.149999618530273,4100,0.031583284834676754
2019-04-15,25.350000381469727,29900,0.007952316738489909
2019-04-16,24.65999984741211,24500,-0.02721895556901024
2019-04-17,24.540000915527344,127000,-0.004866136765096479
2019-04-18,23.920000076293945,6200,-0.025264906931649768
2019-04-22,23.989999771118164,3700,0.002926408637163524
2019-04-23,24.700000762939453,71200,0.029595706485836128
2019-04-24,24.780000686645508,11400,0.0032388632078946627
2019-04-25,24.290000915527344,3700,-0.01977400151494894
2019-04-26,25.40999984741211,12500,0.04610946437506341
2019-04-29,24.889999389648438,17100,-0.0204644022387364
2019-04-30,24.65999984741211,5000,-0.009240640734285563
2019-05-01,24.34000015258789,8700,-0.012976467834723058
2019-05-02,24.979999542236328,8700,0.02629414074101356
2019-05-03,25.510000228881836,7200,0.021217001455479594
2019-05-06,25.25,40400,-0.010192090417446162
2019-05-07,24.829999923706055,808500,-0.016633666387879022
2019-05-08,26.520000457763672,575300,0.06806284894282724
2019-05-09,25.540000915527344,34400,-0.03695322493666984
2019-05-10,25.969999313354492,508100,0.016836271825101067
2019-05-13,24.059999465942383,42700,-0.0735463957609708
2019-05-14,24.68000030517578,10300,0.025768946508541172
2019-05-15,24.809999465942383,5800,0.005267388944859077
2019-05-16,26.31999969482422,33900,0.06086256595670911
2019-05-17,26.0,179000,-0.012158043257392063
2019-05-20,26.170000076293945,55300,0.00653846447284405
2019-05-21,26.559999465942383,30200,0.014902536817404057
2019-05-22,26.760000228881836,467400,0.0075301493584708865
2019-05-23,25.84000015258789,56600,-0.03437967370796197
2019-05-24,26.40999984741211,46300,0.022058811588943933
2019-05-28,26.149999618530273,189300,-0.009844764497691321
2019-05-29,24.770000457763672,19900,-0.052772435215972774
2019-05-30,24.489999771118164,14200,-0.011304024282234
2019-05-31,24.010000228881836,29500,-0.019599818159345465
2019-06-03,23.479999542236328,46300,-0.022074164164645256
2019-06-04,23.239999771118164,24800,-0.010221455527988718
2019-06-05,23.25,20400,0.0004303024518211856
2019-06-06,23.290000915527344,52700,0.001720469485047043
2019-06-07,23.420000076293945,27900,0.00558175850821593
2019-06-10,23.309999465942383,24200,-0.004696866353254485
2019-06-11,24.020000457763672,44600,0.030459073706057032
2019-06-12,24.790000915527344,78300,0.032056637930445775
2019-06-13,24.920000076293945,50700,0.005244015972793931
2019-06-14,24.84000015258789,63100,-0.003210269801811017
2019-06-17,24.65999984741211,38200,-0.00724638905274034
2019-06-18,25.229999542236328,40100,0.023114342998831614
2019-06-19,25.09000015258789,17000,-0.005548925572276419
2019-06-20,24.860000610351562,117100,-0.009166980503689037
2019-06-21,25.059999465942383,412800,0.00804500606116405
2019-06-24,26.18000030517578,68700,0.04469277187158474
2019-06-25,24.790000915527344,28600,-0.053093940926105906
2019-06-26,23.729999542236328,54700,-0.04275923090535581
2019-06-27,23.8700008392334,106700,0.005899759784988033
2019-06-28,24.139999389648438,57200,0.011311208249781957
2019-07-01,24.559999465942383,62900,0.017398512299633573
2019-07-02,24.18000030517578,56800,-0.01547227886928705
2019-07-03,24.530000686645508,43700,0.014474788132852431
2019-07-05,25.31999969482422,31500,0.032205421364247984
2019-07-08,24.299999237060547,42200,-0.040284378754245204
2019-07-09,24.399999618530273,18300,0.00411524216499618
2019-07-10,25.110000610351562,24100,0.029098401759075757
2019-07-11,25.420000076293945,15600,0.012345657443536101
2019-07-12,25.530000686645508,25500,0.004327325335224775
2019-07-15,26.040000915527344,22900,0.019976506665297978
2019-07-16,26.270000457763672,27000,0.008832547394388997
2019-07-17,27.299999237060547,145600,0.03920817515602576
2019-07-18,27.84000015258789,121800,0.019780253868808783
2019-07-19,27.950000762939453,129900,0.003951171327178937
2019-07-22,27.90999984741211,178600,-0.0014311597293544017
2019-07-23,28.8799991607666,157900,0.03475454384298154
2019-07-24,29.799999237060547,347200,0.03185595924614024
2019-07-25,29.389999389648438,218000,-0.013758384493588044
2019-07-26,29.75,121500,0.012249085329289243
2019-07-29,30.579999923706055,80100,0.02789915709936318
2019-07-30,30.020000457763672,65300,-0.018312605210579584
2019-07-31,30.030000686645508,54600,0.00033311887839261215
2019-08-01,29.93000030517578,42400,-0.0033300159568160526
2019-08-02,29.559999465942383,64600,-0.012362206330128717
2019-08-05,28.8799991607666,67500,-0.023004070279474972
2019-08-06,29.049999237060547,85200,0.005886429405610577
2019-08-07,30.40999984741211,254000,0.046815857007546535
2019-08-08,31.579999923706055,153000,0.03847418882488131
2019-08-09,31.059999465942383,59300,-0.01646613233122033
2019-08-12,30.06999969482422,87800,-0.03187378583839672
2019-08-13,30.610000610351562,56500,0.017958128400656123
2019-08-14,29.520000457763672,52900,-0.035609282288589006
2019-08-15,29.920000076293945,43000,0.013550122368818416
2019-08-16,30.049999237060547,43000,0.004344891725772481
2019-08-19,30.690000534057617,46300,0.02129788064046801
2019-08-20,30.8700008392334,31300,0.005865112481051589
2019-08-21,31.399999618530273,51200,0.017168732260715955
2019-08-22,30.43000030517578,22900,-0.03089169825282611
2019-08-23,29.639999389648438,23600,-0.025961252303798827
2019-08-26,29.770000457763672,19800,0.004386001038874391
2019-08-27,29.579999923706055,19400,-0.00638228186550354
2019-08-28,29.700000762939453,20100,0.004056823513959078
2019-08-29,30.09000015258789,24300,0.013131292243436248
2019-08-30,29.479999542236328,25900,-0.02027253596737185
2019-09-03,28.899999618530273,40100,-0.01967435321276319
2019-09-04,29.09000015258789,37000,0.00657441302995006
2019-09-05,29.059999465942383,26300,-0.0010313058263369897
2019-09-06,29.420000076293945,13800,0.012388183653391822
2019-09-09,29.010000228881836,28500,-0.013936092669914
2019-09-10,28.84000015258789,27500,-0.005860050842905416
2019-09-11,29.239999771118164,57000,0.01386961221962339
2019-09-12,29.25,35500,0.0003420050943951673
2019-09-13,29.510000228881836,271900,0.00888889671390892
2019-09-16,29.06999969482422,110400,-0.014910217914094854
2019-09-17,29.200000762939453,18800,0.004472001014103226
2019-09-18,29.209999084472656,128800,0.00034240826273857373
2019-09-19,29.299999237060547,71200,0.0030811419174515678
2019-09-20,29.25,171600,-0.0017064586471833277
2019-09-23,29.030000686645508,141900,-0.007521344046307425
2019-09-24,28.790000915527344,113500,-0.008267301599774667
2019-09-25,27.989999771118164,123800,-0.027787465056234653
2019-09-26,27.889999389648438,116600,-0.0035727181953360792
2019-09-27,27.469999313354492,52400,-0.015059164054690915
2019-09-30,27.469999313354492,70000,0.0
2019-10-01,26.780000686645508,80300,-0.025118261520070104
2019-10-02,26.270000457763672,58000,-0.01904407079183384
2019-10-03,26.309999465942383,27400,0.0015226116285388142
2019-10-04,26.829999923706055,18900,0.019764365956631776
2019-10-07,26.649999618530273,24000,-0.00670891933237537
2019-10-08,26.649999618530273,53500,0.0
2019-10-09,27.270000457763672,68500,0.02326457216165585
2019-10-10,26.700000762939453,35400,-0.02090207866725363
2019-10-11,26.68000030517578,37900,-0.0007490807937141792
2019-10-14,26.93000030517578,29800,0.00937031473539756
2019-10-15,27.299999237060547,168500,0.013739284355435158
2019-10-16,27.479999542236328,88800,0.006593417956269595
2019-10-17,27.559999465942383,17500,0.002911205423533434
2019-10-18,27.760000228881836,30800,0.007256921872825382
2019-10-21,27.209999084472656,37200,-0.019812721177031978
2019-10-22,28.760000228881836,84000,0.0569643953164881
2019-10-23,28.299999237060547,33000,-0.01599447107651061
2019-10-24,28.049999237060547,41900,-0.008833922499637738
2019-10-25,28.110000610351562,20600,0.0021390864500181487
2019-10-28,26.90999984741211,96800,-0.04268946057929115
2019-10-29,27.40999984741211,126400,0.018580453468418884
2019-10-30,27.639999389648438,56300,0.008391081485469009
2019-10-31,27.219999313354492,44900,-0.015195372126210725
2019-11-01,27.860000610351562,24100,0.023512171680440754
2019-11-04,28.079999923706055,44200,0.00789660116779574
2019-11-05,27.229999542236328,79300,-0.03027066893800553
2019-11-06,26.670000076293945,57700,-0.02056553343211667
2019-11-07,26.600000381469727,43400,-0.002624660465840759
2019-11-08,26.989999771118164,64100,0.014661630979528915
2019-11-11,26.739999771118164,75100,-0.009262689963692533
2019-11-12,26.170000076293945,114500,-0.02131636872487466
2019-11-13,26.329999923706055,51600,0.0061138649960129346
2019-11-14,26.06999969482422,31400,-0.009874676400881655
2019-11-15,26.110000610351562,50400,0.0015343657842575768
2019-11-18,28.200000762939453,356300,0.08004596337540068
2019-11-19,28.979999542236328,207600,0.027659530432422978
2019-11-20,28.940000534057617,67200,-0.0013802280472922429
2019-11-21,28.739999771118164,236300,-0.006910876269821942
2019-11-22,28.739999771118164,45000,0.0
2019-11-25,29.700000762939453,72200,0.033402957531893505
2019-11-26,30.34000015258789,50500,0.021548800444714057
2019-11-27,30.559999465942383,25600,0.007251130924458056
2019-11-29,30.6200008392334,28900,0.0019633957571852777
2019-12-02,30.549999237060547,42000,-0.0022861397862262147
2019-12-03,31.540000915527344,93000,0.03240594773127898
2019-12-04,32.150001525878906,81700,0.019340538764894433
2019-12-05,32.40999984741211,65400,0.008087039166200953
2019-12-06,32.869998931884766,38200,0.014193122080788486
2019-12-09,33.81999969482422,42700,0.028901758254026817
2019-12-10,34.310001373291016,35800,0.014488518122068058
2019-12-11,34.66999816894531,23700,0.010492473950599728
2019-12-12,35.900001525878906,65700,0.03547745664536363
2019-12-13,35.5,37800,-0.011142103311348352
2019-12-16,36.31999969482422,108200,0.023098582952794895
2019-12-17,35.4900016784668,99200,-0.022852368483794364
2019-12-18,34.52000045776367,134900,-0.027331675819324164
2019-12-19,35.20000076293945,57500,0.01969873395592168
2019-12-20,34.900001525878906,58800,-0.008522705413586325
2019-12-23,35.560001373291016,48600,0.018911169586130504
2019-12-24,35.84000015258789,11900,0.007873981115961964
2019-12-26,36.07500076293945,29800,0.006556936644839658
2019-12-27,36.209999084472656,20500,0.0037421571359158366
2019-12-30,35.84000015258789,15000,-0.010218142536309156
2019-12-31,35.66999816894531,12900,-0.00474335889840399
