Date,Adj Close,Volume,LogReturn
2019-01-02,50.31719970703125,183500,
2019-01-03,48.99983215332031,129800,-0.026181257331115954
2019-01-04,51.47607421875,152600,0.05053572546292678
2019-01-07,51.4661750793457,152800,-0.0001923056401354543
2019-01-08,51.55531311035156,215700,0.0017319731040520254
2019-01-09,51.58503723144531,197400,0.0005765481635253966
2019-01-10,52.714195251464844,247100,0.02188925472619833
2019-01-11,53.56602478027344,139300,0.016159395486264636
2019-01-14,52.664669036865234,112300,-0.01682700456316374
2019-01-15,52.12980270385742,75000,-0.01015607508391264
2019-01-16,52.74391174316406,130000,0.011780382956661348
2019-01-17,53.46697235107422,105400,0.013708892344411095
2019-01-18,55.022056579589844,135000,0.029084950206356344
2019-01-22,54.100894927978516,79900,-0.01674167977125429
2019-01-23,52.83305358886719,92300,-0.023434757240136862
2019-01-24,53.506595611572266,134700,0.012748496953183959
2019-01-25,55.51729965209961,116800,0.03757862030924042
2019-01-28,55.626258850097656,94500,0.001962617034345008
2019-01-29,55.33900833129883,238600,-0.005163937405406221
2019-01-30,56.90400314331055,214600,0.0282801383545318
2019-01-31,58.013343811035156,203700,0.01949494950172095
2019-02-01,58.865177154541016,295000,0.014683403636937502
2019-02-04,58.06288146972656,197700,-0.013629376884539995
2019-02-05,57.18133544921875,125100,-0.015182608892179116
2019-02-06,57.68648910522461,80400,0.008834240264543543
2019-02-07,56.448368072509766,96100,-0.021462929221718025
2019-02-08,55.44796371459961,101500,-0.017722467310748547
2019-02-11,55.84416198730469,84100,0.007145407083736746
2019-02-12,57.4883918762207,75800,0.029443183144010756
2019-02-13,57.69639205932617,79800,0.003618124917345361
2019-02-14,56.89339828491211,145100,-0.013917573452225334
2019-02-15,57.73603820800781,165300,0.014810855890096614
2019-02-19,58.56877517700195,351000,0.01442317475948051
2019-02-20,59.133846282958984,148000,0.009647992539528404
2019-02-21,58.0830192565918,112500,-0.01777031416726924
2019-02-22,58.97522735595703,154000,0.015360911171365775
2019-02-25,59.996315002441406,155800,0.017313839933526528
2019-02-26,58.42007064819336,159600,-0.02627235279673269
2019-02-27,58.995052337646484,85000,0.009842194353301527
2019-02-28,58.687740325927734,146300,-0.0052091149942525795
2019-03-01,59.74848175048828,118000,0.01807432725590766
2019-03-04,60.01613998413086,116600,0.004479749540085858
2019-03-05,60.48207092285156,113700,0.007763427285458579
2019-03-06,59.8575325012207,237600,-0.010326009213994918
2019-03-07,59.36185836791992,186500,-0.008280898202589168
2019-03-08,58.925662994384766,106600,-0.007348074765982782
2019-03-11,60.3333740234375,137100,0.023889608661456726
2019-03-12,60.28380584716797,203600,-0.0008215714282823909
2019-03-13,59.242889404296875,194200,-0.01726693310488781
2019-03-14,57.54768371582031,84400,-0.0286145004999302
2019-03-15,59.37177276611328,338000,0.031697002077453074
2019-03-18,59.4015007019043,70900,0.0005007082390503082
2019-03-19,58.558860778808594,191100,-0.014185498903880213
2019-03-20,58.26145935058594,199000,-0.005078675101723982
2019-03-21,59.78813171386719,129500,0.026203812611259217
2019-03-22,56.239112854003906,183400,-0.05935992241483816
2019-03-25,55.77317810058594,243600,-0.008284888039175334
2019-03-26,57.30976867675781,176800,0.027550708575377596
2019-03-27,57.66665267944336,78800,0.006227280460657006
2019-03-28,58.786869049072266,86800,0.019425722104176056
2019-03-29,58.28129196166992,112300,-0.008600170337023968
2019-04-01,59.48081588745117,99400,0.020581628948276327
2019-04-02,58.816619873046875,81000,-0.011166558570095608
2019-04-03,59.579952239990234,78200,0.012978174682444846
2019-04-04,60.73982238769531,78900,0.019467456822272678
2019-04-05,61.532901763916016,93800,0.01305699202013744
2019-04-08,61.85013198852539,66700,0.0051554569265479435
2019-04-09,60.591121673583984,97400,-0.020355822606409012
2019-04-10,61.49324417114258,117200,0.014888691158722907
2019-04-11,61.18592834472656,65500,-0.0049975542932931185
2019-04-12,61.929439544677734,100400,0.01215166983758371
2019-04-15,61.909610748291016,73900,-0.00032018368860602505
2019-04-16,62.64320755004883,122600,0.011849481734595838
2019-04-17,62.65312957763672,84900,0.00015838952020398085
2019-04-18,62.60355758666992,91100,-0.0007912133248726174
2019-04-22,61.473419189453125,85900,-0.018052303108368965
2019-04-23,61.988922119140625,89800,0.008385785864599244
2019-04-24,62.157447814941406,97400,0.002718642138620841
2019-04-25,60.73982238769531,116600,-0.02280700828429646
2019-04-26,62.45486068725586,66800,0.02823581354278013
2019-04-29,62.127708435058594,59900,-0.005238219229012262
2019-04-30,62.22685241699219,120000,0.001595809413077385
2019-05-01,59.08427810668945,191400,-0.05050190051786384
2019-05-02,59.21314239501953,111400,0.002181025011380959
2019-05-03,62.22685241699219,163900,0.050895964984728495
2019-05-06,60.62086486816406,125000,-0.025808593660918974
2019-05-07,60.03596496582031,103300,-0.009648491548508388
2019-05-08,59.32219314575195,81400,-0.011889070500902653
2019-05-09,59.59977722167969,89300,0.004679261861504729
2019-05-10,59.41142272949219,76900,-0.003160322084542712
2019-05-13,56.546424865722656,122800,-0.04822301389438582
2019-05-14,57.1412353515625,94000,0.010518975996312834
2019-05-15,57.33950424194336,86000,0.0034698040593803474
2019-05-16,57.438636779785156,92300,0.0017288698106545934
2019-05-17,55.862396240234375,94400,-0.027442164854885976
2019-05-20,55.56499481201172,81700,-0.005323821537187401
2019-05-21,56.20936584472656,53800,0.011596708231412402
2019-05-22,54.94044876098633,132600,-0.022574833653976927
2019-05-23,53.1956787109375,157000,-0.03175747722118724
2019-05-24,52.937923431396484,121000,-0.004845417631414088
2019-05-28,52.65043258666992,169400,-0.005430716320014493
2019-05-29,53.05727005004883,143100,0.007727143793342919
2019-05-30,52.739742279052734,132200,-0.0059846232325291215
2019-05-31,51.578773498535156,136300,-0.02201316749662415
2019-06-03,53.533565521240234,160200,0.03789915676766906
2019-06-04,55.5677375793457,261200,0.03799806790934523
2019-06-05,55.62727355957031,134600,0.0010714127084910984
2019-06-06,55.895198822021484,125300,0.004816437069565439
2019-06-07,56.57986831665039,105300,0.012249164669920836
2019-06-10,56.847782135009766,80700,0.004735143900653671
2019-06-11,57.13555145263672,145600,0.005062102808927881
2019-06-12,56.95693588256836,100000,-0.003126172155989868
2019-06-13,57.83013916015625,80000,0.01533093843721207
2019-06-14,56.61956024169922,95100,-0.020933356482238843
2019-06-17,56.80809783935547,74100,0.0033299021901868407
2019-06-18,58.018680572509766,99700,0.021310038167052132
2019-06-19,58.3957405090332,142200,0.006498940217232291
2019-06-20,58.75296401977539,103200,0.006117287110811255
2019-06-21,53.17634582519531,416100,-0.09491637209491371
2019-06-24,52.610740661621094,183900,-0.010636405243668157
2019-06-25,52.154293060302734,147500,-0.008675939467458068
2019-06-26,51.380313873291016,146200,-0.014840181729945322
2019-06-27,51.66807556152344,290200,0.005600621454786573
2019-06-28,53.09695816040039,348300,0.027655038112954684
2019-07-01,53.503787994384766,219000,0.007662017713997558
2019-07-02,52.501590728759766,127200,-0.01873133292413204
2019-07-03,52.97789001464844,90200,0.00907209246952894
2019-07-05,52.97789001464844,109800,0.0
2019-07-08,52.2237548828125,229200,-0.014234903119535685
2019-07-09,51.906227111816406,134900,-0.006080140574123983
2019-07-10,51.310855865478516,200000,-0.011470131417090704
2019-07-11,50.169734954833984,231700,-0.02223936614185902
2019-07-12,51.51923370361328,151600,0.02689866211161375
2019-07-15,51.53908157348633,153100,0.0003852516515915269
2019-07-16,51.310855865478516,100500,-0.0044282067324463254
2019-07-17,50.69563674926758,103300,-0.011990038089090839
2019-07-18,50.61626052856445,151600,-0.0015657406789406148
2019-07-19,51.51923370361328,107100,0.017839586836709324
2019-07-22,51.4696159362793,80100,-0.0009630921069096657
2019-07-23,52.680206298828125,144200,0.023520485640451835
2019-07-24,53.78163528442383,149500,0.02090783356746658
2019-07-25,53.58318328857422,158800,-0.0036899583807762128
2019-07-26,54.05947494506836,217900,0.008888827189102489
2019-07-29,53.23588562011719,107600,-0.015234874659586475
2019-07-30,54.4960823059082,108500,0.02367193991631094
2019-07-31,52.838966369628906,273000,-0.030407982852368093
2019-08-01,50.92387008666992,304700,-0.03624401487270112
2019-08-02,52.58097457885742,319100,0.03254082003915236
2019-08-05,49.77281951904297,190500,-0.053406295381668335
2019-08-06,50.06058120727539,415300,0.005781502655728091
2019-08-07,49.008766174316406,228100,-0.021010843413981822
2019-08-08,51.0131721496582,392500,0.04089892751456837
2019-08-09,49.54459762573242,286200,-0.028788143572358125
2019-08-12,48.65153884887695,151100,-0.018025351292622727
2019-08-13,49.02860641479492,110400,0.0077503728523208425
2019-08-14,46.428836822509766,163400,-0.05302556573381713
2019-08-15,46.65706253051758,191300,0.004915602535559612
2019-08-16,47.93709945678711,80300,0.027435008910650583
2019-08-19,48.274471282958984,95100,0.0070378022449188605
2019-08-20,47.64933395385742,68500,-0.012949646313832082
2019-08-21,48.10578536987305,146900,0.009579387121289935
2019-08-22,48.10578536987305,120800,0.0
2019-08-23,45.65232467651367,125500,-0.0510013644823662
2019-08-26,46.17877197265625,98000,0.011531664594802432
2019-08-27,45.24506759643555,144400,-0.020219341839007234
2019-08-28,46.049644470214844,109700,0.017782642761322392
2019-08-29,47.787933349609375,209300,0.03774814983683242
2019-08-30,47.877323150634766,77000,0.0018705517221560557
2019-09-03,46.90388870239258,293400,-0.020331847818214573
2019-09-04,48.4931755065918,158200,0.03388390276728055
2019-09-05,49.347415924072266,247400,0.017615683208132032
2019-09-06,49.287818908691406,185100,-0.0012077028607244099
2019-09-09,50.23146438598633,226000,0.01914561240867811
2019-09-10,51.56248474121094,432100,0.026497741435464503
2019-09-11,53.72789764404297,188600,0.04199589902814247
2019-09-12,54.0258903503418,263600,0.005546331037798718
2019-09-13,54.9595947265625,132800,0.017282535654033808
2019-09-16,54.3437385559082,219600,-0.011205617030444507
2019-09-17,53.568965911865234,134700,-0.014256888919151039
2019-09-18,53.221309661865234,250800,-0.006489881670891019
2019-09-19,52.963050842285156,162200,-0.0048525453661492435
2019-09-20,52.89352035522461,542300,-0.0013128112137572416
2019-09-23,53.10211181640625,145200,0.0039436108578285774
2019-09-24,52.2081413269043,139400,-0.01683493290422689
2019-09-25,53.469642639160156,111100,0.024162923256679375
2019-09-26,53.03258514404297,141200,-0.008173937089250244
2019-09-27,52.41673278808594,107800,-0.011612716111882932
2019-09-30,52.73459243774414,107800,0.006064087415430269
2019-10-01,50.96651077270508,109500,-0.03352792888513119
2019-10-02,50.31092834472656,101900,-0.012863003922364061
2019-10-03,49.88380432128906,77900,-0.008489686783572734
2019-10-04,50.410255432128906,64100,0.010553547749668496
2019-10-07,50.12220001220703,159400,-0.005714222581349653
2019-10-08,48.59250259399414,116800,-0.03051935904330496
2019-10-09,49.218292236328125,116700,0.012878316796371993
2019-10-10,49.486480712890625,70200,0.00544895940872466
2019-10-11,50.39038848876953,370100,0.018265751834792513
2019-10-14,50.221527099609375,182500,-0.0033510634512728607
2019-10-15,51.28437042236328,272900,0.021163102441028182
2019-10-16,51.35390090942383,231700,0.0013557831847776202
2019-10-17,51.98960494995117,135500,0.012378885133742338
2019-10-18,51.44329833984375,112300,-0.010507996947338508
2019-10-21,51.87041473388672,205600,0.008302663472729926
2019-10-22,51.036041259765625,334100,-0.016085729763328865
2019-10-23,50.90691375732422,235500,-0.0025301237959301556
2019-10-24,49.86393737792969,242900,-0.02048791219924373
2019-10-25,51.74128341674805,300800,0.03764937422790229
2019-10-28,53.09217834472656,193800,0.026108647462371348
2019-10-29,52.9034538269043,286200,-0.003554657648380534
2019-10-30,51.52275848388672,188600,-0.026098397044833754
2019-10-31,49.118953704833984,336900,-0.04665520344382382
2019-11-01,52.887393951416016,507600,0.07672069460655398
2019-11-04,53.0962028503418,370300,0.0039481790144093604
2019-11-05,54.67715835571289,699800,0.029775302573466732
2019-11-06,54.05073547363281,320400,-0.011456756366246434
2019-11-07,54.44846725463867,450200,0.00735848971379644
2019-11-08,56.64588928222656,739400,0.040357830778068114
2019-11-11,54.508121490478516,181200,-0.03773915139891362
2019-11-12,53.29506301879883,198900,-0.022254637263395414
2019-11-13,53.14591598510742,246500,-0.002798515007643343
2019-11-14,53.32489776611328,138500,0.003367742895917228
2019-11-15,53.543643951416016,174200,0.004102139797101354
2019-11-18,53.42432403564453,135300,-0.0022284608772565402
2019-11-19,54.030853271484375,276000,0.011353054002801597
2019-11-20,53.553585052490234,248800,-0.008833253411639649
2019-11-21,52.54933547973633,126000,-0.018752238001799447
2019-11-22,52.887393951416016,130400,0.006433163589862083
2019-11-25,54.63738250732422,198200,0.03308895419418466
2019-11-26,55.47260665893555,235600,0.015286679435995404
2019-11-27,55.214080810546875,185600,-0.00466042365699843
2019-11-29,53.69279098510742,157400,-0.027552569980461572
2019-12-02,53.384552001953125,187700,-0.005740788986733657
2019-12-03,53.076316833496094,129400,-0.005773864477606821
2019-12-04,53.27518081665039,106800,0.003746755521453124
2019-12-05,53.8817024230957,105200,0.01138469353173463
2019-12-06,54.95556640625,179300,0.019930030694315978
2019-12-09,54.478294372558594,179200,-0.008684689557437205
2019-12-10,54.59761428833008,183200,0.0021902285514942134
2019-12-11,55.47260665893555,267100,0.016026201547646987
2019-12-12,56.28794479370117,223200,0.014698031765094457
2019-12-13,56.17856979370117,201500,-0.0019431336567868342
2019-12-16,55.66152572631836,196800,-0.009203581886856512
2019-12-17,56.44702911376953,117400,0.01411214258325232
2019-12-18,56.93424606323242,205000,0.008631401104935038
2019-12-19,57.78934860229492,247500,0.015019124660275721
2019-12-20,57.540775299072266,533100,-0.00430136883759207
2019-12-23,57.262367248535156,162300,-0.0048384480238589725
2019-12-24,57.262367248535156,53900,0.0
2019-12-26,57.31208038330078,129900,0.0008681641565717269
2019-12-27,56.92430114746094,140500,-0.00676609945488617
2019-12-30,57.331974029541016,152200,0.007161666877982604
2019-12-31,57.30213928222656,160800,-0.0005203858373877097
