Date,Adj Close,Volume,LogReturn
2019-01-02,31.692556381225586,4094800,
2019-01-03,31.600643157958984,5763200,-0.0029001517631140105
2019-01-04,31.600643157958984,8622600,0.0
2019-01-07,31.223791122436523,4868600,-0.011925454606690384
2019-01-08,31.31570053100586,6457200,0.002943569799353816
2019-01-09,31.59145164489746,5259700,0.008805522763847443
2019-01-10,32.005069732666016,5008400,0.01309272180391751
2019-01-11,32.06022644042969,3821500,0.0017233740849305543
2019-01-14,29.210830688476562,28513700,-0.08887634518887497
2019-01-15,28.51227569580078,15514100,-0.02391424605912887
2019-01-16,29.00861930847168,8730200,0.017408067246768334
2019-01-17,29.06376838684082,5386400,0.0019011273091868554
2019-01-18,29.201642990112305,8021500,0.004743865332133246
2019-01-22,29.50496482849121,8188700,0.010387149739540724
2019-01-23,29.59688377380371,8544500,0.003115372136412082
2019-01-24,29.57849884033203,6683400,-0.0006211780136107521
2019-01-25,30.479270935058594,10288800,0.030453610901250556
2019-01-28,30.249481201171875,10985700,-0.0075392135978687245
2019-01-29,30.82855224609375,8387900,0.01914317277280913
2019-01-30,30.984806060791016,6900700,0.005068477217157168
2019-01-31,31.352476119995117,8441500,0.011866140407099752
2019-02-01,31.104299545288086,6208800,-0.007915692966551884
2019-02-04,31.398427963256836,5382900,0.009456198090572555
2019-02-05,31.361665725708008,4709300,-0.0011708305139304471
2019-02-06,31.23298454284668,4864300,-0.004103136102105848
2019-02-07,31.003192901611328,4099300,-0.007357338550855235
2019-02-08,31.104299545288086,4209200,0.003261168744703808
2019-02-11,30.92966079711914,3945800,-0.005614617616277455
2019-02-12,30.6906795501709,5833400,-0.007726604197693027
2019-02-13,30.54360580444336,5427600,-0.004792130636505248
2019-02-14,30.43331527709961,7110100,-0.0036109203363181627
2019-02-15,30.552804946899414,6160000,0.0039262784455730325
2019-02-19,31.738515853881836,10131300,0.03880857777356875
2019-02-20,32.528987884521484,11737000,0.024905765420123398
2019-02-21,32.547367095947266,12114500,0.0005650102453549368
2019-02-22,33.53087615966797,33898300,0.030217776473943043
2019-02-25,33.18159866333008,14348900,-0.010416593192336948
2019-02-26,32.12456512451172,13697700,-0.03185601602693474
2019-02-27,31.269744873046875,13571800,-0.02660955092004025
2019-02-28,31.361665725708008,9454900,0.0029396099339577433
2019-03-01,31.085914611816406,11698200,-0.008792616958019576
2019-03-04,31.66499137878418,11457400,0.018628268596853646
2019-03-05,31.71094512939453,8590900,0.0014512478484722082
2019-03-06,30.584999084472656,13029900,-0.03550654325588602
2019-03-07,30.658832550048828,16102400,0.0024140417782015085
2019-03-08,31.111055374145508,8988600,0.014750164519749772
2019-03-11,30.871103286743164,40174200,-0.0077127594842620875
2019-03-12,31.858606338500977,19818400,0.03198794168726297
2019-03-13,31.75708770751953,17027300,-0.003186537097787624
2019-03-14,30.843408584594727,11498800,-0.02877087254787728
2019-03-15,30.584999084472656,14393100,-0.008378110979962746
2019-03-18,30.455793380737305,8772100,-0.004224479568513262
2019-03-19,30.714200973510742,9453900,0.008484677760418327
2019-03-20,31.25872230529785,13382000,0.01772865041342694
2019-03-21,31.683258056640625,15559800,0.013581353300253781
2019-03-22,31.840145111083984,31349200,0.00495173363051521
2019-03-25,32.20930862426758,26182900,0.011594278603180201
2019-03-26,32.81842803955078,23925300,0.01891128500734946
2019-03-27,32.95685958862305,11174200,0.004218104197600089
2019-03-28,32.827659606933594,9611800,-0.003920275878896359
2019-03-29,33.012237548828125,9924500,0.005622634817851778
2019-04-01,32.86457061767578,9228300,-0.004473096709483288
2019-04-02,33.06760787963867,11167100,0.006177998316937988
2019-04-03,33.17835998535156,8077000,0.0033492627019170037
2019-04-04,33.6674919128418,10703000,0.01474249865593685
2019-04-05,33.68595504760742,5761500,0.0005483965010943569
2019-04-08,33.8336181640625,6306500,0.0043835217450830756
2019-04-09,33.77824020385742,5079800,-0.0016367732217271301
2019-04-10,33.47369384765625,6562100,-0.009016051587151457
2019-04-11,33.19681930541992,10950300,-0.008271406899293076
2019-04-12,33.455223083496094,10550700,0.007783992065588743
2019-04-15,33.38139724731445,13278300,-0.0022067058407409003
2019-04-16,32.90843963623047,11176500,-0.0141682988156535
2019-04-17,32.33142852783203,82542900,-0.017533833714898427
2019-04-18,31.25308609008789,26298500,-0.03335276190521138
2019-04-22,30.789583206176758,12610600,-0.01483062768825686
2019-04-23,30.61931800842285,11636200,-0.005529961110995131
2019-04-24,30.458513259887695,12384500,-0.0052517416779472885
2019-04-25,29.919340133666992,11454200,-0.01770188589377954
2019-04-26,29.758533477783203,11462100,-0.005374672541753018
2019-04-29,29.096393585205078,13552700,-0.022250420810301624
2019-04-30,29.38016700744629,9588600,0.009752872685414317
2019-05-01,28.68018913269043,7707000,-0.023824843288959275
2019-05-02,28.472087860107422,8289700,-0.007255923997579519
2019-05-03,28.58559799194336,7044100,0.003986716126813373
2019-05-06,28.320741653442383,6190800,-0.009265376871794824
2019-05-07,29.058555603027344,13692300,0.026052070196942733
2019-05-08,28.566679000854492,8983600,-0.016927083675198483
2019-05-09,28.311283111572266,6850800,-0.008940342322416516
2019-05-10,28.519384384155273,7544400,0.007350471250734171
2019-05-13,29.23828125,9641700,0.025207306587028907
2019-05-14,29.162607192993164,6982100,-0.0025881841808617235
2019-05-15,29.030181884765625,9298100,-0.004540928297362816
2019-05-16,28.897750854492188,6742100,-0.004561839495154327
2019-05-17,29.247737884521484,6777900,0.012111220412674123
2019-05-20,29.48421859741211,6864800,0.008085436002754099
2019-05-21,29.645021438598633,7162200,0.0054538613819881746
2019-05-22,29.62610626220703,7263000,-0.0006380557501292099
2019-05-23,29.92879867553711,8810000,0.010217083900634355
2019-05-24,30.19365882873535,6135400,0.008849675393577719
2019-05-28,29.95718002319336,11372900,-0.007832068544039285
2019-05-29,29.89096450805664,6370900,-0.0022103387263238254
2019-05-30,30.354461669921875,6749100,0.015506263163248078
2019-05-31,31.300382614135742,13522400,0.03116250106820958
2019-06-03,31.81117057800293,11862600,0.01631890479308415
2019-06-04,32.50169372558594,12264300,0.021706939261785508
2019-06-05,32.75813293457031,10111000,0.007890026013705904
2019-06-06,33.53696823120117,11645600,0.023775326212469788
2019-06-07,33.878883361816406,11352800,0.01019517113944525
2019-06-10,33.51796340942383,9607000,-0.010653242273012965
2019-06-11,33.166534423828125,15816500,-0.010484795311188155
2019-06-12,33.68892288208008,9086200,0.015750468577044003
2019-06-13,33.76491165161133,8126100,0.0022556010412452276
2019-06-14,34.12582015991211,9563500,0.010688862805999908
2019-06-17,34.40126419067383,7435200,0.00807142596048974
2019-06-18,34.201812744140625,9284700,-0.00579779409930157
2019-06-19,34.534236907958984,11639800,0.009719489616096724
2019-06-20,35.6929817199707,19911400,0.03355350851098919
2019-06-21,35.60749816894531,19060400,-0.0023949680555144385
2019-06-24,36.509796142578125,13605300,0.025340111494262234
2019-06-25,36.0349006652832,13505400,-0.013007343986264923
2019-06-26,36.348331451416016,9849000,0.00869797835837462
2019-06-27,36.16787338256836,7232900,-0.004964686455796754
2019-06-28,36.53828430175781,9132600,0.010241434857709331
2019-07-01,36.00640106201172,8806600,-0.014556875067078765
2019-07-02,36.509796142578125,7180100,0.013980710810265052
2019-07-03,36.813720703125,5049300,0.008324466106575567
2019-07-05,36.49079513549805,6581900,-0.00877188074063758
2019-07-08,36.3673210144043,4820500,-0.0033837059629768123
2019-07-09,36.813720703125,5115100,0.012274747665463014
2019-07-10,37.08916473388672,6114200,0.007482102474318419
2019-07-11,37.3076171875,6613800,0.005889926483399368
2019-07-12,37.44057846069336,4164500,0.0035639175915504018
2019-07-15,37.2031364440918,4264800,-0.006341836220581869
2019-07-16,36.74724197387695,6542500,-0.012254194505884034
2019-07-17,37.098663330078125,6436300,0.009563203585482467
2019-07-18,37.706520080566406,9096000,0.016384869316718887
2019-07-19,37.317108154296875,7218600,-0.010327442719123545
2019-07-22,37.896480560302734,6543100,0.01552565122705382
2019-07-23,37.63053894042969,6647500,-0.007017580945277163
2019-07-24,37.32660675048828,7806900,-0.008076742946002989
2019-07-25,36.32932662963867,13468500,-0.026717674272295423
2019-07-26,35.408042907714844,10396600,-0.025359229234164067
2019-07-29,35.81644821166992,7817300,0.011534252401905363
2019-07-30,35.83544158935547,4468900,0.0005302976323419569
2019-07-31,34.68619918823242,10687000,-0.032069994121808644
2019-08-01,35.284568786621094,11935000,0.017250941653811226
2019-08-02,35.056617736816406,5882600,-0.006460360935206329
2019-08-05,35.54100799560547,10606100,0.013817370016285302
2019-08-06,36.08238220214844,7883800,0.015232381889953935
2019-08-07,37.37409210205078,15810900,0.03579890852731536
2019-08-08,37.317108154296875,8680600,-0.00152469115766907
2019-08-09,37.07017135620117,6166300,-0.006617254399099776
2019-08-12,36.528785705566406,6651400,-0.01460434712946644
2019-08-13,35.768959045410156,10083500,-0.020800764259745554
2019-08-14,36.063392639160156,11955500,0.008231539346062728
2019-08-15,36.585777282714844,6283300,0.014485177497899787
2019-08-16,36.642765045166016,6727800,0.0015576479901137994
2019-08-19,36.215362548828125,5102000,-0.011664035064249999
2019-08-20,36.633262634277344,8847000,0.01153930420786969
2019-08-21,36.59526824951172,4826200,-0.0010371553619161966
2019-08-22,36.55728530883789,4176600,-0.0010379194494450775
2019-08-23,37.32660675048828,10360100,0.021044271617849143
2019-08-26,37.469078063964844,5598000,0.0038168836087598234
2019-08-27,38.703800201416016,9059900,0.0329530962929841
2019-08-28,38.817779541015625,7510800,0.002944913393683738
2019-08-29,38.09593963623047,6952000,-0.0185956000915108
2019-08-30,37.886985778808594,7082600,-0.005484937749721578
2019-09-03,38.361873626708984,7728300,0.01253432644847695
2019-09-04,38.960243225097656,4671000,0.015598028506409144
2019-09-05,37.364601135253906,10148300,-0.04095565011298131
2019-09-06,36.71875,7188000,-0.01728510717713881
2019-09-09,36.14888000488281,8940800,-0.01551986369680851
2019-09-10,36.24385070800781,6777700,0.002627210113070497
2019-09-11,36.911155700683594,7710000,0.018411536843913362
2019-09-12,36.85396194458008,8816600,-0.0015494978419886322
2019-09-13,36.81582260131836,9773600,-0.0010348776969779149
2019-09-16,36.68236541748047,9420200,-0.0036249952984375683
2019-09-17,37.750038146972656,10407300,0.029105885548574875
2019-09-18,37.225738525390625,7375600,-0.013888717662768169
2019-09-19,37.54985427856445,4005200,0.008706764889372387
2019-09-20,37.978824615478516,8300400,0.011424021348571322
2019-09-23,37.98836135864258,6390400,0.0002511068539013116
2019-09-24,38.40781021118164,7122400,0.01104150949231811
2019-09-25,37.72144317626953,5889800,-0.017870506835411505
2019-09-26,37.530784606933594,6263800,-0.0050543816270497395
2019-09-27,36.606101989746094,9737400,-0.024637977246462103
2019-09-30,36.148521423339844,8069500,-0.01250011723549328
2019-10-01,35.80534362792969,7493200,-0.009493549995894943
2019-10-02,36.100860595703125,7175800,0.008253431969381289
2019-10-03,36.33917999267578,5497600,0.006601487971204266
2019-10-04,36.52030944824219,5038200,0.004984412295569497
2019-10-07,36.47263717651367,4426800,-0.0013053633019204937
2019-10-08,37.101806640625,5972600,0.017250451648625997
2019-10-09,36.96834945678711,4984800,-0.00359705351091341
2019-10-10,37.120880126953125,5189800,0.004125979991189792
2019-10-11,35.86254119873047,9358600,-0.03389841307423603
2019-10-14,36.22478103637695,4264300,0.010100785542194306
2019-10-15,35.92926788330078,4892900,-0.008157762300327429
2019-10-16,36.0627326965332,5139700,0.003714654405592653
2019-10-17,36.52030944824219,4821800,0.012688354916403003
2019-10-18,36.64423370361328,4616100,0.003393296969367781
2019-10-21,36.18665313720703,4362000,-0.01248710970755354
2019-10-22,36.03413009643555,5796800,-0.004214897691509927
2019-10-23,36.587039947509766,5186200,0.015344059911936433
2019-10-24,37.27339553833008,4402300,0.018759527740014072
2019-10-25,37.34966278076172,4970600,0.0020461576234236897
2019-10-28,37.03507614135742,4266500,-0.008422743767484187
2019-10-29,37.02554702758789,4550200,-0.00025729969429953454
2019-10-30,37.21620178222656,4983100,0.005149275836400586
2019-10-31,37.873966217041016,5360500,0.017674141995021733
2019-11-01,37.75957489013672,6446700,-0.0030203154918807427
2019-11-04,37.073211669921875,7374600,-0.018177196703401725
2019-11-05,35.79581069946289,12383900,-0.03445617233899812
2019-11-06,35.891136169433594,5998000,0.002663034251997915
2019-11-07,35.204776763916016,7555700,-0.019123368017034546
2019-11-08,34.899723052978516,8739900,-0.008665122718521883
2019-11-11,34.99504852294922,4957600,0.002731410499332532
2019-11-12,35.176177978515625,4522000,0.005175859534746017
2019-11-13,35.62421798706055,4728200,0.012737029270734558
2019-11-14,35.78627395629883,3908500,0.004549039344446616
2019-11-15,35.853004455566406,3475500,0.001864695367533024
2019-11-18,36.28199005126953,4946200,0.011965122650593437
2019-11-19,36.558433532714844,5652800,0.007619303159905904
2019-11-20,36.672828674316406,5026500,0.003129104027370165
2019-11-21,36.42497253417969,4116700,-0.006758577101806802
2019-11-22,36.310585021972656,3573000,-0.003140359600812183
2019-11-25,35.996002197265625,6133500,-0.008663667206591893
2019-11-26,36.35824203491211,11105300,0.010063335246545832
2019-11-27,36.39638137817383,3772300,0.0010489875507483663
2019-11-29,36.606101989746094,2883900,0.0057621280916138225
2019-12-02,36.93021774291992,6762000,0.008854145499147047
2019-12-03,37.54031753540039,9374200,0.016520341058574833
2019-12-04,37.435081481933594,6389700,-0.0028032808557775153
2019-12-05,38.267398834228516,9989100,0.022233619357730088
2019-12-06,38.0760612487793,6397800,-0.005000015451222037
2019-12-09,37.99953079223633,6191700,-0.0020099362705332945
2019-12-10,38.25782775878906,7025300,0.006797372524544617
2019-12-11,39.128421783447266,7981800,0.022755971147844365
2019-12-12,39.33888244628906,7604500,0.005378715860470236
2019-12-13,39.501529693603516,5542900,0.00413451621399062
2019-12-16,39.21451950073242,6745600,-0.00726579945377582
2019-12-17,38.717044830322266,6555500,-0.012685981538059258
2019-12-18,39.204952239990234,9230400,0.012601876300379499
2019-12-19,39.10928726196289,5743300,-0.002440124845497518
2019-12-20,39.15711975097656,12074100,0.0012230468096562077
2019-12-23,39.960731506347656,8136500,0.020522749387129068
2019-12-24,40.35297393798828,5370200,0.009815696981881283
2019-12-26,40.840885162353516,4441100,0.01209108466491276
2019-12-27,40.86001205444336,4971700,0.0004683270701359484
2019-12-30,41.85497283935547,5947800,0.024350477028405856
2019-12-31,41.567962646484375,6608700,-0.006857254309366635
