Date,Adj Close,Volume,LogReturn
2019-01-02,6500.0,85,
2019-01-03,6500.0,0,0.0
2019-01-04,6500.0,76,0.0
2019-01-08,6434.0,50,-0.010153846153846154
2019-01-09,6627.0,77,0.029996891513832762
2019-01-10,6627.0,0,0.0
2019-01-11,6700.0,243,0.011015542477742567
2019-01-14,6700.0,0,0.0
2019-01-16,6700.0,10,0.0
2019-01-17,6600.0,170,-0.014925373134328358
2019-01-18,6600.0,60,0.0
2019-01-22,6645.0,33,0.006818181818181818
2019-01-23,6645.0,0,0.0
2019-01-24,6600.0,28,-0.006772009029345372
2019-01-25,6660.0,172,0.00909090909090909
2019-01-31,6695.0,40,0.005255255255255256
2019-02-01,6595.0,60,-0.014936519790888723
2019-02-04,6650.0,1,0.008339651250947688
2019-02-05,6650.0,235,0.0
2019-02-06,6600.0,2,-0.007518796992481203
2019-02-07,6677.0,5,0.011666666666666667
2019-02-08,6650.0,253,-0.004043732215066646
2019-02-11,6600.0,28,-0.007518796992481203
2019-02-12,6600.0,0,0.0
2019-02-13,6650.0,42,0.007575757575757576
2019-02-14,6650.0,40,0.0
2019-02-15,6651.0,13,0.00015037593984962405
2019-02-19,6745.0,180,0.014133213050669072
2019-02-20,6850.0,285,0.015567086730911787
2019-02-21,6812.0,146,-0.005547445255474452
2019-02-22,6898.0,64,0.01262477980035232
2019-02-25,6899.0,360,0.00014496955639315743
2019-02-26,6899.0,0,0.0
2019-02-27,6850.0,15,-0.007102478620089868
2019-02-28,6850.0,0,0.0
2019-03-01,6170.0,237,-0.09927007299270073
2019-03-04,6200.0,283,0.004862236628849271
2019-03-05,6250.0,100,0.008064516129032258
2019-03-06,6260.0,39,0.0016
2019-03-07,6260.0,0,0.0
2019-03-08,6300.0,70,0.006389776357827476
2019-03-11,6300.0,12,0.0
2019-03-12,6350.0,35,0.007936507936507936
2019-03-13,6450.0,81,0.015748031496062992
2019-03-14,6430.0,50,-0.0031007751937984496
2019-03-15,6400.0,19,-0.004665629860031105
2019-03-18,6400.0,0,0.0
2019-03-26,6210.0,249,-0.0296875
2019-03-27,6190.0,170,-0.00322061191626409
2019-03-28,6200.0,103,0.0016155088852988692
2019-03-29,6250.0,30,0.008064516129032258
2019-04-01,6250.0,0,0.0
2019-04-04,6200.0,5,-0.008
2019-04-05,6200.0,118,0.0
2019-04-08,6200.0,15,0.0
2019-04-09,6235.0,53,0.00564516129032258
2019-04-10,6250.0,10,0.0024057738572574178
2019-04-15,6200.0,110,-0.008
2019-04-16,6200.0,0,0.0
2019-04-17,6180.0,50,-0.0032258064516129032
2019-04-18,6180.0,44,0.0
2019-04-22,6150.0,12,-0.0048543689320388345
2019-04-23,6150.0,10,0.0
2019-04-24,6150.0,0,0.0
2019-04-25,6050.0,430,-0.016260162601626018
2019-04-26,6050.0,0,0.0
2019-04-30,6050.0,636,0.0
2019-05-02,6050.0,512,0.0
2019-05-06,6050.0,187,0.0
2019-05-07,6051.0,707,0.00016528925619834712
2019-05-08,6051.0,0,0.0
2019-05-10,6099.0,20,0.007932573128408527
2019-05-13,6099.0,0,0.0
2019-05-14,6099.0,15,0.0
2019-05-15,6090.0,100,-0.0014756517461878996
2019-05-16,6055.0,495,-0.005747126436781609
2019-05-17,6150.0,487,0.01568951279933939
2019-05-20,6150.0,202,0.0
2019-05-28,6100.0,20,-0.008130081300813009
2019-05-29,6100.0,0,0.0
2019-05-30,6137.0,36,0.0060655737704918035
2019-05-31,6137.0,0,0.0
2019-06-03,6100.0,433,-0.006029004399543751
2019-06-06,6100.0,520,0.0
2019-06-11,6056.0,5,-0.007213114754098361
2019-06-12,6056.0,0,0.0
2019-06-21,6110.0,115,0.00891677675033025
2019-06-24,6110.0,0,0.0
2019-07-01,6100.0,42,-0.0016366612111292963
2019-07-05,6090.0,0,-0.001639344262295082
2019-07-11,6089.0,20,-0.00016420361247947455
2019-07-12,6089.0,0,0.0
2019-07-15,6090.0,12,0.00016423057973394647
2019-07-17,6088.0,200,-0.0003284072249589491
2019-07-18,6052.0,77,-0.005913272010512484
2019-07-19,6052.0,0,0.0
2019-07-24,6050.0,20,-0.00033046926635822867
2019-07-31,6050.0,183,0.0
2019-08-06,6050.0,200,0.0
2019-08-08,6050.0,10,0.0
2019-08-12,6054.0,85,0.0006611570247933885
2019-08-13,6051.0,94,-0.0004955401387512388
2019-08-16,6057.0,133,0.0009915716410510659
2019-08-19,6100.0,2966,0.00709922403830279
2019-08-20,6100.0,11,0.0
2019-08-27,6100.0,138,0.0
2019-09-03,6105.0,1882,0.000819672131147541
2019-09-04,6050.0,357,-0.009009009009009009
2019-09-11,6100.0,400,0.008264462809917356
2019-09-12,6100.0,50,0.0
2019-09-17,6100.0,337,0.0
2019-09-19,6100.0,335,0.0
2019-09-23,6100.0,70,0.0
2019-09-25,6150.0,109,0.00819672131147541
2019-09-27,6150.0,994,0.0
2019-09-30,6150.0,13,0.0
2019-10-01,6150.0,209,0.0
2019-10-02,6150.0,301,0.0
2019-10-03,6224.0,41,0.012032520325203253
2019-10-04,6224.0,0,0.0
2019-10-08,6150.0,14,-0.011889460154241645
2019-10-10,6150.0,243,0.0
2019-10-14,6220.0,229,0.011382113821138212
2019-10-15,6220.0,0,0.0
2019-10-18,6150.0,20,-0.011254019292604502
2019-12-17,5535.0,14,-0.1
2019-12-18,5535.0,0,0.0
2019-12-24,5499.0,5,-0.0065040650406504065
2019-12-26,5050.0,129,-0.08165120931078378
2019-12-27,4950.0,20,-0.019801980198019802
2019-12-30,5060.0,52,0.022222222222222223
2019-12-31,5060.0,0,0.0
