Date,Adj Close,Volume,LogReturn
2019-01-02,37.09293746948242,425200,
2019-01-03,36.290653228759766,302900,-0.02162902955266678
2019-01-04,37.211788177490234,325900,0.025382153992215384
2019-01-07,37.68721389770508,189400,0.012776212686882737
2019-01-08,38.657875061035156,238600,0.02575571561126161
2019-01-09,38.588539123535156,242400,-0.0017935786017862763
2019-01-10,38.53901672363281,374200,-0.0012833447709384787
2019-01-11,39.17291259765625,385700,0.016448158980525346
2019-01-14,37.40988540649414,262700,-0.045006283021895924
2019-01-15,36.795799255371094,325400,-0.016415077043150875
2019-01-16,36.3500862121582,284000,-0.012113150202813701
2019-01-17,36.99388885498047,307700,0.01771117237699782
2019-01-18,37.31083297729492,163400,0.008567472415698277
2019-01-22,36.4194221496582,232300,-0.023891474848046854
2019-01-23,36.65713119506836,203100,0.006526985640610642
2019-01-24,36.75617599487305,137400,0.0027019244707838026
2019-01-25,36.92986297607422,86200,0.004725382238495068
2019-01-28,36.5924186706543,123500,-0.00913743724525981
2019-01-29,36.2649040222168,149200,-0.00895034163730079
2019-01-30,36.65196990966797,529500,0.010673291378740325
2019-01-31,37.39632034301758,389200,0.020308606472834258
2019-02-01,36.235130310058594,227200,-0.031050916836415296
2019-02-04,37.058876037597656,237500,0.02273334525060055
2019-02-05,37.505496978759766,237800,0.01205165911424284
2019-02-06,37.088653564453125,105700,-0.011114195194979252
2019-02-07,36.76114273071289,190500,-0.008830485937460145
2019-02-08,36.54279708862305,493400,-0.0059395771151428915
2019-02-11,36.66189193725586,314700,0.0032590512528087394
2019-02-12,37.04895782470703,332000,0.010557717209837583
2019-02-13,36.8206901550293,146000,-0.006161244015493152
2019-02-14,36.959632873535156,190700,0.0037734957688423812
2019-02-15,37.594818115234375,130300,0.017185918590496643
2019-02-19,37.63451385498047,309000,0.0010558832769032077
2019-02-20,37.376468658447266,242600,-0.0068566103318763606
2019-02-21,37.16805648803711,221800,-0.0055760262510261005
2019-02-22,37.77346420288086,193100,0.01628838771913205
2019-02-25,37.16805648803711,245600,-0.016027328380370725
2019-02-26,37.01918029785156,311700,-0.004005487621701826
2019-02-27,36.37407684326172,155300,-0.017426194999441487
2019-02-28,36.25497817993164,133000,-0.0032742731545678003
2019-03-01,36.294677734375,144800,0.0010950097458708285
2019-03-04,34.93499755859375,318200,-0.03746224682671546
2019-03-05,34.95484161376953,334000,0.0005680279537016816
2019-03-06,34.06161880493164,180800,-0.02555362197624804
2019-03-07,33.446285247802734,177100,-0.018065305722927492
2019-03-08,33.43635940551758,506100,-0.0002967696475592407
2019-03-11,33.48598861694336,890700,0.0014842887296393748
2019-03-12,33.823429107666016,452600,0.010077065204278214
2019-03-13,33.763877868652344,291300,-0.0017606505485919138
2019-03-14,33.962371826171875,496700,0.005878885070361557
2019-03-15,33.932594299316406,1540000,-0.0008767799554129425
2019-03-18,34.87544631958008,595200,0.027786028145884097
2019-03-19,34.83574676513672,699500,-0.001138323910741492
2019-03-20,32.92027282714844,1190300,-0.0549858727273006
2019-03-21,33.456207275390625,647200,0.016279769340192624
2019-03-22,32.344642639160156,442500,-0.03322446645194305
2019-03-25,32.11637496948242,424500,-0.007057356367306628
2019-03-26,31.98735237121582,668300,-0.0040173462412617005
2019-03-27,32.11637496948242,369400,0.004033550409839609
2019-03-28,32.106449127197266,407400,-0.0003090586124551096
2019-03-29,32.26524353027344,393000,0.004945872477117305
2019-04-01,33.227943420410156,316900,0.02983705637409643
2019-04-02,32.77140426635742,254100,-0.01373961512683649
2019-04-03,32.6622314453125,240900,-0.0033313440021548566
2019-04-04,33.307342529296875,178300,0.019750980121015515
2019-04-05,33.62493133544922,180900,0.009535098931203988
2019-04-08,33.67455291748047,182300,0.0014757377951560677
2019-04-09,32.8905029296875,186800,-0.023283159533380716
2019-04-10,33.39666748046875,179100,0.015389383125679654
2019-04-11,33.416507720947266,118000,0.0005940784507950897
2019-04-12,33.70432662963867,382600,0.008613075641982357
2019-04-15,33.37681198120117,354300,-0.009717287992025703
2019-04-16,33.37681198120117,188300,0.0
2019-04-17,32.41411590576172,258200,-0.028843260284465533
2019-04-18,32.68208312988281,184900,0.008266991606377939
2019-04-22,32.15607452392578,207500,-0.016094708647138717
2019-04-23,32.97982406616211,162500,0.025617229541603902
2019-04-24,33.724178314208984,222100,0.022569988443649578
2019-04-25,33.33711624145508,225100,-0.01147728698228433
2019-04-26,33.456207275390625,126200,0.0035723256046801023
2019-04-29,33.55546188354492,81900,0.002966702332314445
2019-04-30,33.59027099609375,136000,0.0010373605545837524
2019-05-01,33.441070556640625,292100,-0.004441775401885733
2019-05-02,32.62543487548828,130200,-0.02439023833794033
2019-05-03,33.60021209716797,153900,0.029877830759952397
2019-05-06,33.75936508178711,144600,0.0047366660710024214
2019-05-07,33.391334533691406,279200,-0.010901583818418803
2019-05-08,33.480857849121094,130100,0.002681034366546796
2019-05-09,33.49079895019531,94500,0.00029691894750778357
2019-05-10,33.60021209716797,115000,0.0032669613864800967
2019-05-13,31.809799194335938,251100,-0.05328576193669141
2019-05-14,32.2872428894043,145400,0.015009327539338039
2019-05-15,32.535911560058594,96200,0.007701762318513188
2019-05-16,32.0982551574707,349900,-0.013451487344376789
2019-05-17,30.795225143432617,169400,-0.04059504193126873
2019-05-20,30.934480667114258,164700,0.004521984269737941
2019-05-21,31.392032623291016,421100,0.014791001701320652
2019-05-22,30.83501434326172,109400,-0.017743937983041677
2019-05-23,29.979589462280273,237100,-0.02774199718082436
2019-05-24,30.675867080688477,147800,0.023225055142407667
2019-05-28,29.909963607788086,302200,-0.02496762262288434
2019-05-29,30.805173873901367,302400,0.029930169018332824
2019-05-30,30.41724967956543,277100,-0.012592825994875914
2019-05-31,29.929855346679688,188100,-0.01602361613953473
2019-06-03,30.437143325805664,186600,0.016949229231148066
2019-06-04,32.45634078979492,295300,0.06633991378150499
2019-06-05,33.18245315551758,354500,0.022371972565402812
2019-06-06,32.217613220214844,165100,-0.029076811493736737
2019-06-07,32.88405227661133,240300,0.020685550225003298
2019-06-10,33.59027099609375,248600,0.021476024716841773
2019-06-11,32.77463912963867,193400,-0.024281788811704702
2019-06-12,33.2321891784668,124500,0.013960490823966222
2019-06-13,33.749420166015625,167100,0.015564156329609915
2019-06-14,33.19240188598633,139800,-0.016504528886401224
2019-06-17,32.237510681152344,292000,-0.028768367173727636
2019-06-18,33.06309509277344,233100,0.02560943429493058
2019-06-19,33.47091293334961,246600,0.012334533092919911
2019-06-20,33.79915237426758,238300,0.009806707142156224
2019-06-21,34.7739372253418,1120600,0.028840511746571342
2019-06-24,34.51531982421875,326200,-0.007437104387897074
2019-06-25,34.982818603515625,260700,0.013544674703226707
2019-06-26,35.022605895996094,205400,0.0011373381010662844
2019-06-27,36.03717803955078,282500,0.028969064911034417
2019-06-28,36.594200134277344,613600,0.015456873291111504
2019-07-01,36.36542510986328,381700,-0.0062516744067257725
2019-07-02,36.75334930419922,306900,0.010667390609733915
2019-07-03,37.220848083496094,127800,0.012719895959072807
2019-07-05,37.70823669433594,169900,0.013094505792734858
2019-07-08,37.45956802368164,446100,-0.006594545183059403
2019-07-09,38.692970275878906,365300,0.032926227323751264
2019-07-10,39.001319885253906,794700,0.007969137731646937
2019-07-11,42.39317321777344,1853400,0.08696765500497752
2019-07-12,41.090145111083984,699800,-0.030736743861937553
2019-07-15,40.96083450317383,276200,-0.0031469980833743754
2019-07-16,41.7366828918457,357500,0.018941225150375263
2019-07-17,41.537750244140625,349000,-0.004766374180252464
2019-07-18,41.72209167480469,195700,0.004437925250659573
2019-07-19,42.011070251464844,340900,0.0069262725107971
2019-07-22,41.213897705078125,179300,-0.018975297263675944
2019-07-23,41.4929084777832,228700,0.006769822517191819
2019-07-24,42.4096565246582,232900,0.022094089821779062
2019-07-25,42.050926208496094,182800,-0.008458694211624497
2019-07-26,42.12068176269531,219600,0.001658835143210832
2019-07-29,41.95127868652344,201100,-0.004021850290227469
2019-07-30,42.23029327392578,195200,0.006650919736851198
2019-07-31,41.71213150024414,274400,-0.012269907062226557
2019-08-01,40.80534362792969,213300,-0.021739188089900073
2019-08-02,40.396793365478516,158500,-0.010012175517412748
2019-08-05,39.32060623168945,222200,-0.026640409897205578
2019-08-06,39.988243103027344,194000,0.016979312765524595
2019-08-07,39.729156494140625,194700,-0.006479069566002122
2019-08-08,41.861595153808594,346600,0.05367440056227892
2019-08-09,40.8153076171875,182300,-0.024993971987374252
2019-08-12,40.60605239868164,108500,-0.005126880837662513
2019-08-13,40.78541564941406,91400,0.004417155575020764
2019-08-14,39.729156494140625,158500,-0.02589796226064971
2019-08-15,40.6558723449707,196100,0.02332583756130722
2019-08-16,42.070858001708984,233500,0.03480396742522045
2019-08-19,42.250221252441406,174800,0.00426336089283313
2019-08-20,42.190433502197266,136900,-0.0014150872698846712
2019-08-21,41.97120666503906,166400,-0.005196126679921074
2019-08-22,42.00110626220703,124000,0.0007123835491933652
2019-08-23,40.855167388916016,163900,-0.02728354025098957
2019-08-26,40.984710693359375,111300,0.003170793628384555
2019-08-27,41.542728424072266,261400,0.013615265821634907
2019-08-28,41.941314697265625,131900,0.009594609894770305
2019-08-29,42.80824279785156,163900,0.020670026842111774
2019-08-30,42.80824279785156,175400,0.0
2019-09-03,42.97764205932617,169100,0.0039571645646504115
2019-09-04,43.35629653930664,153000,0.008810499176706241
2019-09-05,44.382659912109375,240700,0.02367276392881568
2019-09-06,43.655242919921875,149900,-0.016389666451447436
2019-09-09,44.48230743408203,227500,0.018945365065938715
2019-09-10,44.631778717041016,141400,0.003360241219061863
2019-09-11,45.46881103515625,218700,0.018754177901398408
2019-09-12,45.41899108886719,131700,-0.0010956949424198044
2019-09-13,45.259552001953125,189000,-0.0035104057375933916
2019-09-16,45.090152740478516,188900,-0.003742839996898315
2019-09-17,45.339271545410156,112600,0.005524904880350975
2019-09-18,44.83107376098633,154900,-0.011208777007253763
2019-09-19,45.329307556152344,224600,0.011113581571173458
2019-09-20,45.15990447998047,462100,-0.003737164437423282
2019-09-23,43.585487365722656,191700,-0.034863163073246904
2019-09-24,43.76485061645508,199800,0.0041152058075523594
2019-09-25,45.15990447998047,334900,0.031876125335176315
2019-09-26,41.193965911865234,1290000,-0.08781990603796223
2019-09-27,41.70216369628906,332700,0.012336704494806854
2019-09-30,41.064422607421875,374900,-0.015292757793378907
2019-10-01,40.05799102783203,219400,-0.024508601745393686
2019-10-02,39.5996208190918,176300,-0.011442665919560512
2019-10-03,39.90852355957031,183500,0.00780064894787041
2019-10-04,41.231319427490234,195700,0.03314569795962064
2019-10-07,41.06160354614258,132200,-0.004116188463144385
2019-10-08,40.33281707763672,167000,-0.017748611977291454
2019-10-09,40.99171829223633,138900,0.01633660285447677
2019-10-10,40.79205322265625,154100,-0.0048708636255898035
2019-10-11,40.861934661865234,220500,0.00171311404276585
2019-10-14,41.241302490234375,188800,0.009284137706851875
2019-10-15,41.0416374206543,277600,-0.00484138612322822
2019-10-16,40.91184997558594,257100,-0.0031623359404038677
2019-10-17,41.221336364746094,237000,0.007564712652809434
2019-10-18,39.743797302246094,331000,-0.035844035948423114
2019-10-21,40.19304656982422,384300,0.011303632216158066
2019-10-22,40.25294876098633,115500,0.0014903620470283587
2019-10-23,40.84196853637695,98400,0.014632959659380544
2019-10-24,40.712181091308594,130600,-0.00317779602011007
2019-10-25,40.582401275634766,93300,-0.0031877392022490797
2019-10-28,41.47092056274414,170400,0.02189420189984747
2019-10-29,41.910186767578125,151100,0.010592149845562001
2019-10-30,41.231319427490234,184500,-0.01619814638032262
2019-10-31,41.680572509765625,169100,0.010895918163993056
2019-11-01,42.718841552734375,123600,0.024910143514115284
2019-11-04,42.91851043701172,122900,0.004674023850362656
2019-11-05,43.457611083984375,125200,0.012561028830761819
2019-11-06,43.42766189575195,157500,-0.0006891586418439642
2019-11-07,44.116512298583984,135900,0.01586201910859525
2019-11-08,43.27790832519531,106400,-0.019008845661074362
2019-11-11,43.39771270751953,63700,0.0027682572231540045
2019-11-12,44.216346740722656,99000,0.01886352948415367
2019-11-13,44.176414489746094,132500,-0.0009031105896359691
2019-11-14,44.555782318115234,111500,0.008587564942763672
2019-11-15,44.66559982299805,97000,0.002464719485761639
2019-11-18,43.687225341796875,146600,-0.021904429473203063
2019-11-19,44.05661392211914,205000,0.008455299631237064
2019-11-20,44.565765380859375,154900,0.011556754217205261
2019-11-21,44.48590087890625,168200,-0.0017920594714485962
2019-11-22,44.07658004760742,68300,-0.009201136162511989
2019-11-25,44.69554901123047,112300,0.014043035166396626
2019-11-26,44.915184020996094,107900,0.004914024206536499
2019-11-27,44.865264892578125,79600,-0.0011114087475325384
2019-11-29,44.61568069458008,28900,-0.005562971679664251
2019-12-02,43.65727615356445,98600,-0.02148133853602848
2019-12-03,43.58739471435547,91000,-0.001600682529143056
2019-12-04,44.256282806396484,214800,0.015345906687575387
2019-12-05,44.565765380859375,143600,0.006992963593819051
2019-12-06,44.885231018066406,194300,0.0071684090798592925
2019-12-09,44.82533264160156,159600,-0.0013344785156777855
2019-12-10,44.855281829833984,95400,0.0006681308641227257
2019-12-11,44.865264892578125,117300,0.00022256158777494796
2019-12-12,44.955116271972656,168500,0.002002693611854613
2019-12-13,44.54579544067383,165900,-0.009105100047400387
2019-12-16,44.89521789550781,150700,0.007844117528428599
2019-12-17,45.35445022583008,119900,0.010228980988378635
2019-12-18,45.09488296508789,108300,-0.005723082507884967
2019-12-19,45.594051361083984,257400,0.011069291307010289
2019-12-20,51.79372787475586,1369500,0.1359755566482408
2019-12-23,47.900211334228516,467700,-0.07517351425142414
2019-12-24,47.88024139404297,93400,-0.00041690714151978623
2019-12-26,46.342803955078125,243600,-0.03211006031302349
2019-12-27,45.214683532714844,279000,-0.024342947039993783
2019-12-30,45.17475128173828,154400,-0.0008831699761355121
2019-12-31,45.02499771118164,189300,-0.0033149838418076233
