Date,Adj Close,Volume,LogReturn
2019-07-23,25.110000610351562,0,
2019-07-24,25.110000610351562,398089,0.0
2019-07-25,25.190000534057617,900,0.0031859785647745
2019-07-26,25.40999984741211,4022,0.008733597010331409
2019-07-29,25.40999984741211,0,0.0
2019-08-01,25.0,1222,-0.01613537386360378
2019-08-02,25.0,0,0.0
2019-08-06,24.020000457763672,2300,-0.03919998168945313
2019-08-07,24.239999771118164,2000,0.009159005377261959
2019-08-08,24.239999771118164,0,0.0
2019-08-19,24.299999237060547,2011,0.0024752255160444296
2019-08-20,24.299999237060547,0,0.0
2019-08-28,23.8799991607666,150,-0.017283954299611357
2019-08-29,24.280000686645508,105,0.016750483246920907
2019-08-30,24.280000686645508,0,0.0
2019-09-17,24.5,100,0.009060926982407224
2019-09-18,24.5,0,0.0
2019-10-03,23.953500747680664,400,-0.022306091931401466
2019-10-04,23.953500747680664,0,0.0
2019-11-01,25.35700035095215,801,0.05859267161220184
2019-11-04,25.450000762939453,100,0.0036676424932025743
2019-11-05,25.450000762939453,0,0.0
2019-11-06,25.389999389648438,200,-0.0023576177403652667
2019-11-07,25.540000915527344,100,0.005907897971043758
2019-11-08,25.540000915527344,0,0.0
2019-11-12,25.540000915527344,301,0.0
2019-11-18,25.72879981994629,110,0.007392282601844497
2019-11-19,25.72879981994629,0,0.0
2019-11-21,25.6200008392334,110,-0.004228684644222855
2019-11-22,25.6200008392334,0,0.0
2019-11-27,26.228900909423828,100,0.023766590563806134
2019-11-29,26.15999984741211,109,-0.0026269138096809527
2019-12-02,26.15999984741211,0,0.0
2019-12-26,26.640600204467773,1131,0.018371573389103352
2019-12-27,26.640600204467773,0,0.0
2019-12-30,26.398000717163086,202,-0.009106382192695578
2019-12-31,26.398000717163086,0,0.0
