Date,Adj Close,Volume,LogReturn
2019-01-02,0.029999999329447746,0,
2019-01-08,0.029999999329447746,100,0.0
2019-01-24,0.10000000149011612,1200,2.3333334575096796
2019-01-25,0.10000000149011612,0,0.0
2019-01-28,0.029999999329447746,400,-0.7000000111758707
2019-02-11,0.029999999329447746,5400,0.0
2019-02-15,0.029999999329447746,1000,0.0
2019-02-22,0.07000000029802322,200,1.3333333954215063
2019-02-25,0.10000000149011612,300,0.42857144377669504
2019-02-28,0.10000000149011612,700,0.0
2019-03-06,0.10000000149011612,1200,0.0
2019-03-07,0.10000000149011612,100,0.0
2019-03-28,0.09000000357627869,1000,-0.09999997764825855
2019-03-29,0.03999999910593033,2000,-0.5555555831502974
2019-04-01,0.029999999329447746,26000,-0.25
2019-04-02,0.029999999329447746,36300,0.0
2019-04-03,0.05000000074505806,81700,0.6666667287548397
2019-04-04,0.03999999910593033,10000,-0.20000002980232195
2019-04-05,0.03999999910593033,100,0.0
2019-04-08,0.03999999910593033,0,0.0
2019-05-09,0.07000000029802322,79400,0.7500000465661297
2019-05-10,0.07000000029802322,6200,0.0
2019-05-13,0.07000000029802322,100300,0.0
2019-05-14,0.07000000029802322,149200,0.0
2019-05-15,0.07999999821186066,91300,0.14285711244660995
2019-05-16,0.07000000029802322,60300,-0.12499997671693511
2019-05-17,0.10000000149011612,40400,0.42857144377669504
2019-05-20,0.11999999731779099,38600,0.1999999552965171
2019-05-21,0.09000000357627869,56800,-0.24999995343387021
2019-05-22,0.07000000029802322,17700,-0.2222222498169641
2019-05-23,0.07000000029802322,800,0.0
2019-05-24,0.07000000029802322,0,0.0
2019-05-28,0.09000000357627869,81100,0.2857143313300851
2019-05-29,0.10000000149011612,94500,0.11111108351636925
2019-05-30,0.07999999821186066,61900,-0.20000002980232195
2019-05-31,0.09000000357627869,11200,0.12500006984919465
2019-06-03,0.09000000357627869,22800,0.0
2019-06-04,0.09000000357627869,11600,0.0
2019-06-05,0.07000000029802322,126700,-0.2222222498169641
2019-06-07,0.07000000029802322,4000,0.0
2019-06-10,0.07000000029802322,2400,0.0
2019-06-11,0.03999999910593033,2400,-0.42857144377669504
2019-06-12,0.05999999865889549,200,0.5
2019-06-13,0.05000000074505806,16700,-0.16666663562258016
2019-06-14,0.05000000074505806,0,0.0
2019-06-17,0.05000000074505806,13600,0.0
2019-06-18,0.05000000074505806,32600,0.0
2019-06-19,0.05000000074505806,10000,0.0
2019-06-20,0.05999999865889549,3400,0.1999999552965171
2019-06-21,0.05999999865889549,0,0.0
2019-06-24,0.05000000074505806,20000,-0.16666663562258016
2019-07-03,0.05000000074505806,20000,0.0
2019-07-09,0.05000000074505806,10400,0.0
2019-07-10,0.05000000074505806,3800,0.0
2019-07-11,0.05000000074505806,900,0.0
2019-07-15,0.05000000074505806,14200,0.0
2019-07-17,0.05000000074505806,100,0.0
2019-07-29,0.029999999329447746,15000,-0.4000000223517415
2019-08-06,0.05000000074505806,18200,0.6666667287548397
2019-08-15,0.029999999329447746,2000,-0.4000000223517415
2019-09-17,0.05000000074505806,1800,0.6666667287548397
2019-09-18,0.05000000074505806,800,0.0
2019-09-27,0.019999999552965164,1000,-0.600000014901161
2019-09-30,0.019999999552965164,0,0.0
2019-10-08,0.019999999552965164,4200,0.0
2019-10-24,0.019999999552965164,2200,0.0
2019-10-28,0.07000000029802322,185400,2.5000000931322597
2019-10-29,0.10000000149011612,219100,0.42857144377669504
2019-10-30,0.07999999821186066,38900,-0.20000002980232195
2019-10-31,0.10000000149011612,35000,0.2500000465661298
2019-11-01,0.07999999821186066,56200,-0.20000002980232195
2019-11-04,0.10000000149011612,5700,0.2500000465661298
2019-11-05,0.11999999731779099,21900,0.1999999552965171
2019-11-06,0.10999999940395355,20000,-0.08333331781129008
2019-11-07,0.11999999731779099,54000,0.09090907243657693
2019-11-08,0.10999999940395355,22700,-0.08333331781129008
2019-11-11,0.1599999964237213,28200,0.4545454299154359
2019-11-12,0.23000000417232513,95400,0.4375000582076622
2019-11-13,0.15000000596046448,54900,-0.34782607287224865
2019-11-14,0.17000000178813934,66800,0.1333333002196431
2019-11-15,0.20000000298023224,109200,0.1764705933914052
2019-11-18,0.12999999523162842,27900,-0.35000003352761216
2019-11-19,0.14000000059604645,1300,0.07692312100935426
2019-11-20,0.1599999964237213,49400,0.14285711244660995
2019-11-21,0.10000000149011612,79500,-0.37499997671693514
2019-11-22,0.10000000149011612,65500,0.0
2019-11-25,0.10000000149011612,20800,0.0
2019-11-26,0.14000000059604645,9800,0.39999998509883905
2019-11-27,0.14000000059604645,0,0.0
2019-12-02,0.14000000059604645,100,0.0
2019-12-03,0.11999999731779099,45100,-0.14285716566504256
2019-12-04,0.11999999731779099,0,0.0
2019-12-06,0.14000000059604645,800,0.16666669771075318
2019-12-10,0.05999999865889549,87400,-0.5714285828325213
2019-12-11,0.07999999821186066,12200,0.3333333333333333
2019-12-12,0.07999999821186066,0,0.0
2019-12-13,0.09000000357627869,6400,0.12500006984919465
2019-12-16,0.10999999940395355,1000,0.2222221670327385
2019-12-17,0.10999999940395355,0,0.0
2019-12-18,0.09000000357627869,6800,-0.18181814487315387
2019-12-19,0.05999999865889549,3100,-0.3333333747254461
2019-12-20,0.05999999865889549,11000,0.0
2019-12-30,0.07999999821186066,39400,0.3333333333333333
