Date,Adj Close,Volume,LogReturn
2019-01-02,94.8961181640625,506300,
2019-01-03,91.33679962158203,807800,-0.03750752519009145
2019-01-04,94.47512817382812,1038100,0.034359957489736
2019-01-07,95.40322875976562,861600,0.009823755774428324
2019-01-08,96.89584350585938,548600,0.015645327369918426
2019-01-09,98.21623992919922,516400,0.01362696660213292
2019-01-10,98.87643432617188,663800,0.006721845566971085
2019-01-11,97.57518768310547,576900,-0.01316033139680054
2019-01-14,96.74275970458984,629000,-0.00853114401602893
2019-01-15,98.00574493408203,443100,0.013055087877881436
2019-01-16,97.83351135253906,442500,-0.0017573825050644922
2019-01-17,99.15390014648438,338000,0.013496283386858572
2019-01-18,101.17277526855469,484400,0.02036102583042866
2019-01-22,98.86687469482422,680400,-0.022791710196835544
2019-01-23,99.60360717773438,539100,0.0074517626372256
2019-01-24,100.84746551513672,1999100,0.01248808524758327
2019-01-25,101.43111419677734,1036500,0.005787440256027279
2019-01-28,102.32093811035156,2299600,0.008772691896570827
2019-01-29,98.25452423095703,2048500,-0.039741757205245386
2019-01-30,98.09185028076172,1275500,-0.0016556382667217563
2019-01-31,98.9529800415039,1027200,0.008778810454461137
2019-02-01,99.46009063720703,566200,0.005124763251095898
2019-02-04,99.70885467529297,564900,0.002501144293074647
2019-02-05,101.67987823486328,709500,0.019767788587974983
2019-02-06,100.72306823730469,349900,-0.009410023046531634
2019-02-07,98.99124908447266,659600,-0.01719386812911463
2019-02-08,99.53663635253906,724500,0.005509449300927685
2019-02-11,99.59403228759766,636500,0.0005766312501791673
2019-02-12,100.1107177734375,794300,0.0051879161228035355
2019-02-13,100.71350860595703,385100,0.006021241740407045
2019-02-14,101.3641357421875,494900,0.006460177440307995
2019-02-15,102.20612335205078,328800,0.008306563299713984
2019-02-19,102.12957763671875,292700,-0.0007489347293641907
2019-02-20,102.24439239501953,730400,0.0011242067279391332
2019-02-21,102.35922241210938,298400,0.0011230935447902107
2019-02-22,103.6413345336914,337100,0.012525614120241245
2019-02-25,102.69409942626953,408200,-0.009139549501979354
2019-02-26,102.9237289428711,327300,0.0022360536572641914
2019-02-27,102.38792419433594,471400,-0.005205842754031583
2019-02-28,102.50273895263672,543300,0.0011213701147301193
2019-03-01,103.69874572753906,473400,0.011668046991944096
2019-03-04,102.68452453613281,404200,-0.009780457654435307
2019-03-05,103.30644989013672,269400,0.006056660989700177
2019-03-06,102.94287109375,270100,-0.0035194201017784833
2019-03-07,101.75643157958984,306400,-0.011525222694436671
2019-03-08,103.30644989013672,537200,0.015232632340635021
2019-03-11,103.06725311279297,476000,-0.0023154099051717345
2019-03-12,103.3447265625,410300,0.0026921591613912
2019-03-13,104.15802001953125,472400,0.00786971415072053
2019-03-14,104.78950500488281,394200,0.006062759115746913
2019-03-15,107.6312255859375,769100,0.027118370116571058
2019-03-18,107.29634094238281,429600,-0.0031114078812314637
2019-03-19,108.54019165039062,506100,0.011592666600585656
2019-03-20,109.58311462402344,679600,0.00960863397949472
2019-03-21,109.4874267578125,385000,-0.0008731990009522895
2019-03-22,106.89447784423828,780000,-0.0236826180901105
2019-03-25,106.7796630859375,437200,-0.0010740943836975755
2019-03-26,109.00902557373047,1123000,0.020878156227171762
2019-03-27,108.65499877929688,1172700,-0.0032476833231954772
2019-03-28,109.27692413330078,1867900,0.0057238540425294075
2019-03-29,110.47293853759766,1325700,0.0109448029744864
2019-04-01,110.81739044189453,973200,0.003117975396116094
2019-04-02,110.80782318115234,582000,-8.633356826069599e-05
2019-04-03,111.40103912353516,688800,0.005353556503072921
2019-04-04,110.9417724609375,1130800,-0.0041226425373677615
2019-04-05,109.65965270996094,686600,-0.011556690708434424
2019-04-08,109.96582794189453,868500,0.0027920499870941347
2019-04-09,105.60279083251953,1094500,-0.03967629936529383
2019-04-10,107.42072296142578,834100,0.01721481141335928
2019-04-11,107.47813415527344,508100,0.0005344517544186731
2019-04-12,107.46856689453125,354100,-8.901588046146855e-05
2019-04-15,107.92784118652344,638000,0.004273568590924967
2019-04-16,106.39693450927734,1081400,-0.014184539044011311
2019-04-17,107.45899200439453,881000,0.00998203096748601
2019-04-18,108.09049224853516,485500,0.005876662644618887
2019-04-22,108.87506866455078,418100,0.007258514599152985
2019-04-23,109.84144592285156,770700,0.008876019736696885
2019-04-24,123.50464630126953,4694100,0.1243902086650833
2019-04-25,123.47594451904297,2788400,-0.0002323943518412187
2019-04-26,121.97376251220703,1387200,-0.01216578672620937
2019-04-29,123.47594451904297,1894800,0.012315615882437014
2019-04-30,123.29415130615234,903600,-0.001472296596707451
2019-05-01,122.33734130859375,748600,-0.007760384312007906
2019-05-02,120.53855895996094,721500,-0.014703461178671657
2019-05-03,121.897216796875,441100,0.011271561968526314
2019-05-06,120.95954132080078,408300,-0.007692345245558201
2019-05-07,118.13697052001953,707500,-0.02333483386230291
2019-05-08,118.93111419677734,674200,0.006722228217484523
2019-05-09,118.99809265136719,1096600,0.0005631701598206221
2019-05-10,120.31848907470703,867400,0.011095946110735192
2019-05-13,117.91690063476562,509500,-0.01996026095748455
2019-05-14,119.792236328125,924700,0.01590387538397076
2019-05-15,120.7203369140625,936900,0.007747585439471415
2019-05-16,125.21653747558594,751500,0.037244764854526206
2019-05-17,123.5193099975586,455500,-0.013554339644300261
2019-05-20,121.41474914550781,1040200,-0.017038314512057902
2019-05-21,123.08287811279297,705600,0.013739096600908102
2019-05-22,124.81889343261719,695600,0.014104442034848558
2019-05-23,122.78221893310547,431200,-0.016317036976547197
2019-05-24,123.66478729248047,271200,0.007188079569207356
2019-05-28,122.20032501220703,500500,-0.011842193014975454
2019-05-29,120.50309753417969,640000,-0.013888894958812929
2019-05-30,121.15288543701172,405100,0.005392292116372563
2019-05-31,119.36837768554688,684300,-0.014729387129558895
2019-06-03,119.13561248779297,970500,-0.0019499737054907587
2019-06-04,122.03545379638672,1238500,0.024340675705938702
2019-06-05,122.45248413085938,813900,0.003417288349404277
2019-06-06,122.67554473876953,914600,0.0018216094960701783
2019-06-07,125.73055267333984,808100,0.02490315360796461
2019-06-10,125.5268783569336,348600,-0.0016199269952738983
2019-06-11,124.50855255126953,562000,-0.008112412409145314
2019-06-12,124.44065856933594,899900,-0.0005452957290274232
2019-06-13,124.92557525634766,451700,0.003896770497574412
2019-06-14,123.80056762695312,426600,-0.009005422845450278
2019-06-17,124.58614349365234,516700,0.006345494869348142
2019-06-18,127.79632568359375,921900,0.02576676747446609
2019-06-19,127.86421203613281,430100,0.0005312073893825386
2019-06-20,130.3470001220703,908200,0.01941738072288668
2019-06-21,130.29852294921875,1456100,-0.00037190861934807473
2019-06-24,130.86102294921875,715600,0.004317009796183362
2019-06-25,128.99891662597656,677800,-0.014229648227377734
2019-06-26,129.9881591796875,3671600,0.007668611330893405
2019-06-27,130.61856079101562,1819600,0.004849684889042065
2019-06-28,132.6746368408203,3042600,0.015741071080199127
2019-07-01,134.12940979003906,2370200,0.010964966506478175
2019-07-02,135.14773559570312,993200,0.007592114266797341
2019-07-03,135.95269775390625,1097000,0.005956164597616225
2019-07-05,133.99362182617188,472200,-0.01440998200183259
2019-07-08,134.30397033691406,477100,0.002316143906795791
2019-07-09,134.11000061035156,471600,-0.0014442590645377706
2019-07-10,133.5087127685547,675900,-0.004483542159871285
2019-07-11,133.2759246826172,525600,-0.0017436171850525742
2019-07-12,132.6455535888672,486500,-0.004729819697377178
2019-07-15,132.99468994140625,384000,0.0026320999316811265
2019-07-16,131.04530334472656,595700,-0.014657627289770237
2019-07-17,130.1724395751953,735500,-0.0066607787326425786
2019-07-18,123.57749938964844,3146800,-0.050663106622790506
2019-07-19,120.87162780761719,1481700,-0.021896150961102142
2019-07-22,121.06560516357422,1492400,0.0016048212427962935
2019-07-23,121.84147644042969,871000,0.006408684578969999
2019-07-24,123.76176452636719,748300,0.01576054511188036
2019-07-25,121.60871124267578,669900,-0.017396756517904226
2019-07-26,123.16046142578125,366900,0.012760189358547513
2019-07-29,122.61735534667969,440500,-0.004409743783144627
2019-07-30,119.29078674316406,708000,-0.027129671767184334
2019-07-31,119.31988525390625,465100,0.00024392923826411922
2019-08-01,119.35868072509766,618700,0.00032513835484212534
2019-08-02,118.0105972290039,656800,-0.011294390051098205
2019-08-05,115.1495590209961,759600,-0.02424390923516693
2019-08-06,114.10212707519531,921500,-0.009096274051816343
2019-08-07,116.83708953857422,1024900,0.023969425754670794
2019-08-08,117.85541534423828,475900,0.008715775184795735
2019-08-09,116.13880157470703,403000,-0.01456542123683731
2019-08-12,115.50839233398438,240900,-0.005428067382950748
2019-08-13,117.28321838378906,681900,0.015365342846023717
2019-08-14,113.34564971923828,776700,-0.033573163482483646
2019-08-15,113.62690734863281,589600,0.0024814152999362363
2019-08-16,115.39202117919922,295800,0.015534294400450779
2019-08-19,116.09030151367188,279400,0.0060513745000467115
2019-08-20,114.43186950683594,341500,-0.014285706774916293
2019-08-21,117.5838623046875,639100,0.02754471120183236
2019-08-22,115.86724090576172,348800,-0.014599124108354348
2019-08-23,113.97603607177734,393400,-0.016322170263142352
2019-08-26,115.21745300292969,329500,0.010891911790743024
2019-08-27,116.332763671875,447500,0.009680049678905444
2019-08-28,114.8392105102539,461700,-0.012838628727447487
2019-08-29,116.2648696899414,322700,0.01241439377154377
2019-08-30,115.55689239501953,598100,-0.006089348371609841
2019-09-03,114.74221801757812,514500,-0.007049985167968384
2019-09-04,116.9146728515625,532600,0.01893335227014317
2019-09-05,119.58174896240234,568700,0.022812159036924507
2019-09-06,118.26275634765625,329100,-0.011030049536746597
2019-09-09,117.89421844482422,513400,-0.003116263430801856
2019-09-10,117.13773345947266,600900,-0.006416641929778819
2019-09-11,116.31336975097656,1057800,-0.007037558984196219
2019-09-12,117.2347183227539,492000,0.007921261104806123
2019-09-13,115.37261962890625,525900,-0.015883508916882384
2019-09-16,113.96634674072266,437200,-0.012188965568319787
2019-09-17,116.39096069335938,376700,0.021274823857895513
2019-09-18,116.07090759277344,371000,-0.0027498106268676755
2019-09-19,116.19698333740234,299700,0.0010861959059649475
2019-09-20,115.79935455322266,1143900,-0.003422023298359552
2019-09-23,115.3144302368164,644000,-0.004187625382517771
2019-09-24,115.10106658935547,996400,-0.0018502770817386994
2019-09-25,113.72388458251953,1036200,-0.011964980409341394
2019-09-26,114.11182403564453,1813500,0.0034112399039931325
2019-09-27,113.8984603881836,1339800,-0.0018697768549759592
2019-09-30,114.31549072265625,1270000,0.0036614220512845587
2019-10-01,113.61720275878906,799100,-0.00610842817060832
2019-10-02,110.23245239257812,702700,-0.029790826424382324
2019-10-03,111.63872528076172,505500,0.01275734012680169
2019-10-04,111.89088439941406,803700,0.0022587065377017287
2019-10-07,111.07621765136719,637700,-0.007280903644829365
2019-10-08,109.49536895751953,797800,-0.014232107711926562
2019-10-09,112.55037689208984,1061600,0.02790079583873133
2019-10-10,111.77450561523438,1062100,-0.006893546679095997
2019-10-11,122.394287109375,2234300,0.09501076686214567
2019-10-14,122.24880981445312,877700,-0.0011885954676289128
2019-10-15,123.34474182128906,830900,0.008964766270520931
2019-10-16,124.83829498291016,1091500,0.012108770423185639
2019-10-17,124.721923828125,972200,-0.0009321751374535112
2019-10-18,125.23593139648438,1655800,0.004121228670812609
2019-10-21,128.70797729492188,1210500,0.027724039416813628
2019-10-22,127.8254165649414,1092200,-0.006857078702730028
2019-10-23,127.68964385986328,709100,-0.0010621729913091735
2019-10-24,127.81570434570312,809400,0.000987241267413922
2019-10-25,127.89330291748047,569200,0.0006071129692127886
2019-10-28,128.7661590576172,440900,0.006824877614583966
2019-10-29,127.76722717285156,513800,-0.007757720600477389
2019-10-30,129.2122802734375,485100,0.01131004509185269
2019-10-31,128.58189392089844,413800,-0.00487868762322781
2019-11-01,129.65841674804688,1526900,0.008372273842930773
2019-11-04,130.41490173339844,468600,0.005834445648226365
2019-11-05,129.53233337402344,486100,-0.00676738890758969
2019-11-06,131.0355987548828,457600,0.01160532927727558
2019-11-07,131.00650024414062,269200,-0.00022206569068776203
2019-11-08,132.3254852294922,327000,0.010068088094052838
2019-11-11,132.6552276611328,448700,0.002491904194182643
2019-11-12,131.28775024414062,582600,-0.010308507558295422
2019-11-13,130.25001525878906,450700,-0.007904278833492134
2019-11-14,130.35671997070312,345400,0.0008192299379163584
2019-11-15,131.39443969726562,383800,0.007960615507936385
2019-11-18,131.10348510742188,731900,-0.00221435998748587
2019-11-19,131.6466064453125,423600,0.004142691839546518
2019-11-20,130.9289093017578,300900,-0.005451694980476592
2019-11-21,131.34593200683594,273500,0.003185107913157619
2019-11-22,131.32655334472656,225800,-0.00014753911151482355
2019-11-25,131.6466064453125,278700,0.002437078354944806
2019-11-26,131.25865173339844,660500,-0.0029469404672821803
2019-11-27,131.32655334472656,443900,0.0005173115099950977
2019-11-29,131.85025024414062,227700,0.003987745707750211
2019-12-02,129.4256591796875,626900,-0.018388975826466987
2019-12-03,130.1724395751953,654800,0.005769956284101466
2019-12-04,131.45262145996094,354600,0.009834507895399134
2019-12-05,130.78343200683594,486700,-0.005090727333488956
2019-12-06,130.9289093017578,347100,0.0011123526328187428
2019-12-09,130.7931365966797,227500,-0.0010369956169512073
2019-12-10,130.63795471191406,300600,-0.0011864681037824767
2019-12-11,130.8416290283203,262400,0.0015590745955522457
2019-12-12,132.57765197753906,680000,0.01326812393051903
2019-12-13,134.3233642578125,745400,0.013167470189992437
2019-12-16,135.1865234375,497100,0.006425979459766971
2019-12-17,129.99786376953125,1439300,-0.03838148608331949
2019-12-18,129.36746215820312,663700,-0.0048493228507642434
2019-12-19,129.0668182373047,454100,-0.0023239531477457667
2019-12-20,130.35671997070312,474300,0.009994061610992842
2019-12-23,129.73602294921875,296800,-0.004761526844368843
2019-12-24,129.57113647460938,117900,-0.0012709382549356768
2019-12-26,130.52157592773438,170000,0.007335271411401467
2019-12-27,130.90951538085938,357200,0.002972224709727606
2019-12-30,129.36746215820312,257200,-0.011779535033568062
2019-12-31,129.94937133789062,299300,0.0044981108076147065
