Date,Adj Close,Volume,LogReturn
2019-01-02,6.539999961853027,60300,
2019-01-03,6.659999847412109,25400,0.018348606461624742
2019-01-04,7.059999942779541,164400,0.060060075755536325
2019-01-07,7.050000190734863,230400,-0.001416395485230104
2019-01-08,7.0,90300,-0.007092225444273565
2019-01-09,7.380000114440918,58800,0.05428573063441685
2019-01-10,7.570000171661377,80300,0.02574526480679502
2019-01-11,7.590000152587891,76100,0.0026420053464971463
2019-01-14,7.260000228881836,81100,-0.043478249943583694
2019-01-15,7.119999885559082,75000,-0.01928379323816032
2019-01-16,7.130000114440918,33900,0.0014045265509229276
2019-01-17,7.099999904632568,128900,-0.004207602991139924
2019-01-18,7.099999904632568,51000,0.0
2019-01-22,6.96999979019165,75400,-0.018309875519307572
2019-01-23,6.960000038146973,35700,-0.0014346846980898944
2019-01-24,7.019999980926514,55900,0.00862068138659312
2019-01-25,7.139999866485596,73100,0.017094000838336783
2019-01-28,7.010000228881836,40100,-0.018207232497855403
2019-01-29,6.820000171661377,38900,-0.027104144224937617
2019-01-30,6.869999885559082,86000,0.007331336164105252
2019-01-31,6.989999771118164,89800,0.017467232541200604
2019-02-01,7.039999961853027,39900,0.007153103343645022
2019-02-04,7.519999980926514,69900,0.06818182126057051
2019-02-05,7.75,48200,0.030585108996921673
2019-02-06,7.570000171661377,22100,-0.023225784301757812
2019-02-07,7.28000020980835,28900,-0.03830910901939669
2019-02-08,7.409999847412109,33400,0.01785709256280119
2019-02-11,7.570000171661377,52600,0.02159248684804583
2019-02-12,7.489999771118164,29300,-0.010568084376364726
2019-02-13,7.349999904632568,124600,-0.018691571530541642
2019-02-14,7.440000057220459,53400,0.012244918878320693
2019-02-15,7.710000038146973,66000,0.03629031973789851
2019-02-19,7.78000020980835,59100,0.0090791402483833
2019-02-20,7.800000190734863,45300,0.0025706915664731513
2019-02-21,7.630000114440918,47900,-0.02179488104319252
2019-02-22,7.789999961853027,57300,0.020969835519305657
2019-02-25,7.590000152587891,59300,-0.025673916591080734
2019-02-26,7.690000057220459,80600,0.013175217736783883
2019-02-27,7.809999942779541,17600,0.015604666406524819
2019-02-28,7.710000038146973,58700,-0.012804085194010755
2019-03-01,7.980000019073486,48600,0.03501945260578827
2019-03-04,8.079999923706055,40800,0.012531316340044169
2019-03-05,7.909999847412109,31700,-0.02103961360137877
2019-03-06,7.679999828338623,71800,-0.02907712054491818
2019-03-07,7.849999904632568,15300,0.022135427095539482
2019-03-08,7.699999809265137,21000,-0.019108292635635724
2019-03-11,7.889999866485596,24800,0.024675332717779896
2019-03-12,7.760000228881836,27600,-0.016476506945958272
2019-03-13,7.75,132800,-0.0012886892508863887
2019-03-14,7.349999904632568,145600,-0.0516129155312815
2019-03-15,7.380000114440918,158700,0.004081661251375124
2019-03-18,7.429999828338623,38000,0.006775028878369181
2019-03-19,7.309999942779541,84900,-0.016150725212858378
2019-03-20,7.619999885559082,61100,0.042407653242972146
2019-03-21,7.760000228881836,33900,0.018372748743484008
2019-03-22,7.710000038146973,40000,-0.006443323358260773
2019-03-25,7.869999885559082,43800,0.020752249885923977
2019-03-26,7.980000019073486,53000,0.013977145503680007
2019-03-27,7.900000095367432,25200,-0.010025053072035335
2019-03-28,7.989999771118164,17400,0.01139236388155341
2019-03-29,7.880000114440918,22200,-0.013767166436583282
2019-04-01,8.020000457763672,204300,0.017766540772783588
2019-04-02,8.020000457763672,62300,0.0
2019-04-03,7.989999771118164,95100,-0.0037407337821865065
2019-04-04,8.050000190734863,75500,0.007509439466267023
2019-04-05,7.980000019073486,35700,-0.008695673292274397
2019-04-08,7.570000171661377,205800,-0.05137842687119595
2019-04-09,7.440000057220459,166500,-0.01717306624741952
2019-04-10,7.380000114440918,103400,-0.008064508376086847
2019-04-11,7.389999866485596,131200,0.001354979930841814
2019-04-12,7.369999885559082,58600,-0.0027063574137823235
2019-04-15,7.269999980926514,27300,-0.013568508301948562
2019-04-16,7.269999980926514,44400,0.0
2019-04-17,7.289999961853027,84200,0.0027510290204931756
2019-04-18,7.300000190734863,61300,0.0013717735163463573
2019-04-22,7.159999847412109,71800,-0.01917812872120769
2019-04-23,7.199999809265137,44600,0.00558658697003811
2019-04-24,7.190000057220459,58400,-0.0013888544874417646
2019-04-25,6.840000152587891,50700,-0.048678706793762225
2019-04-26,6.900000095367432,45900,0.008771921263311704
2019-04-29,6.96999979019165,34800,0.010144883167641637
2019-04-30,6.900000095367432,36800,-0.010042998125010562
2019-05-01,6.849999904632568,37000,-0.007246404354172798
2019-05-02,6.809999942779541,39100,-0.005839410570790793
2019-05-03,6.760000228881836,25100,-0.0073421019556275365
2019-05-06,6.599999904632568,84000,-0.023668686217741895
2019-05-07,6.409999847412109,52900,-0.028787887873619078
2019-05-08,6.429999828338623,68000,0.00312012190368276
2019-05-09,7.25,265000,0.12752724627572
2019-05-10,7.190000057220459,110000,-0.008275854176488417
2019-05-13,7.349999904632568,69100,0.022253107946978625
2019-05-14,7.679999828338623,27800,0.04489794938610297
2019-05-15,7.659999847412109,65300,-0.0026041642413474077
2019-05-16,7.800000190734863,39100,0.018276807586367287
2019-05-17,8.180000305175781,81600,0.04871796219855181
2019-05-20,8.350000381469727,67600,0.020782404639567084
2019-05-21,8.430000305175781,101900,0.00958082874865372
2019-05-22,8.479999542236328,110400,0.005931107384402912
2019-05-23,8.470000267028809,64100,-0.0011791598758603874
2019-05-24,8.729999542236328,120300,0.030696489611649645
2019-05-28,8.779999732971191,92300,0.0057273990099265155
2019-05-29,8.470000267028809,152200,-0.03530745733149101
2019-05-30,8.350000381469727,83400,-0.014167636573307546
2019-05-31,8.119999885559082,87500,-0.027544968311745268
2019-06-03,7.800000190734863,66800,-0.03940882996726618
2019-06-04,7.639999866485596,73800,-0.02051286158163458
2019-06-05,7.769999980926514,51100,0.017015722082822246
2019-06-06,7.909999847412109,68000,0.01801800087892687
2019-06-07,7.909999847412109,78100,0.0
2019-06-10,7.860000133514404,121000,-0.006321076468043591
2019-06-11,7.880000114440918,95700,0.0025445267922115386
2019-06-12,7.889999866485596,92500,0.0012690040481537748
2019-06-13,8.020000457763672,157600,0.016476627817229826
2019-06-14,8.15999984741211,156100,0.017456282002192736
2019-06-17,8.029999732971191,67300,-0.01593138687155082
2019-06-18,7.96999979019165,37300,-0.007471973197356553
2019-06-19,8.050000190734863,39400,0.010037691674931544
2019-06-20,7.900000095367432,42600,-0.018633551778057603
2019-06-21,7.769999980926514,39100,-0.016455710490073307
2019-06-24,7.570000171661377,58300,-0.025740001255609816
2019-06-25,7.5,56600,-0.009247050207928082
2019-06-26,7.599999904632568,48100,0.013333320617675781
2019-06-27,7.730000019073486,63400,0.017105278430553216
2019-06-28,8.170000076293945,1824900,0.05692109393722837
2019-07-01,8.390000343322754,242800,0.02692781701032793
2019-07-02,8.239999771118164,99800,-0.01787849416763957
2019-07-03,8.140000343322754,50500,-0.01213585322488914
2019-07-05,7.860000133514404,39300,-0.034398058722200656
2019-07-08,7.78000020980835,155000,-0.010178107168846155
2019-07-09,7.340000152587891,191600,-0.05655527575253084
2019-07-10,7.25,110700,-0.012261600915111553
2019-07-11,7.139999866485596,114700,-0.015172432208883351
2019-07-12,7.03000020980835,75300,-0.015406114668653265
2019-07-15,7.110000133514404,54800,0.01137978966123468
2019-07-16,7.059999942779541,55900,-0.007032375498725718
2019-07-17,6.920000076293945,175800,-0.019830009577943054
2019-07-18,6.730000019073486,65600,-0.02745665536498301
2019-07-19,6.599999904632568,71300,-0.019316510263370695
2019-07-22,6.460000038146973,181300,-0.021212101289172624
2019-07-23,6.539999961853027,35700,0.012383889045456163
2019-07-24,6.769999980926514,105100,0.0351681988402212
2019-07-25,6.610000133514404,96100,-0.023633655518890042
2019-07-26,6.889999866485596,43600,0.0423600192610467
2019-07-29,6.75,67000,-0.020319284353920587
2019-07-30,6.809999942779541,54700,0.008888880411783854
2019-07-31,6.710000038146973,43800,-0.014684273931396366
2019-08-01,6.800000190734863,37700,0.01341283935562316
2019-08-02,6.849999904632568,48100,0.007352898896360429
2019-08-05,6.730000019073486,89400,-0.01751823171237238
2019-08-06,6.800000190734863,70100,0.010401214184693839
2019-08-07,6.820000171661377,45700,0.002941173583166078
2019-08-08,7.139999866485596,123300,0.04692077518617799
2019-08-09,6.96999979019165,91000,-0.023809534940176638
2019-08-12,6.809999942779541,122300,-0.022955502471788444
2019-08-13,6.739999771118164,134600,-0.010279026762048104
2019-08-14,6.380000114440918,101400,-0.05341241378373552
2019-08-15,6.460000038146973,89100,0.012539172769758659
2019-08-16,6.449999809265137,66000,-0.0015480230375825921
2019-08-19,6.590000152587891,68400,0.02170548022678228
2019-08-20,6.519999980926514,33800,-0.010622180582786165
2019-08-21,6.400000095367432,39500,-0.018404890477013415
2019-08-22,6.179999828338623,54300,-0.03437504121102331
2019-08-23,6.199999809265137,169800,0.0032362429582607757
2019-08-26,6.53000020980835,58000,0.05322587269278104
2019-08-27,6.349999904632568,34600,-0.027565130075403798
2019-08-28,6.389999866485596,23300,0.006299206685632521
2019-08-29,6.400000095367432,23000,0.0015649810783698677
2019-08-30,6.230000019073486,37300,-0.02656251152511669
2019-09-03,6.050000190734863,53600,-0.02889242821629915
2019-09-04,6.099999904632568,26000,0.008264415259734374
2019-09-05,6.429999828338623,57200,0.054098348994307426
2019-09-06,6.46999979019165,43200,0.006220834046796933
2019-09-09,6.539999961853027,44100,0.010819192261411719
2019-09-10,6.860000133514404,107700,0.0489296901418802
2019-09-11,6.940000057220459,56900,0.011661796231638034
2019-09-12,7.059999942779541,44100,0.01729104964980983
2019-09-13,6.96999979019165,39300,-0.012747897070443505
2019-09-16,6.820000171661377,31500,-0.021520749360904784
2019-09-17,6.579999923706055,54700,-0.03519065130710361
2019-09-18,6.630000114440918,33700,0.0075988132696970705
2019-09-19,6.599999904632568,36300,-0.004524918445024704
2019-09-20,6.610000133514404,79100,0.0015151862161114176
2019-09-23,6.489999771118164,30100,-0.01815436610777169
2019-09-24,6.489999771118164,70600,0.0
2019-09-25,6.559999942779541,25100,0.010785851175664465
2019-09-26,6.5,22900,-0.009146332820563777
2019-09-27,6.460000038146973,19200,-0.0061538402850811295
2019-09-30,6.46999979019165,32900,0.0015479492237814485
2019-10-01,6.389999866485596,51700,-0.012364749041774694
2019-10-02,6.400000095367432,44500,0.0015649810783698677
2019-10-03,6.28000020980835,58100,-0.018749981839210065
2019-10-04,6.380000114440918,36200,0.015923551161094646
2019-10-07,6.519999980926514,82600,0.021943552347077653
2019-10-08,6.579999923706055,34800,0.009202445238506708
2019-10-09,6.610000133514404,45600,0.004559302455349055
2019-10-10,6.659999847412109,19400,0.007564253084382501
2019-10-11,6.860000133514404,33800,0.03003007367635443
2019-10-14,6.679999828338623,17300,-0.02623911103097405
2019-10-15,6.769999980926514,16200,0.013473077080942752
2019-10-16,6.699999809265137,16700,-0.010339759506439027
2019-10-17,6.650000095367432,18900,-0.007462644077774847
2019-10-18,6.679999828338623,50200,0.004511237976085147
2019-10-21,6.650000095367432,23300,-0.004490978105107618
2019-10-22,6.619999885559082,39400,-0.004511309680919938
2019-10-23,6.679999828338623,29800,0.009063435621868414
2019-10-24,6.489999771118164,33700,-0.028443123069318062
2019-10-25,6.420000076293945,17900,-0.010785777703064306
2019-10-28,6.480000019073486,22500,0.009345785368615916
2019-10-29,6.539999961853027,19100,0.009259250401687473
2019-10-30,6.480000019073486,20000,-0.009174303230812371
2019-10-31,6.5,31500,0.003086416800562491
2019-11-01,6.539999961853027,18500,0.0061538402850811295
2019-11-04,6.46999979019165,27500,-0.010703390224721542
2019-11-05,6.5,11300,0.004636817740524372
2019-11-06,6.460000038146973,13500,-0.0061538402850811295
2019-11-07,7.210000038146973,166100,0.11609907052185324
2019-11-08,7.110000133514404,118900,-0.01386961221962339
2019-11-11,7.239999771118164,76000,0.018284055578421235
2019-11-12,7.210000038146973,69400,-0.0041436096574017115
2019-11-13,7.230000019073486,84100,0.002773922443924678
2019-11-14,7.150000095367432,78900,-0.011064996334025813
2019-11-15,7.269999980926514,68200,0.016783200553637943
2019-11-18,7.699999809265137,88400,0.059147156735456057
2019-11-19,7.900000095367432,61000,0.02597406377356551
2019-11-20,7.940000057220459,51900,0.0050632862493866755
2019-11-21,7.889999866485596,12500,-0.006297253195784832
2019-11-22,7.909999847412109,17600,0.0025348518713501785
2019-11-25,7.880000114440918,45000,-0.003792633824260607
2019-11-26,7.900000095367432,43900,0.0025380686086363922
2019-11-27,7.900000095367432,35800,0.0
2019-11-29,7.940000057220459,8500,0.0050632862493866755
2019-12-02,7.909999847412109,51800,-0.0037783639284823542
2019-12-03,7.989999771118164,39700,0.010113770575131934
2019-12-04,8.0600004196167,61800,0.008761032603726706
2019-12-05,8.039999961853027,39300,-0.00248144624347588
2019-12-06,8.15999984741211,68800,0.014925358971198916
2019-12-09,8.0600004196167,43500,-0.012254832066832002
2019-12-10,8.100000381469727,24700,0.004962774165082435
2019-12-11,8.0600004196167,26400,-0.004938266662867668
2019-12-12,8.020000457763672,36900,-0.004962774165082435
2019-12-13,8.010000228881836,19200,-0.0012469112607288355
2019-12-16,8.0600004196167,49800,0.006242220887157591
2019-12-17,8.079999923706055,27600,0.0024813279216065556
2019-12-18,8.0600004196167,50600,-0.0024751861730442064
2019-12-19,7.909999847412109,32200,-0.018610491860461126
2019-12-20,7.929999828338623,82500,0.0025284426437829836
2019-12-23,8.039999961853027,22400,0.013871391664008385
2019-12-24,8.0600004196167,8100,0.0024876191366376885
2019-12-26,8.0,33600,-0.007444220408558315
2019-12-27,8.0,15000,0.0
2019-12-30,7.96999979019165,21500,-0.003750026226043701
2019-12-31,7.980000019073486,27500,0.0012547338952433608
