Date,Adj Close,Volume,LogReturn
2019-01-02,5172.72998046875,2398,
2019-01-03,5163.64013671875,2200,-0.0017572623709958823
2019-01-04,5090.91015625,8712,-0.014085021136846006
2019-01-07,5090.91015625,3652,0.0
2019-01-08,5000.0,13497,-0.017857348383646405
2019-01-09,5154.5498046875,4202,0.0309099609375
2019-01-10,5136.35986328125,9691,-0.003528909816664927
2019-01-11,5181.81982421875,5555,0.008850618365446636
2019-01-14,5181.81982421875,11,0.0
2019-01-15,5145.4501953125,1760,-0.0070186980906333145
2019-01-16,5127.27001953125,66,-0.003533252697268768
2019-01-17,5163.64013671875,8338,0.007093466318129479
2019-01-18,5000.0,39622,-0.031690848391060726
2019-01-22,4990.91015625,6270,-0.00181796875
2019-01-23,4909.08984375,16500,-0.0163938660361454
2019-01-24,4818.18017578125,9834,-0.018518640086510437
2019-01-25,5036.35986328125,8140,0.04528259208667367
2019-01-28,4909.08984375,5775,-0.025270239416198513
2019-01-29,4863.64013671875,121,-0.009258275663688295
2019-01-30,4990.91015625,4565,0.026167647266993853
2019-01-31,4990.91015625,0,0.0
2019-02-01,4954.5498046875,660,-0.007285314787116892
2019-02-04,4954.5498046875,0,0.0
2019-02-11,5090.91015625,407,0.02752224862761284
2019-02-12,5054.5498046875,9372,-0.007142210419459315
2019-02-13,5090.91015625,44,0.007193588542500868
2019-02-14,5181.81982421875,550,0.017857252471278083
2019-02-15,5309.08984375,3443,0.024560873177491883
2019-02-19,5190.91015625,2563,-0.022259877112293405
2019-02-20,5272.72998046875,594,0.015762134530538284
2019-02-21,5254.5498046875,2200,-0.0034479626016490545
2019-02-22,5227.27001953125,3311,-0.005191650316438934
2019-02-25,5081.81982421875,25674,-0.027825269168999824
2019-02-26,4981.81982421875,10956,-0.01967799006242285
2019-02-27,4927.27001953125,5654,-0.010949774703274122
2019-02-28,5090.91015625,1463,0.03321111610893972
2019-03-01,5000.0,7623,-0.017857348383646405
2019-03-04,5000.0,16522,0.0
2019-03-05,5163.64013671875,682,0.03272802734375
2019-03-06,5218.18017578125,99,0.010562323790665556
2019-03-07,5227.27001953125,693,0.001741956667611443
2019-03-08,5227.27001953125,0,0.0
2019-03-11,5218.18017578125,1881,-0.0017389275312039692
2019-03-12,5172.72998046875,1496,-0.008709970484239812
2019-03-13,5027.27001953125,17820,-0.028120540118415093
2019-03-14,5000.0,24717,-0.005424419103271619
2019-03-15,5172.72998046875,209,0.03454599609375
2019-03-18,5172.72998046875,4917,0.0
2019-03-19,5163.64013671875,1848,-0.0017572623709958823
2019-03-20,5000.0,1342,-0.031690848391060726
2019-03-21,5345.4501953125,59928,0.0690900390625
2019-03-22,5445.4501953125,1936,0.018707498217398304
2019-03-25,5527.27001953125,36168,0.015025355348797672
2019-03-26,5318.18017578125,1672,-0.03782877315766314
2019-03-27,5454.5498046875,3256,0.02564216036291344
2019-03-28,5390.91015625,18524,-0.011667259575264988
2019-03-29,5227.27001953125,2849,-0.030354825433147378
2019-04-01,5272.72998046875,15785,0.008696692684258269
2019-04-02,5263.64013671875,4664,-0.0017239349983159777
2019-04-03,5236.35986328125,5324,-0.0051827770761140955
2019-04-04,5227.27001953125,6644,-0.0017359089114062625
2019-04-05,5363.64013671875,2486,0.026088209845285332
2019-04-08,5390.91015625,528,0.00508423735301762
2019-04-09,5363.64013671875,1001,-0.005058518643578999
2019-04-10,5354.5498046875,2871,-0.0016948064746213722
2019-04-11,5163.64013671875,20482,-0.035653729058906715
2019-04-12,5181.81982421875,1089,0.0035207115559281275
2019-04-15,5181.81982421875,0,0.0
2019-04-16,5254.5498046875,2343,0.01403560581725076
2019-04-17,5318.18017578125,94050,0.012109576169015729
2019-04-18,5409.08984375,25861,0.017094130880098514
2019-04-22,5345.4501953125,33550,-0.011765315473735978
2019-04-23,5181.81982421875,312422,-0.03061114875548551
2019-04-24,5272.72998046875,270424,0.017544059680559485
2019-04-25,5454.5498046875,87549,0.03448305240212321
2019-04-26,5318.18017578125,35200,-0.025001078693801172
2019-04-29,5318.18017578125,0,0.0
2019-05-02,5454.5498046875,6050,0.02564216036291344
2019-05-03,5345.4501953125,11957,-0.020001579100303125
2019-05-06,5309.08984375,3575,-0.0068021121203944435
2019-05-07,5354.5498046875,26092,0.008562665593428723
2019-05-08,5327.27001953125,13970,-0.005094692579452455
2019-05-09,5318.18017578125,21362,-0.0017062855302385858
2019-05-10,5336.35986328125,8261,0.0034184038334747415
2019-05-13,5245.4501953125,14927,-0.017035895310263234
2019-05-14,5300.0,8041,0.01039945145914214
2019-05-15,5300.0,6644,0.0
2019-05-16,5300.0,5390,0.0
2019-05-17,5309.08984375,13101,0.001715064858490566
2019-05-20,5345.4501953125,1870,0.006848697730234187
2019-05-21,5363.64013671875,7315,0.0034028829643200143
2019-05-22,5272.72998046875,6028,-0.016949339242139205
2019-05-23,5318.18017578125,14828,0.008619860201614087
2019-05-24,5309.08984375,28160,-0.0017092937303341013
2019-05-28,5427.27001953125,198,0.02225996908309525
2019-05-29,5363.64013671875,16511,-0.011724104859996568
2019-05-30,5354.5498046875,7920,-0.0016948064746213722
2019-05-31,5354.5498046875,25443,0.0
2019-06-03,5272.72998046875,3674,-0.015280430139453178
2019-06-04,5090.91015625,32472,-0.03448305240212321
2019-06-05,5090.91015625,36432,0.0
2019-06-06,5272.72998046875,24497,0.035714600854924484
2019-06-07,5263.64013671875,5742,-0.0017239349983159777
2019-06-10,5263.64013671875,8206,0.0
2019-06-11,5209.08984375,17050,-0.01036360608853393
2019-06-12,5309.08984375,15477,0.01919721160501437
2019-06-13,5281.81982421875,3850,-0.005136477312274718
2019-06-14,5363.64013671875,7700,0.015490932145172576
2019-06-17,5181.81982421875,319,-0.03389867848427841
2019-06-18,5181.81982421875,2750,0.0
2019-06-19,5181.81982421875,3850,0.0
2019-06-20,5272.72998046875,14399,0.017544059680559485
2019-06-21,5272.72998046875,21450,0.0
2019-06-24,5227.27001953125,3201,-0.008621712301956068
2019-06-26,5300.0,8800,0.01391356868824465
2019-06-27,5300.0,1980,0.0
2019-06-28,5072.72998046875,10362,-0.042881135760613205
2019-07-01,5272.72998046875,12331,0.039426502252248564
2019-07-02,5318.18017578125,5500,0.008619860201614087
2019-07-03,5300.0,836,-0.003418495647071472
2019-07-05,5300.0,0,0.0
2019-07-16,5263.64013671875,67100,-0.0068603515625
2019-07-17,5263.64013671875,0,0.0
2019-07-19,5318.18017578125,11,0.010361658024839668
2019-07-22,5300.0,3311,-0.003418495647071472
2019-07-23,5263.64013671875,26510,-0.0068603515625
2019-07-24,5245.4501953125,33,-0.0034557722286822695
2019-07-25,5245.4501953125,0,0.0
2019-07-31,5227.27001953125,4400,-0.0034658942710954306
2019-08-01,5218.18017578125,1276,-0.0017389275312039692
2019-08-02,5181.81982421875,14960,-0.0069680138166283686
2019-08-05,5181.81982421875,220,0.0
2019-08-07,5227.27001953125,7040,0.008771087543429285
2019-08-08,5090.91015625,22286,-0.02608624822742138
2019-08-09,5090.91015625,0,0.0
2019-08-12,4954.5498046875,10703,-0.026785063451786387
2019-08-13,4863.64013671875,28094,-0.018348724213598653
2019-08-14,4909.08984375,25630,0.009344792327072249
2019-08-15,4954.5498046875,660,0.00926036442282214
2019-08-16,4954.5498046875,188100,0.0
2019-08-21,4863.64013671875,33968,-0.018348724213598653
2019-08-22,4772.72998046875,17974,-0.018691793326496488
2019-08-23,4772.72998046875,5181,0.0
2019-08-26,4863.64013671875,13871,0.01904783145537836
2019-08-27,4872.72998046875,22,0.0018689383865748864
2019-08-28,4872.72998046875,1144,0.0
2019-08-29,4809.08984375,6017,-0.01306046856153271
2019-08-30,5072.72998046875,10164,0.05482121259626342
2019-09-03,5072.72998046875,231,0.0
2019-09-04,5072.72998046875,0,0.0
2019-09-05,5072.72998046875,176,0.0
2019-09-09,5000.0,209,-0.014337443693785831
2019-09-10,4981.81982421875,1122,-0.00363603515625
2019-09-11,4981.81982421875,0,0.0
2019-09-13,4963.64013671875,5511,-0.003649206141824076
2019-09-16,4954.5498046875,1265,-0.0018313841819441869
2019-09-17,5154.5498046875,46739,0.04036693703447687
2019-09-18,5309.08984375,1287,0.02998128739040657
2019-09-19,5272.72998046875,1419,-0.0068486057594323415
2019-09-20,5272.72998046875,9350,0.0
2019-09-23,5272.72998046875,0,0.0
2019-09-24,5227.27001953125,8349,-0.008621712301956068
2019-09-25,5272.72998046875,154,0.008696692684258269
2019-09-26,5181.81982421875,21175,-0.017241572503570154
2019-09-27,5227.27001953125,35431,0.008771087543429285
2019-09-30,5236.35986328125,67837,0.0017389275312039692
2019-10-01,5245.4501953125,77110,0.0017360021596288348
2019-10-02,5209.08984375,26521,-0.006931788542190861
2019-10-03,5218.18017578125,16962,0.0017450902756374637
2019-10-04,5181.81982421875,16005,-0.0069680138166283686
2019-10-07,5254.5498046875,43329,0.01403560581725076
2019-10-08,5254.5498046875,18117,0.0
2019-10-09,5245.4501953125,25311,-0.0017317581359458014
2019-10-10,5181.81982421875,19096,-0.01213058340552201
2019-10-11,4850.0,29250,-0.0640353843774909
2019-10-14,4840.0,9820,-0.002061855670103093
2019-10-15,4790.0,51840,-0.010330578512396695
2019-10-16,4760.0,37270,-0.006263048016701462
2019-10-17,4760.0,1000,0.0
2019-10-18,4750.0,6180,-0.0021008403361344537
2019-10-21,4600.0,5920,-0.031578947368421054
2019-10-22,4600.0,2420,0.0
2019-10-23,4740.0,20,0.030434782608695653
2019-10-24,4730.0,2470,-0.002109704641350211
2019-10-25,4740.0,40350,0.0021141649048625794
2019-10-28,4740.0,2860,0.0
2019-10-29,4730.0,100,-0.002109704641350211
2019-10-30,4730.0,710,0.0
2019-10-31,4700.0,5370,-0.006342494714587738
2019-11-01,4450.0,10850,-0.05319148936170213
2019-11-04,4550.0,3040,0.02247191011235955
2019-11-05,4680.0,4240,0.02857142857142857
2019-11-06,4650.0,9990,-0.00641025641025641
2019-11-07,4650.0,4240,0.0
2019-11-08,4650.0,570,0.0
2019-11-11,4650.0,5300,0.0
2019-11-12,4650.0,50,0.0
2019-11-13,4600.0,5600,-0.010752688172043012
2019-11-14,4630.0,1260,0.006521739130434782
2019-11-15,4600.0,1300,-0.0064794816414686825
2019-11-18,4550.0,190,-0.010869565217391304
2019-11-19,4590.0,20,0.008791208791208791
2019-11-20,4590.0,210,0.0
2019-11-21,4590.0,470,0.0
2019-11-22,4590.0,700,0.0
2019-11-25,4590.0,0,0.0
2019-11-26,4600.0,4700,0.002178649237472767
2019-11-27,4540.0,1700,-0.013043478260869565
2019-11-29,4600.0,240,0.013215859030837005
2019-12-02,4410.0,4740,-0.041304347826086954
2019-12-06,4500.0,390,0.02040816326530612
2019-12-09,4500.0,130,0.0
2019-12-10,4500.0,14650,0.0
2019-12-11,4420.0,9280,-0.017777777777777778
2019-12-12,4650.0,3950,0.05203619909502263
2019-12-13,4570.0,6500,-0.017204301075268817
2019-12-16,4570.0,0,0.0
2019-12-17,4550.0,8560,-0.00437636761487965
2019-12-18,4550.0,0,0.0
2019-12-19,4610.0,26110,0.013186813186813187
2019-12-20,4570.0,530,-0.008676789587852495
2019-12-23,4590.0,10,0.00437636761487965
2019-12-24,4550.0,640,-0.008714596949891068
2019-12-26,4480.0,1700,-0.015384615384615385
2019-12-27,4420.0,110,-0.013392857142857142
2019-12-30,4580.0,6950,0.03619909502262444
2019-12-31,4570.0,50,-0.002183406113537118
