Date,Adj Close,Volume,LogReturn
2019-01-02,20.319393157958984,400,
2019-01-03,19.772401809692383,300,-0.026919669500678388
2019-01-04,20.8518123626709,300,0.054591777132982966
2019-01-07,21.39006233215332,1400,0.025813102483408196
2019-01-08,21.619354248046875,400,0.010719553423127966
2019-01-09,21.99049186706543,700,0.017166915105805428
2019-01-10,22.107080459594727,1000,0.005301772840466042
2019-01-11,22.098337173461914,1200,-0.0003954970964525446
2019-01-14,21.976892471313477,200,-0.005495648889559053
2019-01-15,22.214923858642578,900,0.010830984755456435
2019-01-16,22.390779495239258,11000,0.007916103503918342
2019-01-17,22.586063385009766,13300,0.008721620871306833
2019-01-18,23.061161041259766,1500,0.021034991718181375
2019-01-22,22.39272117614746,500,-0.028985525226434553
2019-01-23,22.314022064208984,900,-0.003514495237957332
2019-01-24,22.314022064208984,0,0.0
2019-01-25,23.25450325012207,500,0.04214754216908252
2019-01-28,22.945545196533203,1000,-0.013285945103439067
2019-01-29,22.747344970703125,200,-0.008637852102987896
2019-01-30,23.267135620117188,1900,0.022850607404227345
2019-01-31,23.401212692260742,1200,0.005762508730452803
2019-02-01,23.577064514160156,600,0.00751464568148521
2019-02-04,23.768465042114258,1000,0.008118081359922829
2019-02-05,23.784006118774414,1900,0.0006538527680529527
2019-02-06,23.912254333496094,2400,0.005392204075344743
2019-02-07,23.322511672973633,8000,-0.0246627796901756
2019-02-08,23.292396545410156,1400,-0.0012912471857983582
2019-02-11,23.474077224731445,3200,0.007799999410412315
2019-02-12,23.95403289794922,7100,0.02044619980682816
2019-02-13,24.07547950744629,900,0.005069985919050305
2019-02-14,24.055076599121094,900,-0.0008474559486503649
2019-02-15,24.31642723083496,900,0.010864676761138071
2019-02-19,24.48256492614746,700,0.006832323422160702
2019-02-20,24.59623908996582,3500,0.004643065959847818
2019-02-21,24.32225799560547,300,-0.011139145840882794
2019-02-22,24.662307739257812,3100,0.013981010468427058
2019-02-25,24.736146926879883,4500,0.002994009660520619
2019-02-26,24.750720977783203,400,0.0005891803176299545
2019-02-27,24.731287002563477,200,-0.0007851882471290808
2019-02-28,24.56126594543457,1600,-0.006874735516646709
2019-03-01,24.663278579711914,400,0.004153394800739323
2019-03-04,24.421356201171875,10000,-0.009809011310404007
2019-03-05,24.33391761779785,5500,-0.0035804147261005773
2019-03-06,23.946258544921875,0,-0.01593081224999473
2019-03-07,23.665475845336914,10600,-0.011725535288037917
2019-03-08,23.477964401245117,600,-0.007923417442237674
2019-03-11,23.970550537109375,8500,0.020980785533439784
2019-03-12,24.137659072875977,600,0.006971410001947885
2019-03-13,24.382495880126953,11400,0.010143353442509474
2019-03-14,24.402896881103516,800,0.0008367068357915899
2019-03-15,24.465078353881836,900,0.0025481184910661485
2019-03-18,24.704086303710938,7700,0.009769351496525192
2019-03-19,24.63899040222168,4500,-0.0026350256669674683
2019-03-20,24.661333084106445,2100,0.0009068018421221919
2019-03-21,25.043161392211914,10600,0.015482873809102666
2019-03-22,24.15028953552246,100,-0.035653320389778115
2019-03-25,24.030786514282227,3600,-0.004948305943266575
2019-03-26,24.29408073425293,2900,0.010956537765179653
2019-03-27,24.099769592285156,7400,-0.007998291604168768
2019-03-28,24.24161720275879,2900,0.005885849237290684
2019-03-29,24.41552734375,17800,0.007174032142188076
2019-04-01,25.031503677368164,700,0.025228876892386457
2019-04-02,24.989727020263672,800,-0.0016689631451211574
2019-04-03,25.11894416809082,11100,0.0051708106984269505
2019-04-04,25.16363525390625,1900,0.0017791785162770421
2019-04-05,25.43178939819336,9700,0.010656415163444349
2019-04-08,25.517288208007812,10600,0.00336188730080184
2019-04-09,25.21027183532715,1200,-0.01203170063284062
2019-04-10,25.462881088256836,6800,0.010020092388520231
2019-04-11,25.523117065429688,300,0.002365638710092066
2019-04-12,25.924375534057617,6300,0.015721373984191864
2019-04-15,25.761152267456055,1400,-0.006296131082776952
2019-04-16,25.940893173217773,8800,0.006977207536977475
2019-04-17,25.88259506225586,1000,-0.002247344012892468
2019-04-18,25.853450775146484,1800,-0.0011260187411375766
2019-04-22,26.03610610961914,3300,0.007065027259271981
2019-04-23,26.177953720092773,800,0.005448111552334881
2019-04-24,26.059423446655273,2700,-0.00452786626123961
2019-04-25,25.940893173217773,1000,-0.004548461084725701
2019-04-26,25.86316680908203,800,-0.002996287121523997
2019-04-29,26.02056121826172,2000,0.0060856588190282
2019-04-30,25.855392456054688,14500,-0.006347624896388196
2019-05-01,25.47648048400879,1400,-0.014655046241897857
2019-05-02,25.20444107055664,1800,-0.010678061030561249
2019-05-03,25.586267471313477,1600,0.015149171516557787
2019-05-06,25.374467849731445,1900,-0.008277863186550926
2019-05-07,24.936290740966797,13800,-0.01726842554332764
2019-05-08,24.896453857421875,100,-0.0015975464819021985
2019-05-09,24.739059448242188,5600,-0.0063219609540001494
2019-05-10,24.786666870117188,3500,0.0019243828559691951
2019-05-13,23.84424591064453,1400,-0.038021286379930304
2019-05-14,24.334888458251953,9000,0.02057697900978238
2019-05-15,24.455360412597656,200,0.004950585845190144
2019-05-16,24.667165756225586,900,0.008660896427387049
2019-05-17,24.293109893798828,1400,-0.015164120034031565
2019-05-20,23.992897033691406,900,-0.012357942701442914
2019-05-21,24.38152313232422,2600,0.016197547886238763
2019-05-22,24.004554748535156,3400,-0.015461231923172603
2019-05-23,23.28073501586914,2000,-0.03015343297338959
2019-05-24,23.33611488342285,4600,0.002378785185088085
2019-05-28,23.171920776367188,3500,-0.007036051539680315
2019-05-29,23.082534790039062,2300,-0.003857513030136409
2019-05-30,22.99606704711914,500,-0.0037460245898659184
2019-05-31,22.593835830688477,4100,-0.01749130473513096
2019-06-03,22.977603912353516,8500,0.016985521384721192
2019-06-04,23.322511672973633,100,0.015010606063876114
2019-06-05,23.29142189025879,600,-0.0013330375025975832
2019-06-06,23.477964401245117,1300,0.008009064962424905
2019-06-07,23.686851501464844,6400,0.00889715550504236
2019-06-10,23.978322982788086,17700,0.012305201529431507
2019-06-11,23.978322982788086,9100,0.0
2019-06-12,23.592609405517578,1300,-0.016085928008700918
2019-06-13,23.900596618652344,3100,0.013054393765478818
2019-06-14,23.6091251373291,8000,-0.012195155040429994
2019-06-17,23.64118766784668,12300,0.0013580566976149019
2019-06-18,24.201784133911133,13900,0.02371270318313556
2019-06-19,24.20858383178711,500,0.00028095853753397213
2019-06-20,24.619558334350586,1500,0.016976395869296824
2019-06-21,24.549604415893555,100,-0.002841396157762409
2019-06-24,24.361122131347656,1300,-0.007677609844656964
2019-06-25,24.053131103515625,100,-0.012642727464335946
2019-06-26,24.303796768188477,100,0.01042133199183428
2019-06-27,24.61081314086914,100,0.012632444864850144
2019-06-28,24.804157257080078,3100,0.007856063718994596
2019-07-01,25.173351287841797,1700,0.014884360993814306
2019-07-02,25.047048568725586,1200,-0.005017318420261847
2019-07-03,25.25107765197754,0,0.008145833338092748
2019-07-05,25.26370620727539,500,0.0005001194591337593
2019-07-08,25.116029739379883,600,-0.005845399985413868
2019-07-09,25.285083770751953,600,0.006730921770928126
2019-07-10,25.301599502563477,100,0.0006531808223877708
2019-07-11,25.355037689208984,1300,0.002112047763624336
2019-07-12,25.613473892211914,300,0.010192696464139717
2019-07-15,25.610557556152344,31100,-0.0001138594503753378
2019-07-16,25.552263259887695,3500,-0.002276182239954576
2019-07-17,25.348236083984375,1200,-0.007984700761267009
2019-07-18,25.415271759033203,1200,0.0026445893444705165
2019-07-19,25.35211944580078,2400,-0.0024848175471496193
2019-07-22,25.47939682006836,300,0.005020383977745096
2019-07-23,25.72714614868164,300,0.009723516234032127
2019-07-24,26.135204315185547,100,0.015860996169014135
2019-07-25,25.90203094482422,2200,-0.00892181165103215
2019-07-26,26.14297866821289,500,0.009302271466740657
2019-07-29,25.829158782958984,0,-0.01200398352600418
2019-07-30,25.835960388183594,0,0.00026333049720135657
2019-07-31,25.512432098388672,300,-0.012522402300279562
2019-08-01,24.99944305419922,2300,-0.02010741438570464
2019-08-02,24.527259826660156,500,-0.018887749879681767
2019-08-05,23.573179244995117,5900,-0.03889878398189395
2019-08-06,23.7742919921875,900,0.008531422304230839
2019-08-07,23.750003814697266,2800,-0.0010216151756786594
2019-08-08,24.348491668701172,1800,0.025199484542126376
2019-08-09,24.05118751525879,1600,-0.012210372514555107
2019-08-12,23.628557205200195,7500,-0.01757211820790406
2019-08-13,24.036617279052734,9200,0.017269783775148692
2019-08-14,23.18843650817871,1100,-0.03528702733113741
2019-08-15,23.090309143066406,900,-0.004231737015891284
2019-08-16,23.573179244995117,1300,0.020912240669315938
2019-08-19,23.803442001342773,14400,0.009767997517625627
2019-08-20,23.6547908782959,100,-0.0062449423507108534
2019-08-21,23.886022567749023,100,0.009775258240193879
2019-08-22,23.919055938720703,100,0.0013829582082151024
2019-08-23,23.102937698364258,100,-0.03412000216259768
2019-08-26,23.315711975097656,200,0.009209836407448017
2019-08-27,23.216611862182617,3900,-0.004250357570932551
2019-08-28,23.327369689941406,300,0.004770628393852841
2019-08-29,23.702396392822266,300,0.016076681934807602
2019-08-30,23.7266845703125,800,0.0010247140030781655
2019-09-03,23.311826705932617,600,-0.017484864484562868
2019-09-04,23.7742919921875,12100,0.019838225982401893
2019-09-05,24.28145408630371,300,0.021332374242011922
2019-09-06,24.2027530670166,500,-0.0032411987769505853
2019-09-09,24.34946060180664,1100,0.0060616052390325545
2019-09-10,24.511714935302734,100,0.006663569930746436
2019-09-11,24.784725189208984,3600,0.011137949940542508
2019-09-12,24.846904754638672,0,0.0025087857523132776
2019-09-13,24.87508201599121,1100,0.0011340350691881912
2019-09-16,24.95960807800293,200,0.003398021439984812
2019-09-17,24.907142639160156,0,-0.002102013728693584
2019-09-18,24.78278160095215,700,-0.004992986951962995
2019-09-19,24.707969665527344,4000,-0.003018706157743424
2019-09-20,24.572921752929688,1300,-0.005465763250716453
2019-09-23,24.648706436157227,300,0.0030840729478375396
2019-09-24,24.19692611694336,2800,-0.018328763839353043
2019-09-25,24.516569137573242,0,0.01321006722445046
2019-09-26,24.39998435974121,0,-0.0047553463609782765
2019-09-27,24.23773193359375,300,-0.006649693858622695
2019-09-30,24.421356201171875,0,0.007575967424725077
2019-10-01,23.978322982788086,2600,-0.018141220935245596
2019-10-02,23.395381927490234,300,-0.024311168705012993
2019-10-03,23.595523834228516,1600,0.008554761249830628
2019-10-04,23.933629989624023,100,0.014329249809026865
2019-10-07,23.84424591064453,200,-0.003734664529293842
2019-10-08,23.2515869140625,500,-0.024855430480083113
2019-10-09,23.583864212036133,2100,0.01429052129653449
2019-10-10,23.859790802001953,400,0.011699804047591146
2019-10-11,24.536972045898438,2000,0.02838169242622469
2019-10-14,24.485483169555664,0,-0.002098420141102139
2019-10-15,24.789583206176758,0,0.012419605303080169
2019-10-16,24.557376861572266,600,-0.009367093535749077
2019-10-17,24.64384651184082,400,0.003521127307528665
2019-10-18,24.564178466796875,14300,-0.003232776385198901
2019-10-21,24.84496307373047,800,0.011430653270701772
2019-10-22,24.828447341918945,0,-0.0006647517149657652
2019-10-23,24.783754348754883,1100,-0.001800072012099016
2019-10-24,24.987783432006836,2400,0.00823237191512122
2019-10-25,25.259822845458984,300,0.01088689655856763
2019-10-28,25.51923179626465,6200,0.010269626687120595
2019-10-29,25.3647518157959,200,-0.006053472992528006
2019-10-30,25.358922958374023,3100,-0.00022980147663992042
2019-10-31,25.069395065307617,2300,-0.011417199915850463
2019-11-01,25.613473892211914,1500,0.021702910081672553
2019-11-04,26.008901596069336,700,0.015438269151677095
2019-11-05,26.135204315185547,1500,0.004856134298854772
2019-11-06,25.92923355102539,2300,-0.007880970115105601
2019-11-07,26.170183181762695,1400,0.00929258592480749
2019-11-08,26.25373649597168,400,0.0031926912253029418
2019-11-11,26.225561141967773,1200,-0.0010731940578526573
2019-11-12,26.223615646362305,5300,-7.418318315238818e-05
2019-11-13,26.0535945892334,2000,-0.006483509345992542
2019-11-14,26.08468246459961,900,0.0011932278772410908
2019-11-15,26.313974380493164,400,0.008790289711394202
2019-11-18,26.263452529907227,0,-0.0019199627488955032
2019-11-19,26.176982879638672,500,-0.00329239463738015
2019-11-20,25.95449447631836,300,-0.008499390641897519
2019-11-21,25.87190818786621,0,-0.003181964824146453
2019-11-22,25.989469528198242,200,0.0045439764039966295
2019-11-25,26.40918731689453,0,0.016149532726741522
2019-11-26,26.380041122436523,0,-0.0011036384462827585
2019-11-27,26.51120376586914,100,0.004972040901068266
2019-11-29,26.329519271850586,100,-0.006853121254812941
2019-12-02,26.03610610961914,100,-0.011143886039162864
2019-12-03,25.658164978027344,0,-0.014516038996021953
2019-12-04,25.87774085998535,100,0.008557739111352821
2019-12-05,25.941864013671875,500,0.0024779270351870946
2019-12-06,26.324661254882812,100,0.0147559651461127
2019-12-09,26.295515060424805,100,-0.0011071821276561213
2019-12-10,26.27122688293457,1000,-0.0009236623596998293
2019-12-11,26.44610595703125,300,0.006656677089195204
2019-12-12,27.06499671936035,1400,0.023401961836447854
2019-12-13,26.911487579345703,100,-0.005671869891816356
2019-12-16,27.1485538482666,500,0.008809110541434522
2019-12-17,27.259309768676758,700,0.004079625052191421
2019-12-18,27.369098663330078,4400,0.004027574270404931
2019-12-19,27.437108993530273,400,0.0024849313101902603
2019-12-20,27.534265518188477,500,0.0035410627512218154
2019-12-23,27.70215606689453,35600,0.0060975132456375205
2019-12-24,27.68939208984375,400,-0.00046075753165057226
2019-12-26,27.789539337158203,200,0.003616809173329101
2019-12-27,27.687429428100586,7400,-0.003674400925426031
2019-12-30,27.45178985595703,4100,-0.008510706013913984
2019-12-31,27.57942771911621,2900,0.004649527911619297
