Date,Adj Close,Volume,LogReturn
2019-01-02,28.700000762939453,200,
2019-01-03,28.700000762939453,0,0.0
2019-01-07,29.899999618530273,100,0.04181180570351722
2019-01-08,29.899999618530273,0,0.0
2019-01-09,29.600000381469727,300,-0.010033419427692062
2019-01-10,29.600000381469727,0,0.0
2019-01-11,28.700000762939453,500,-0.030405392126065432
2019-01-15,29.25,100,0.01916373597351138
2019-01-16,29.0,100,-0.008547008547008548
2019-01-17,29.0,0,0.0
2019-01-22,27.200000762939453,800,-0.062068939208984375
2019-01-23,28.299999237060547,100,0.04044111923775619
2019-01-24,28.299999237060547,0,0.0
2019-01-29,28.399999618530273,400,0.003533582479351097
2019-01-30,28.399999618530273,0,0.0
2019-01-31,28.450000762939453,2900,0.0017606037000280528
2019-02-01,28.450000762939453,0,0.0
2019-02-04,28.5,100,0.0017574423803066695
2019-02-05,28.450000762939453,2000,-0.0017543591951069079
2019-02-06,27.0,500,-0.05096663353444631
2019-02-07,28.600000381469727,22700,0.05925927338776765
2019-02-08,28.600000381469727,0,0.0
2019-02-12,27.700000762939453,500,-0.031468517710698835
2019-02-13,27.700000762939453,0,0.0
2019-02-15,28.5,300,0.02888083808758903
2019-02-19,28.299999237060547,4300,-0.007017570629454495
2019-02-21,26.850000381469727,6500,-0.05123671005941088
2019-02-22,25.5,700,-0.050279343102036474
2019-02-25,25.5,0,0.0
2019-03-01,25.5,200,0.0
2019-03-05,25.5,500,0.0
2019-03-11,24.75,8900,-0.029411764705882353
2019-03-12,25.049999237060547,700,0.012121181295375632
2019-03-13,26.049999237060547,1800,0.03992016089647368
2019-03-14,26.049999237060547,0,0.0
2019-03-15,25.0,300,-0.040307073620437756
2019-03-18,27.0,100,0.08
2019-03-19,26.899999618530273,100,-0.003703717832212095
2019-03-20,26.899999618530273,2200,0.0
2019-03-21,26.899999618530273,0,0.0
2019-03-25,26.850000381469727,500,-0.0018587077237764908
2019-03-26,26.850000381469727,300,0.0
2019-03-27,24.549999237060547,100,-0.08566112147977858
2019-03-28,24.350000381469727,2900,-0.008146593148927806
2019-03-29,24.350000381469727,0,0.0
2019-04-01,24.0,200,-0.014373732073370962
2019-04-02,24.0,0,0.0
2019-04-03,24.0,400,0.0
2019-04-04,26.399999618530273,200,0.09999998410542806
2019-04-05,24.799999237060547,600,-0.06060607593140567
2019-04-08,24.850000381469727,2500,0.002016175239814489
2019-04-09,26.0,100,0.04627764993467811
2019-04-11,26.0,0,0.0
2019-04-12,25.950000762939453,300,-0.001923047579251803
2019-04-15,24.0,100,-0.07514453586160778
2019-04-16,25.950000762939453,100,0.08125003178914388
2019-04-17,25.0,700,-0.03660889152250811
2019-04-18,25.0,500,0.0
2019-04-22,25.0,0,0.0
2019-04-23,25.75,400,0.03
2019-04-24,25.0,100,-0.02912621359223301
2019-04-30,25.0,1200,0.0
2019-05-06,23.75,3700,-0.05
2019-05-07,23.75,100,0.0
2019-05-08,23.75,0,0.0
2019-05-09,24.0,400,0.010526315789473684
2019-05-13,28.0,200,0.16666666666666666
2019-05-14,27.5,100,-0.017857142857142856
2019-05-16,27.5,300,0.0
2019-05-17,27.5,200,0.0
2019-05-20,28.399999618530273,500,0.032727258855646306
2019-05-21,30.0,100,0.056338042357781136
2019-05-22,30.0,0,0.0
2019-05-23,30.0,300,0.0
2019-05-24,30.0,200,0.0
2019-06-03,27.0,0,-0.1
2019-06-04,24.75,100,-0.08333333333333333
2019-06-05,24.75,0,0.0
2019-06-06,27.0,300,0.09090909090909091
2019-06-11,28.950000762939453,2700,0.07222225047923901
2019-06-12,29.950000762939453,7200,0.03454231342474288
2019-06-13,29.600000381469727,1300,-0.011686156011816263
2019-06-19,29.399999618530273,1200,-0.00675678244466031
2019-06-20,30.0,400,0.02040817650526626
2019-06-21,29.0,200,-0.03333333333333333
2019-06-24,26.850000381469727,8600,-0.07413791788035426
2019-06-28,27.450000762939453,600,0.022346382605037546
2019-07-01,27.049999237060547,500,-0.014572004180741324
2019-07-02,27.450000762939453,100,0.01478748751056798
2019-07-03,27.0,2200,-0.016393469961101206
2019-07-05,27.399999618530273,0,0.014814800686306424
2019-07-08,27.399999618530273,600,0.0
2019-07-10,27.049999237060547,100,-0.012773736727829213
2019-07-11,29.75,100,0.09981518813650271
2019-07-12,30.0,8000,0.008403361344537815
2019-07-16,27.100000381469727,100,-0.09666665395100911
2019-07-19,27.100000381469727,0,0.0
2019-07-30,30.0,1000,0.10701105452799985
2019-07-31,30.0,1300,0.0
2019-08-01,30.0,1400,0.0
2019-08-02,27.200000762939453,400,-0.09333330790201823
2019-08-05,27.200000762939453,0,0.0
2019-08-09,27.100000381469727,2000,-0.003676484509734981
2019-08-19,29.799999237060547,100,0.09963095267839955
2019-08-29,28.950000762939453,100,-0.02852343945915272
2019-08-30,28.850000381469727,300,-0.0034542445193211447
2019-09-03,28.850000381469727,0,0.0
2019-09-04,28.850000381469727,2000,0.0
2019-09-05,29.0,3000,0.005199293467830169
2019-09-06,28.950000762939453,200,-0.0017241116227774784
2019-09-09,28.950000762939453,1100,0.0
2019-09-10,29.0,1000,0.00172708931754343
2019-09-12,28.950000762939453,0,-0.0017241116227774784
2019-09-17,28.0,100,-0.03281522410719945
2019-09-18,27.149999618530273,600,-0.030357156481061662
2019-09-19,27.149999618530273,0,0.0
2019-09-23,28.0,0,0.03130756513490294
2019-09-25,27.5,400,-0.017857142857142856
2019-09-26,24.850000381469727,100,-0.09636362249200994
2019-09-27,24.850000381469727,0,0.0
2019-09-30,25.5,500,0.02615692589747276
2019-10-01,25.5,1000,0.0
2019-10-08,27.25,400,0.06862745098039216
2019-10-09,27.25,0,0.0
2019-10-14,26.049999237060547,1100,-0.04403672524548452
2019-10-16,26.5,700,0.017274501962335976
2019-10-17,26.5,0,0.0
2019-10-22,28.649999618530273,100,0.0811320610766141
2019-10-24,31.0,100,0.08202444721673892
2019-10-28,29.5,100,-0.04838709677419355
2019-10-29,29.5,0,0.0
2019-10-30,26.549999237060547,3000,-0.10000002586235435
2019-10-31,26.549999237060547,0,0.0
2019-11-11,29.200000762939453,3000,0.09981173642294607
2019-11-12,29.200000762939453,0,0.0
2019-11-14,26.299999237060547,1100,-0.0993151181543659
2019-11-15,24.149999618530273,3600,-0.08174903729657183
2019-11-18,24.149999618530273,0,0.0
2019-11-25,25.0,600,0.035196703722410086
2019-11-26,26.0,600,0.04
2019-11-29,25.899999618530273,500,-0.0038461685180664062
2019-12-02,25.899999618530273,0,0.0
2019-12-09,26.5,100,0.023166038235786442
2019-12-13,25.0,1800,-0.05660377358490566
2019-12-17,25.5,2400,0.02
2019-12-23,27.0,200,0.058823529411764705
2019-12-30,27.549999237060547,600,0.020370342113353587
2019-12-31,27.549999237060547,0,0.0
