Date,Adj Close,Volume,LogReturn
2019-01-02,41.52476119995117,452700,
2019-01-03,42.852596282958984,644800,0.03197694687788774
2019-01-04,43.205440521240234,507000,0.008233905734704903
2019-01-07,43.493289947509766,636600,0.0066623421216599225
2019-01-08,44.124698638916016,521100,0.014517381696539185
2019-01-09,44.440406799316406,470500,0.007154908025183658
2019-01-10,45.1553955078125,432700,0.016088707552224565
2019-01-11,43.78114318847656,650200,-0.030433845255506024
2019-01-14,44.0597038269043,585400,0.006362571146864275
2019-01-15,43.47471618652344,2148700,-0.013277157801129993
2019-01-16,43.27043914794922,6842400,-0.004698754965939072
2019-01-17,43.4840087890625,1811900,0.0049356938667308
2019-01-18,43.493289947509766,1116600,0.00021343842726846536
2019-01-22,42.01688766479492,1173600,-0.033945518596009916
2019-01-23,42.156185150146484,912500,0.003315273764750476
2019-01-24,42.08189010620117,808000,-0.0017623758810408948
2019-01-25,42.88044738769531,936700,0.018976269351943048
2019-01-28,42.29546356201172,675400,-0.013642204345364568
2019-01-29,42.434749603271484,584400,0.0032931673879292196
2019-01-30,42.48116683959961,679000,0.00109384965770003
2019-01-31,44.01327896118164,1497900,0.0360656788775831
2019-02-01,44.254703521728516,860500,0.005485266406981494
2019-02-04,44.3382682800293,620800,0.0018882684020186007
2019-02-05,43.771854400634766,1832700,-0.012774830893647093
2019-02-06,43.7532844543457,1332900,-0.00042424399293426333
2019-02-07,41.961181640625,1347000,-0.04095927508232371
2019-02-08,43.04758834838867,932100,0.025890755819704084
2019-02-11,42.73188018798828,912200,-0.007333933735040653
2019-02-12,41.69190979003906,1991600,-0.02433710834566903
2019-02-13,42.555450439453125,883100,0.020712427273369416
2019-02-14,42.28617477416992,513300,-0.006327642229197458
2019-02-15,42.36974334716797,625100,0.001976262299542258
2019-02-19,42.83401870727539,1861800,0.010957709993739068
2019-02-20,42.68545150756836,759500,-0.003468439436475219
2019-02-21,42.82473373413086,655500,0.0032629905891426382
2019-02-22,43.02100372314453,427900,0.004583098875340976
2019-02-25,43.3855094909668,577400,0.008472739738198344
2019-02-26,43.535057067871094,550100,0.0034469475790167648
2019-02-27,43.60048294067383,494500,0.0015028319062666102
2019-02-28,42.88081359863281,642500,-0.016505994739100784
2019-03-01,44.207984924316406,561300,0.03095023658146982
2019-03-04,43.507015228271484,646700,-0.015856178408605922
2019-03-05,43.41355514526367,467200,-0.002148161222217809
2019-03-06,42.478919982910156,638300,-0.021528648350179688
2019-03-07,41.45082473754883,930100,-0.02420248080165279
2019-03-08,42.21722412109375,672000,0.01848936392454136
2019-03-11,42.27330780029297,613900,0.0013284549225299883
2019-03-12,43.0677375793457,479100,0.018792704436704354
2019-03-13,42.890159606933594,376400,-0.004123225003053601
2019-03-14,42.98362350463867,395400,0.002179145486088814
2019-03-15,43.32008361816406,793700,0.007827634947739592
2019-03-18,43.469627380371094,441600,0.003452065409779766
2019-03-19,43.217281341552734,742300,-0.005805111615295496
2019-03-20,42.26396560668945,871900,-0.022058669709671977
2019-03-21,43.123817443847656,503200,0.02034479786303128
2019-03-22,42.142452239990234,442200,-0.022756918613137073
2019-03-25,41.619056701660156,550600,-0.012419674473366608
2019-03-26,41.99291229248047,601400,0.008982798276766317
2019-03-27,41.87141418457031,406300,-0.0028933003518289563
2019-03-28,42.02095413208008,555500,0.0035714090489179454
2019-03-29,41.99291229248047,661700,-0.0006673299114405729
2019-04-01,44.67530059814453,1274300,0.0638771678177793
2019-04-02,44.2453727722168,495200,-0.009623389662107618
2019-04-03,43.91825485229492,533000,-0.007393268480433816
2019-04-04,44.36687469482422,572700,0.010214883174162703
2019-04-05,44.67530059814453,377100,0.006951715788903496
2019-04-08,44.591182708740234,741200,-0.0018828723764153137
2019-04-09,43.974327087402344,559400,-0.013833578386271013
2019-04-10,43.90890884399414,572700,-0.0014876462641072222
2019-04-11,44.544456481933594,585900,0.014474229824237213
2019-04-12,45.282814025878906,567600,0.016575744823483854
2019-04-15,44.955692291259766,351300,-0.007223970984492972
2019-04-16,44.768760681152344,357300,-0.004158129940393887
2019-04-17,44.99307632446289,317600,0.005010539489983778
2019-04-18,45.338890075683594,315400,0.007685932580535352
2019-04-22,45.47908401489258,426800,0.0030921343459215816
2019-04-23,45.37627410888672,374000,-0.0022605975523208263
2019-04-24,45.488426208496094,391700,0.002471602215295384
2019-04-25,44.049095153808594,606100,-0.03164169822210005
2019-04-26,44.99307632446289,451600,0.02143020571383242
2019-04-29,45.0398063659668,313900,0.0010386051659797035
2019-04-30,44.75941848754883,456100,-0.006225334899082445
2019-05-01,44.36687469482422,397400,-0.008770082498587581
2019-05-02,44.254722595214844,473700,-0.0025278341190541087
2019-05-03,43.946292877197266,612500,-0.00696941930556645
2019-05-06,44.3949089050293,535700,0.010208279207660037
2019-05-07,42.18918991088867,1773000,-0.049684052711069966
2019-05-08,40.43207931518555,1683400,-0.041648360620681876
2019-05-09,40.61899948120117,1232400,0.004623065871989948
2019-05-10,40.65639114379883,1171500,0.0009205461255873975
2019-05-13,39.684383392333984,756900,-0.023907870918176675
2019-05-14,42.40414810180664,1777800,0.06853488644598786
2019-05-15,43.95563507080078,1157200,0.03658809428901224
2019-05-16,43.946292877197266,937200,-0.00021253688152765506
2019-05-17,43.89020919799805,948600,-0.0012761868072908443
2019-05-20,42.57332229614258,848800,-0.030004115403385583
2019-05-21,42.808475494384766,824100,0.005523487140760305
2019-05-22,43.071861267089844,460900,0.006152654811069521
2019-05-23,42.89313507080078,372700,-0.00414948857633006
2019-05-24,42.74263000488281,579400,-0.003508838084918257
2019-05-28,41.74555969238281,753900,-0.02332730373367519
2019-05-29,39.920719146728516,1848700,-0.043713404709417994
2019-05-30,40.26875305175781,775300,0.008718127139696533
2019-05-31,38.490943908691406,1246400,-0.04414860179011183
2019-06-03,39.40336227416992,939200,0.023704754231098187
2019-06-04,40.60737991333008,939300,0.030556215755969274
2019-06-05,40.46628952026367,896900,-0.003474501269659382
2019-06-06,40.92719650268555,937400,0.011389899787848693
2019-06-07,41.17176818847656,1305100,0.0059757742208159164
2019-06-10,40.32518768310547,929700,-0.0205621604954057
2019-06-11,40.00537872314453,901000,-0.007930749448065775
2019-06-12,40.1464729309082,953300,0.0035268809411881374
2019-06-13,40.65441131591797,815600,0.012652129762032246
2019-06-14,39.591487884521484,664800,-0.026145340615971572
2019-06-17,39.017704010009766,1057000,-0.014492607001416656
2019-06-18,39.33751678466797,1041800,0.008196606714125388
2019-06-19,36.873046875,2712200,-0.06264935133446223
2019-06-20,38.030033111572266,1635200,0.03137755988797076
2019-06-21,36.44035339355469,1393600,-0.04180063986149542
2019-06-24,35.86656188964844,1082200,-0.015746046634326497
2019-06-25,35.302181243896484,1345600,-0.01573556583116044
2019-06-26,35.894775390625,1476200,0.016786332341177112
2019-06-27,35.95121765136719,820500,0.0015724366604318992
2019-06-28,36.34628677368164,1586200,0.010989033143344146
2019-07-01,36.5438232421875,980900,0.005434845923487722
2019-07-02,36.68491744995117,738900,0.003860959123751115
2019-07-03,37.3621826171875,630500,0.018461678921870645
2019-07-05,37.59733581542969,791200,0.006293882791901226
2019-07-08,37.870121002197266,556200,0.007255439271195087
2019-07-09,37.29633331298828,465100,-0.015151461733531102
2019-07-10,37.315147399902344,615700,0.0005044487015969095
2019-07-11,37.446834564208984,699600,0.003529053842273855
2019-07-12,37.95478057861328,1589300,0.013564457992659882
2019-07-15,38.1711311340332,490800,0.00570021884257265
2019-07-16,37.92656707763672,590300,-0.006407042420035392
2019-07-17,37.63496398925781,496000,-0.007688623327863731
2019-07-18,37.85131072998047,640100,0.005748557133850542
2019-07-19,37.12702178955078,850600,-0.019135108572502033
2019-07-22,36.36509704589844,1204500,-0.020522107805231598
2019-07-23,36.36509704589844,782500,0.0
2019-07-24,36.96711349487305,750000,0.016554787361484847
2019-07-25,37.399803161621094,923700,0.011704718757878037
2019-07-26,38.03943634033203,710200,0.017102581421265764
2019-07-29,38.93304443359375,1016000,0.023491622884912567
2019-07-30,39.88309097290039,1049500,0.02440206136273494
2019-07-31,39.58208465576172,1166300,-0.007547216371549499
2019-08-01,39.31870651245117,1071000,-0.006653973523655949
2019-08-02,38.21815872192383,958300,-0.027990437329845273
2019-08-05,36.78839111328125,1562800,-0.03741068791528129
2019-08-06,31.501996994018555,5207900,-0.14369734471356685
2019-08-07,31.793601989746094,2356400,0.009256714607105943
2019-08-08,34.72838592529297,2194300,0.09230737481375612
2019-08-09,34.51203536987305,1223200,-0.006229790117091275
2019-08-12,33.994693756103516,634800,-0.014990179751065615
2019-08-13,34.022911071777344,631000,0.0008300505919033878
2019-08-14,33.20455551147461,662700,-0.024053072900677683
2019-08-15,33.2703971862793,578900,0.0019829108925109497
2019-08-16,34.19221878051758,679500,0.027706960908132478
2019-08-19,35.35883712768555,713600,0.03411941046167783
2019-08-20,34.22068405151367,755200,-0.0321886455728691
2019-08-21,34.58109664916992,763800,0.010532010321994367
2019-08-22,35.29244613647461,631400,0.020570472201082223
2019-08-23,34.63800811767578,793700,-0.01854328873289599
2019-08-26,34.71388244628906,382000,0.0021904934127711163
2019-08-27,33.74645233154297,850900,-0.027868680959064338
2019-08-28,34.609554290771484,715600,0.025576079842377093
2019-08-29,35.55801773071289,988700,0.027404670744179755
2019-08-30,36.51596450805664,871200,0.02694038752661774
2019-09-03,35.80461502075195,1277900,-0.019480506591787822
2019-09-04,37.360107421875,1262900,0.043443908005197124
2019-09-05,37.6446418762207,848000,0.007615996686859181
2019-09-06,38.545684814453125,974400,0.023935489709136826
2019-09-09,41.22035598754883,1916200,0.06938963948807068
2019-09-10,42.8612060546875,1224900,0.039806790306088406
2019-09-11,43.62947082519531,1290900,0.01792447859557586
2019-09-12,42.66203689575195,1296300,-0.022173863472226253
2019-09-13,42.97502899169922,955800,0.007336548339501146
2019-09-16,42.491310119628906,679200,-0.011255812582784866
2019-09-17,41.15397262573242,990300,-0.03147319981735983
2019-09-18,40.19601821899414,1026600,-0.023277325264567515
2019-09-19,39.86405944824219,1034500,-0.00825849886283239
2019-09-20,39.750240325927734,949400,-0.0028551814313399534
2019-09-23,40.3477783203125,968900,0.015032311490077001
2019-09-24,40.651283264160156,774900,0.007522221953293055
2019-09-25,40.6607666015625,841300,0.00023328506853569983
2019-09-26,41.8273811340332,1082400,0.028691405253187547
2019-09-27,41.7040901184082,972700,-0.0029476149900449595
2019-09-30,41.33417892456055,638500,-0.008869902035924703
2019-10-01,38.498268127441406,1173900,-0.06860934149181944
2019-10-02,37.99557876586914,1078100,-0.013057453906970707
2019-10-03,38.08094024658203,634400,0.0022466161454966324
2019-10-04,38.69743728637695,593700,0.016189123372557897
2019-10-07,38.15681457519531,517500,-0.013970504226954622
2019-10-08,36.866905212402344,1019600,-0.03380547818662785
2019-10-09,36.51596450805664,676400,-0.009519125685321796
2019-10-10,37.360107421875,535200,0.023117092077141035
2019-10-11,38.355995178222656,603800,0.02665644788174636
2019-10-14,37.28422546386719,581300,-0.027942690819921324
2019-10-15,37.88176345825195,962900,0.016026563163122443
2019-10-16,38.71641159057617,607900,0.022032979886061867
2019-10-17,38.16630172729492,546100,-0.01420869963618091
2019-10-18,38.17578887939453,420200,0.0002485740475301165
2019-10-21,39.247562408447266,486600,0.028074692377378127
2019-10-22,39.750240325927734,1183700,0.012807876123595314
2019-10-23,40.983245849609375,480300,0.031018819347298207
2019-10-24,40.73664855957031,430000,-0.006017026834428072
2019-10-25,41.15397262573242,470000,0.010244437893604453
2019-10-28,40.82200622558594,417200,-0.008066448485192293
2019-10-29,41.30571746826172,991800,0.011849276588777902
2019-10-30,41.116031646728516,908700,-0.004592241296352084
2019-10-31,40.300357818603516,1117200,-0.01983834031293
2019-11-01,40.83149337768555,1337400,0.01317942539053208
2019-11-04,41.4195442199707,1327200,0.014401894068526199
2019-11-05,41.8273811340332,1136200,0.00984648483567472
2019-11-06,41.77995681762695,717800,-0.001133810320428185
2019-11-07,40.84097671508789,1198500,-0.022474415343170174
2019-11-08,41.1634521484375,1011300,0.00789587956231412
2019-11-11,40.878910064697266,1072400,-0.006912493216413462
2019-11-12,39.83560562133789,1841300,-0.025521826333142997
2019-11-13,45.88682174682617,4799500,0.15190471014822365
2019-11-14,46.09547805786133,1977400,0.0045471946648732164
2019-11-15,46.29466247558594,867300,0.004321127063148867
2019-11-18,45.90579605102539,836500,-0.008399811204274799
2019-11-19,45.346195220947266,697600,-0.01219019989232112
2019-11-20,45.27031707763672,883600,-0.0016733078252945829
2019-11-21,46.56023025512695,1211200,0.028493575056655483
2019-11-22,47.62251663208008,1123900,0.022815316228728313
2019-11-25,47.784725189208984,1200000,0.0034061315654964207
2019-11-26,48.58622360229492,913200,0.01677310918734626
2019-11-27,48.11867904663086,599800,-0.00962298612650312
2019-11-29,47.60342788696289,275900,-0.010707924030263778
2019-12-02,47.62251281738281,527600,0.00040091504471569047
2019-12-03,48.18547821044922,1047300,0.011821413020039482
2019-12-04,48.44309616088867,916400,0.00534638152420759
2019-12-05,49.359100341796875,985100,0.018908869446865664
2019-12-06,49.71213912963867,1104000,0.007152455887508277
2019-12-09,49.05376434326172,728400,-0.013243742834321651
2019-12-10,48.24272155761719,732800,-0.01653375223090173
2019-12-11,47.889678955078125,493800,-0.007318049047407433
2019-12-12,48.35722351074219,394200,0.009762950302979323
2019-12-13,47.832427978515625,529300,-0.010852474441796336
2019-12-16,47.99463653564453,583200,0.0033911838471123337
2019-12-17,47.39351272583008,373000,-0.012524812212464867
2019-12-18,47.050018310546875,573900,-0.0072477095603845
2019-12-19,47.832427978515625,349500,0.016629316970815346
2019-12-20,48.71980667114258,1381800,0.018551822061500356
2019-12-23,48.40492630004883,349900,-0.0064630874506375665
2019-12-24,48.67209243774414,159500,0.005519399741241688
2019-12-26,48.54806137084961,191300,-0.0025482994603771725
2019-12-27,48.54806137084961,279200,0.0
2019-12-30,47.9373893737793,895900,-0.012578710247676065
2019-12-31,47.91830825805664,616900,-0.00039804244603051334
