Date,Adj Close,Volume,LogReturn
2019-01-02,66.6438217163086,744800,
2019-01-03,64.33432006835938,510700,-0.03465439988991589
2019-01-04,66.6722183227539,735400,0.03633982999914141
2019-01-07,67.57139587402344,663900,0.013486540179549715
2019-01-08,71.10187530517578,835000,0.052248135257326696
2019-01-09,72.96650695800781,1137300,0.02622478865471355
2019-01-10,73.21259307861328,730100,0.0033725901220280586
2019-01-11,71.94426727294922,796300,-0.01732387492821318
2019-01-14,72.43645477294922,627800,0.00684123306354196
2019-01-15,73.99820709228516,1365900,0.021560308607471507
2019-01-16,73.4870834350586,738000,-0.006907243801044077
2019-01-17,73.61959075927734,690900,0.0018031376130996993
2019-01-18,75.25706481933594,836300,0.022242368412680204
2019-01-22,72.6920166015625,606700,-0.03408381955808613
2019-01-23,72.43645477294922,507700,-0.0035156794454342874
2019-01-24,74.12125396728516,583700,0.023258995758653714
2019-01-25,76.63896942138672,609500,0.03396752374444184
2019-01-28,77.97354888916016,1574900,0.017413849349088618
2019-01-29,73.45868682861328,1855100,-0.0579024826350379
2019-01-30,75.0109634399414,1066400,0.021131287235636908
2019-01-31,75.57887268066406,855700,0.007571016484508439
2019-02-01,74.32001495361328,513500,-0.01665621201271033
2019-02-04,73.35457611083984,554800,-0.012990293979031283
2019-02-05,73.27885437011719,571400,-0.0010322701695970485
2019-02-06,73.79943084716797,478700,0.00710404770278546
2019-02-07,71.33850860595703,627300,-0.03334608699499712
2019-02-08,69.77676391601562,437400,-0.02189202886995867
2019-02-11,69.80516052246094,658000,0.00040696364880852154
2019-02-12,71.74552154541016,619000,0.027796813422195
2019-02-13,72.29447937011719,394500,0.007651457720041485
2019-02-14,72.08625030517578,455800,-0.0028802899855653076
2019-02-15,74.0455322265625,479800,0.027179689789552593
2019-02-19,75.53154754638672,405700,0.020068939679943817
2019-02-20,78.34268188476562,721800,0.03721801591119902
2019-02-21,75.64384460449219,769700,-0.034449130606010674
2019-02-22,77.46533966064453,423900,0.02407988469750746
2019-02-25,78.59063720703125,540200,0.014526465014112816
2019-02-26,78.84812927246094,327000,0.003276370755862131
2019-02-27,79.41077423095703,366100,0.00713580605764108
2019-02-28,78.01844024658203,519200,-0.01753331330488679
2019-03-01,78.92442321777344,666300,0.011612420965197354
2019-03-04,79.0293197631836,437200,0.0013290758567942756
2019-03-05,79.01979064941406,349500,-0.0001205769428116786
2019-03-06,76.68334197998047,718200,-0.02956789242583141
2019-03-07,74.59483337402344,749100,-0.02723549276845906
2019-03-08,73.21202850341797,573800,-0.018537542187030482
2019-03-11,74.57574462890625,350500,0.018626940864295474
2019-03-12,73.98448944091797,354800,-0.00792825054487093
2019-03-13,74.12754821777344,454100,0.001933632007688742
2019-03-14,73.1261978149414,755900,-0.013508478654794348
2019-03-15,75.02396392822266,1130900,0.025951932002315752
2019-03-18,74.93814086914062,533700,-0.0011439419431921827
2019-03-19,75.09072875976562,421500,0.0020361846298195983
2019-03-20,73.27877807617188,610700,-0.02413015179797551
2019-03-21,73.73654174804688,416800,0.006246879163284676
2019-03-22,70.50364685058594,451900,-0.04384386385392925
2019-03-25,70.75160217285156,391100,0.003516914845427805
2019-03-26,70.75160217285156,403100,0.0
2019-03-27,69.95053100585938,522400,-0.01132230426436294
2019-03-28,70.06497192382812,468900,0.001636026436442118
2019-03-29,70.12218475341797,604300,0.0008165682225926427
2019-04-01,73.29785919189453,558000,0.04528772812261487
2019-04-02,73.34555053710938,393300,0.0006506512705915097
2019-04-03,75.34820556640625,715200,0.027304383355655996
2019-04-04,75.9108657836914,423600,0.007467466717429253
2019-04-05,75.00489807128906,557400,-0.01193462494531291
2019-04-08,76.05391693115234,388400,0.013986004738866948
2019-04-09,75.0621109008789,446200,-0.013040827748178545
2019-04-10,76.540283203125,631200,0.019692655648840617
2019-04-11,77.4843978881836,454000,0.012334873161536032
2019-04-12,79.8780746459961,719400,0.03089237089080532
2019-04-15,79.65872192382812,549200,-0.0027460942585321047
2019-04-16,78.96256256103516,408800,-0.008739273565782987
2019-04-17,81.53742218017578,675600,0.03260861268465488
2019-04-18,82.72948455810547,489800,0.014619819293471777
2019-04-22,81.40392303466797,384500,-0.016022842769030977
2019-04-23,80.69820404052734,441600,-0.008669348697606088
2019-04-24,80.05926513671875,437300,-0.007917634740516816
2019-04-25,76.0157699584961,691300,-0.050506273962389006
2019-04-26,78.74321746826172,1375200,0.03588002214875658
2019-04-29,77.75142669677734,577900,-0.012595253323044956
2019-04-30,74.85231018066406,1072000,-0.037286988024278205
2019-05-01,73.9177474975586,780800,-0.012485422037740742
2019-05-02,74.89046478271484,739200,0.013159455179398934
2019-05-03,75.0621109008789,277400,0.002291962249961619
2019-05-06,73.90819549560547,363100,-0.015372807817744522
2019-05-07,71.82923126220703,672500,-0.02812900814933374
2019-05-08,72.76380920410156,601200,0.013011108784986533
2019-05-09,70.48458099365234,874200,-0.03132365162543941
2019-05-10,71.1902847290039,407300,0.010012171816912926
2019-05-13,67.93832397460938,526300,-0.04567983913498294
2019-05-14,68.43421936035156,506900,0.007299199578834455
2019-05-15,68.19580841064453,765300,-0.0034837973156622046
2019-05-16,67.1277084350586,442900,-0.015662252570631894
2019-05-17,65.45881652832031,690400,-0.02486144612478197
2019-05-20,64.11416625976562,970900,-0.020541927579349584
2019-05-21,64.80719757080078,897700,0.01080933203166463
2019-05-22,62.28535461425781,793200,-0.038913007367551995
2019-05-23,62.0736083984375,1020600,-0.003399614839342047
2019-05-24,63.52702331542969,803300,0.02341437777651045
2019-05-28,64.0564193725586,1195700,0.008333399386593398
2019-05-29,62.728126525878906,612000,-0.020736295592081136
2019-05-30,61.8714714050293,602900,-0.013656634882857384
2019-05-31,59.26301574707031,939000,-0.042159263368463436
2019-06-03,61.053321838378906,701300,0.03020950028850157
2019-06-04,63.56553268432617,745200,0.04114781588129833
2019-06-05,62.96875762939453,629100,-0.009388343489470858
2019-06-06,63.50777053833008,385800,0.008560005457117825
2019-06-07,63.90241241455078,424400,0.006214072276124341
2019-06-10,66.17398071289062,859000,0.035547457639057777
2019-06-11,65.68309783935547,622000,-0.007418064747607556
2019-06-12,64.02753448486328,332800,-0.025205317790297953
2019-06-13,64.17191314697266,811900,0.002254946458129002
2019-06-14,63.50777053833008,491900,-0.010349428216694977
2019-06-17,62.28535461425781,2142000,-0.01924828904731394
2019-06-18,64.39330291748047,788300,0.03384340213325403
2019-06-19,63.96016311645508,421000,-0.006726472806969632
2019-06-20,65.46171569824219,607900,0.02347637198881383
2019-06-21,64.7783203125,1168600,-0.010439619225570318
2019-06-24,65.14407348632812,478100,0.005646228121749356
2019-06-25,65.03819274902344,420800,-0.001625331847369183
2019-06-26,66.48199462890625,569700,0.02219929273641281
2019-06-27,67.85841369628906,521000,0.0207036367525644
2019-06-28,67.8680419921875,407800,0.000141888019097093
2019-07-01,66.75150299072266,371400,-0.01645161652952021
2019-07-02,65.07669830322266,483500,-0.025090141981264
2019-07-03,65.13445281982422,322300,0.0008874838169025923
2019-07-05,65.21145629882812,225200,0.0011822234726821808
2019-07-08,63.87354278564453,554500,-0.02051654094416592
2019-07-09,63.604026794433594,379900,-0.004219524696092335
2019-07-10,64.1238021850586,426500,0.00817205162661948
2019-07-11,63.681034088134766,378400,-0.006904894623154411
2019-07-12,65.50021362304688,476000,0.028567053926831006
2019-07-15,66.0584716796875,591300,0.008522995968431415
2019-07-16,67.37714385986328,1298300,0.019962196318587602
2019-07-17,67.21351623535156,709300,-0.002428533106895202
2019-07-18,67.15576171875,658100,-0.0008592693826541094
2019-07-19,69.19633483886719,1597700,0.030385674555567673
2019-07-22,69.36958312988281,676000,0.0025037206294098746
2019-07-23,71.67002868652344,969000,0.03316216492657062
2019-07-24,74.14373779296875,749600,0.03451525207649958
2019-07-25,71.77591705322266,707400,-0.03193554587654793
2019-07-26,71.48714447021484,358100,-0.004023251737678034
2019-07-29,71.48714447021484,626000,0.0
2019-07-30,69.8700942993164,466800,-0.02262015335599511
2019-07-31,69.44659423828125,780700,-0.006061249312487326
2019-08-01,67.25202178955078,545200,-0.03160086499275364
2019-08-02,66.87663269042969,405600,-0.00558182622815095
2019-08-05,64.9708251953125,761600,-0.028497360265417732
2019-08-06,65.76010131835938,324000,0.012148162204715533
2019-08-07,66.02960205078125,438500,0.0040982408332548275
2019-08-08,67.06912994384766,355400,0.015743361473948284
2019-08-09,65.74083709716797,354600,-0.01980483193671627
2019-08-12,64.5184326171875,294300,-0.018594294413587995
2019-08-13,65.44245910644531,430900,0.014321899211972716
2019-08-14,62.583744049072266,547800,-0.04368287953121091
2019-08-15,60.928192138671875,527500,-0.026453385548526196
2019-08-16,63.36339569091797,451600,0.03996841965544617
2019-08-19,63.70990753173828,399600,0.005468643797289085
2019-08-20,62.573097229003906,331000,-0.01784354030286501
2019-08-21,64.60380554199219,530800,0.03245337697695115
2019-08-22,63.78763961791992,294600,-0.01263340320628266
2019-08-23,61.66948318481445,346100,-0.033206377376447285
2019-08-26,62.40792465209961,360100,0.011974179596611095
2019-08-27,62.74799346923828,424300,0.005449128761041581
2019-08-28,64.48722076416016,405700,0.027717655956194326
2019-08-29,66.0321044921875,431300,0.02395643213834916
2019-08-30,66.45962524414062,425900,0.006474437779030753
2019-09-03,65.41999053955078,376400,-0.015643102120584146
2019-09-04,67.4798355102539,511400,0.031486476132365236
2019-09-05,72.0659408569336,1079900,0.06796260411723744
2019-09-06,72.600341796875,544600,0.00741544387802148
2019-09-09,75.88444519042969,644600,0.04523537096757922
2019-09-10,76.96296691894531,698400,0.01421268516636193
2019-09-11,76.3994140625,701600,-0.007322389962419543
2019-09-12,77.12814331054688,452700,0.009538414096353202
2019-09-13,77.41963195800781,511700,0.00377927738111489
2019-09-16,77.15730285644531,311800,-0.0033884054331953756
2019-09-17,76.72977447509766,560400,-0.0055409969700871
2019-09-18,76.74920654296875,527600,0.0002532532905775756
2019-09-19,77.03097534179688,667600,0.0036712926624247787
2019-09-20,76.03019714355469,1207800,-0.01299189311574466
2019-09-23,74.46587371826172,1050600,-0.02057502787135126
2019-09-24,74.86424255371094,757700,0.005349683224780646
2019-09-25,75.5638198852539,471900,0.009344612430174003
2019-09-26,76.26338958740234,409300,0.009257998116171954
2019-09-27,75.70955657958984,746000,-0.007262108474444015
2019-09-30,76.64232635498047,856700,0.012320370340698649
2019-10-01,73.9023208618164,815800,-0.035750552253246005
2019-10-02,72.85296630859375,624400,-0.014199209726914451
2019-10-03,73.31935119628906,464600,0.006401728183857047
2019-10-04,74.62133026123047,867700,0.01775764574697033
2019-10-07,74.32984161376953,626600,-0.00390623761919694
2019-10-08,72.38658142089844,523300,-0.02614374187649428
2019-10-09,73.35821533203125,385000,0.013422845671950685
2019-10-10,74.17437744140625,313800,0.011125708357011101
2019-10-11,76.9726791381836,464200,0.03772598831702836
2019-10-14,76.60345458984375,279200,-0.004796825996883922
2019-10-15,77.64311218261719,629500,0.013571941348338062
2019-10-16,78.32324981689453,425000,0.008759793562597734
2019-10-17,77.47792053222656,681400,-0.010792826991272635
2019-10-18,78.07062530517578,737400,0.007649982974216326
2019-10-21,79.12969970703125,516700,0.013565593944144524
2019-10-22,79.32403564453125,586400,0.002455916529691213
2019-10-23,80.79119873046875,889600,0.018495820012388
2019-10-24,80.02361297607422,587500,-0.009500858589254375
2019-10-25,79.74183654785156,790300,-0.0035211660376656935
2019-10-28,79.1685791015625,689100,-0.007188917024065047
2019-10-29,77.44878387451172,604600,-0.02172320441477822
2019-10-30,75.8747329711914,595900,-0.020323765262353338
2019-10-31,75.63182830810547,430700,-0.003201390681376962
2019-11-01,77.16699981689453,350600,0.02029795580949268
2019-11-04,80.38311004638672,318500,0.04167727444533965
2019-11-05,82.15148162841797,547600,0.02199929289885369
2019-11-06,81.99601745605469,346800,-0.0018924086246729704
2019-11-07,83.51175689697266,298600,0.01848552512602604
2019-11-08,83.8615493774414,186600,0.00418854175107685
2019-11-11,82.52069091796875,367500,-0.015988954048985704
2019-11-12,81.67537689208984,335000,-0.010243661516591113
2019-11-13,80.35395812988281,381600,-0.01617891232939029
2019-11-14,80.45111846923828,227500,0.0012091543667135897
2019-11-15,80.9758071899414,249500,0.006521832520000922
2019-11-18,79.88758850097656,398000,-0.013438812488923473
2019-11-19,78.46800231933594,565300,-0.017769796388625147
2019-11-20,76.88201141357422,432800,-0.02021194447269498
2019-11-21,77.7533187866211,523700,0.011333046014623881
2019-11-22,80.22045135498047,361200,0.03173025417898806
2019-11-25,81.03302764892578,356100,0.010129290975310174
2019-11-26,81.12113952636719,347000,0.001087357587367332
2019-11-27,81.17008209228516,252800,0.0006033269034893268
2019-11-29,80.00506591796875,218400,-0.014352778071504941
2019-12-02,80.42603302001953,264900,0.005261755580357994
2019-12-03,79.16310119628906,360700,-0.015703022719224528
2019-12-04,79.4372329711914,323400,0.0034628731158803344
2019-12-05,80.3672866821289,704300,0.011708032570504966
2019-12-06,81.26799774169922,308100,0.011207433979111822
2019-12-09,80.15191650390625,246200,-0.01373334238331184
2019-12-10,80.64142608642578,253900,0.006107272338218821
2019-12-11,81.47357940673828,241500,0.010319179120426973
2019-12-12,83.9798583984375,325700,0.03076186182010234
2019-12-13,82.84420776367188,253000,-0.013522892946277634
2019-12-16,83.7253189086914,573400,0.01063576040865839
2019-12-17,84.19524383544922,329000,0.005612697961417144
2019-12-18,84.96865844726562,363800,0.009185965579337997
2019-12-19,84.64558410644531,330500,-0.003802276589088707
2019-12-20,84.1658706665039,444800,-0.005667317970635619
2019-12-23,83.81343078613281,245400,-0.00418744412171045
2019-12-24,83.4903564453125,69700,-0.0038546845987572453
2019-12-26,83.64700317382812,83400,0.001876225413149734
2019-12-27,83.9211196899414,270100,0.003277063202654559
2019-12-30,82.89315032958984,203100,-0.012249233138803944
2019-12-31,82.63861846923828,166300,-0.003070601845140682
