Date,Adj Close,Volume,LogReturn
2019-01-02,175.65199279785156,607,
2019-01-03,178.26100158691406,14063,0.014853283173764319
2019-01-04,1.25,0,-0.9929878100713434
2019-01-07,179.1300048828125,6785,142.30400390625
2019-01-08,177.39100646972656,626,-0.009708024148291609
2019-01-09,178.26100158691406,2760,0.004904392474575496
2019-01-10,177.39100646972656,862,-0.004880456798978096
2019-01-11,1.149999976158142,0,-0.9935171461110437
2019-01-14,178.26100158691406,2070,154.00956981098278
2019-01-15,178.26100158691406,4142,0.0
2019-01-16,178.26100158691406,416,0.0
2019-01-17,177.39100646972656,1782,-0.004880456798978096
2019-01-22,178.26100158691406,11398,0.004904392474575496
2019-01-23,177.39100646972656,287,-0.004880456798978096
2019-01-24,178.26100158691406,5662,0.004904392474575496
2019-01-28,176.52200317382812,6673,-0.00975534972655284
2019-01-29,176.52200317382812,5294,0.0
2019-01-30,176.52200317382812,4236,0.0
2019-01-31,178.26100158691406,5004,0.009851454106678575
2019-02-04,176.52200317382812,2998,-0.00975534972655284
2019-02-05,176.52200317382812,2144,0.0
2019-02-06,174.7830047607422,1894,-0.009851454106678575
2019-02-07,174.7830047607422,115000,0.0
2019-02-11,179.1300048828125,7868,0.024870839862381672
2019-02-12,178.26100158691406,5635,-0.004851243634291991
2019-02-13,179.1300048828125,1380,0.004874892927574743
2019-02-14,175.65199279785156,2532,-0.01941613347934795
2019-02-19,179.1300048828125,575,0.01980058426643411
2019-02-20,177.39100646972656,1541,-0.009708024148291609
2019-02-21,177.39100646972656,730,0.0
2019-02-25,176.52200317382812,402,-0.004898801315763103
2019-02-26,173.91299438476562,3921,-0.014780076943118003
2019-02-27,173.91299438476562,4912,0.0
2019-02-28,173.91299438476562,0,0.0
2019-03-04,174.7830047607422,0,0.005002561074026182
2019-03-05,175.65199279785156,1739,0.004971810836522233
2019-03-06,178.26100158691406,441,0.014853283173764319
2019-03-07,177.39100646972656,1677,-0.004880456798978096
2019-03-11,178.26100158691406,586,0.004904392474575496
2019-03-12,180.8699951171875,7664,0.014635806525530936
2019-03-13,175.65199279785156,5283,-0.028849463483178295
2019-03-14,175.65199279785156,0,0.0
2019-03-18,177.39100646972656,2808,0.009900335567933677
2019-03-19,177.39100646972656,460,0.0
2019-03-20,177.39100646972656,0,0.0
2019-03-21,178.26100158691406,6751,0.004904392474575496
2019-03-22,1.4700000286102295,0,-0.9917536644834035
2019-03-25,177.39100646972656,9424,119.6741517123887
2019-03-26,177.39100646972656,290,0.0
2019-03-27,180.8699951171875,115,0.01961197873948959
2019-03-28,177.39100646972656,13455,-0.019234747284682933
2019-04-01,181.73899841308594,460,0.02451078005525269
2019-04-02,184.34800720214844,4025,0.014355800416222834
2019-04-03,181.73899841308594,8887,-0.014152628111686438
2019-04-04,178.26100158691406,2035,-0.019137317012535297
2019-04-08,178.26100158691406,0,0.0
2019-04-09,179.1300048828125,1725,0.004874892927574743
2019-04-10,180.0,1265,0.004856780513999617
2019-04-11,179.1300048828125,2485,-0.004833306206597222
2019-04-15,180.0,3743,0.004856780513999617
2019-04-16,182.60899353027344,3891,0.014494408501519097
2019-04-17,182.60899353027344,2530,0.0
2019-04-18,185.2169952392578,1300,0.014281890823476955
2019-04-22,185.2169952392578,11141,0.0
2019-04-23,182.60899353027344,920,-0.01408079051069496
2019-04-24,188.6959991455078,3280,0.03333354780374086
2019-04-25,193.04299926757812,13137,0.023037055060813667
2019-04-29,202.60899353027344,10316,0.04955369683950998
2019-04-30,200.0,14789,-0.012876987762557572
2019-05-01,200.0,0,0.0
2019-05-02,200.0,7404,0.0
2019-05-06,198.26100158691406,3693,-0.008694992065429688
2019-05-07,208.6959991455078,34635,0.05263262807647642
2019-05-08,205.2169952392578,10313,-0.01667019933537085
2019-05-09,202.60899353027344,4552,-0.012708507431091491
2019-05-13,215.65199279785156,24373,0.06437522362811238
2019-05-14,213.04299926757812,38014,-0.012098165643751147
2019-05-15,210.43499755859375,13013,-0.012241668198206187
2019-05-16,207.8260040283203,9561,-0.012398097087187155
2019-05-17,1.5,0,-0.9927824238982356
2019-05-20,206.08700561523438,13710,136.3913370768229
2019-05-21,205.2169952392578,4471,-0.004221568329256416
2019-05-22,208.6959991455078,24276,0.0169528059905268
2019-05-23,213.04299926757812,66424,0.020829340954636514
2019-05-24,1.5299999713897705,0,-0.9928183513344735
2019-05-28,210.43499755859375,3550,136.53921666249823
2019-05-29,209.56500244140625,14033,-0.004134270094237807
2019-05-30,208.6959991455078,25481,-0.004146700478489524
2019-05-31,1.5,2935,-0.992812511949718
2019-06-03,206.08700561523438,6224,136.3913370768229
2019-06-04,207.8260040283203,12556,0.008438175943672343
2019-06-05,207.8260040283203,0,0.0
2019-06-06,207.8260040283203,23734,0.0
2019-06-10,204.34800720214844,9354,-0.016735137849727078
2019-06-11,202.60899353027344,9717,-0.008510059362383235
2019-06-12,202.60899353027344,18147,0.0
2019-06-13,202.60899353027344,5610,0.0
2019-06-17,202.60899353027344,5106,0.0
2019-06-18,201.73899841308594,5002,-0.004293961003549959
2019-06-19,200.8699951171875,6440,-0.004307562259821694
2019-06-20,200.8699951171875,8303,0.0
2019-06-24,203.47799682617188,23575,0.012983530504209289
2019-06-25,200.8699951171875,10193,-0.012817119048072558
2019-06-26,201.73899841308594,433,0.004326197625441576
2019-06-27,203.47799682617188,3251,0.00862004087838842
2019-07-01,201.73899841308594,5671,-0.008546370812621756
2019-07-02,203.47799682617188,1265,0.00862004087838842
2019-07-03,203.47799682617188,6302,0.0
2019-07-08,201.73899841308594,8953,-0.008546370812621756
2019-07-09,200.0,4597,-0.00862004087838842
2019-07-10,200.8699951171875,5699,0.0043499755859375
2019-07-11,198.26100158691406,25454,-0.012988468132093853
2019-07-15,202.60899353027344,1846,0.02193064651422783
2019-07-16,212.1739959716797,115,0.04720917011009714
2019-07-17,205.2169952392578,5454,-0.03278912998061494
2019-07-18,202.60899353027344,2679,-0.012708507431091491
2019-07-22,203.47799682617188,1498,0.0042890657554576555
2019-07-23,202.60899353027344,5171,-0.0042707482354508025
2019-07-24,206.08700561523438,18735,0.01716612882952434
2019-07-25,204.34800720214844,4503,-0.008438175943672343
2019-07-29,203.47799682617188,2656,-0.004257493811113689
2019-07-30,204.34800720214844,1265,0.004275697567043571
2019-07-31,205.2169952392578,5359,0.004252490880665847
2019-08-01,203.47799682617188,3953,-0.008473949299659509
2019-08-05,203.47799682617188,943,0.0
2019-08-06,200.8699951171875,6584,-0.012817119048072558
2019-08-07,201.73899841308594,27644,0.004326197625441576
2019-08-08,200.0,4366,-0.00862004087838842
2019-08-12,203.47799682617188,5061,0.017389984130859376
2019-08-13,201.73899841308594,1380,-0.008546370812621756
2019-08-14,200.0,2250,-0.00862004087838842
2019-08-15,201.73899841308594,2042,0.008694992065429688
2019-08-19,200.0,83488,-0.00862004087838842
2019-08-20,200.8699951171875,218218,0.0043499755859375
2019-08-21,198.26100158691406,207585,-0.012988468132093853
2019-08-22,199.1300048828125,2739,0.004383127740416877
2019-08-26,198.26100158691406,1955,-0.004363999771957238
2019-08-27,198.26100158691406,1102,0.0
2019-08-28,198.26100158691406,7693,0.0
2019-08-29,198.26100158691406,2579,0.0
2019-09-03,195.65199279785156,8887,-0.013159465392485458
2019-09-04,196.52200317382812,3070,0.004446723815767421
2019-09-05,193.04299926757812,1610,-0.01770287219784109
2019-09-09,189.56500244140625,5268,-0.018016694929977758
2019-09-10,194.7830047607422,2645,0.02752619023624258
2019-09-11,190.43499755859375,240189,-0.022322313014368093
2019-09-12,188.6959991455078,7705,-0.009131716519443207
2019-09-16,184.34800720214844,18449,-0.023042311246920178
2019-09-17,188.6959991455078,2482,0.023585782180935353
2019-09-18,193.04299926757812,4729,0.023037055060813667
2019-09-19,189.56500244140625,5416,-0.018016694929977758
2019-09-23,182.60899353027344,4696,-0.036694584029469714
2019-09-24,186.08700561523438,1575,0.01904622558682655
2019-09-25,185.2169952392578,1966,-0.00467528817017698
2019-09-26,186.08700561523438,977,0.004697249163624045
2019-09-30,188.6959991455078,1873,0.014020288636746418
2019-10-01,188.6959991455078,6258,0.0
2019-10-02,183.47799682617188,1860,-0.027652956835148457
2019-10-03,185.2169952392578,179979,0.00947796707598391
2019-10-07,185.2169952392578,0,0.0
2019-10-10,184.34800720214844,3105,-0.004691729481880656
2019-10-14,180.0,8593,-0.023585864952587157
2019-10-15,180.0,11386,0.0
2019-10-16,179.1300048828125,1883,-0.004833306206597222
2019-10-17,180.0,6210,0.004856780513999617
2019-10-21,180.8699951171875,14793,0.004833306206597222
2019-10-22,179.1300048828125,4485,-0.00962011544948427
2019-10-23,180.0,22212,0.004856780513999617
2019-10-24,180.0,25165,0.0
2019-10-28,180.0,0,0.0
2019-10-31,180.8699951171875,575,0.004833306206597222
2019-11-04,180.8699951171875,805,0.0
2019-11-05,180.0,1515,-0.004810057724742135
2019-11-06,180.0,1725,0.0
2019-11-07,179.1300048828125,7269,-0.004833306206597222
2019-11-11,181.73899841308594,3852,0.014564804662291226
2019-11-12,180.0,1518,-0.009568658506267648
2019-11-13,180.0,4090,0.0
2019-11-14,180.0,575,0.0
2019-11-18,177.39100646972656,2964,-0.014494408501519097
2019-11-19,184.34800720214844,70886,0.03921845233799467
2019-11-20,183.47799682617188,12356,-0.004719391270785721
2019-11-21,181.73899841308594,5428,-0.00947796707598391
2019-11-25,181.73899841308594,3531,0.0
2019-11-26,180.8699951171875,6553,-0.004781600556217579
2019-11-27,181.73899841308594,7534,0.0048045741104565266
2019-12-02,180.0,5786,-0.009568658506267648
2019-12-03,180.8699951171875,1955,0.004833306206597222
2019-12-04,180.0,8252,-0.004810057724742135
2019-12-05,180.0,8761,0.0
2019-12-09,182.60899353027344,13176,0.014494408501519097
2019-12-10,187.8260040283203,70584,0.028569296600290305
2019-12-11,191.0,6770,0.016898597125034477
2019-12-12,191.0,3550,0.0
2019-12-16,185.0,6234,-0.031413612565445025
2019-12-17,183.0,4700,-0.010810810810810811
2019-12-18,177.0,12782,-0.03278688524590164
2019-12-19,180.0,3495,0.01694915254237288
2019-12-23,188.0,10874,0.044444444444444446
2019-12-24,185.0,6265,-0.015957446808510637
2019-12-26,182.0,600,-0.016216216216216217
2019-12-30,183.0,3080,0.005494505494505495
2019-12-31,186.0,8494,0.01639344262295082
