Date,Adj Close,Volume,LogReturn
2019-01-02,27.799999237060547,0,
2019-01-03,28.399999618530273,111088,0.02158274812719628
2019-01-04,29.649999618530273,77802,0.04401408509824088
2019-01-07,29.649999618530273,0,0.0
2019-01-08,29.0,117771,-0.0219224157468132
2019-01-09,28.700000762939453,34300,-0.010344801277949893
2019-01-10,28.149999618530273,30995,-0.01916380243165013
2019-01-11,28.0,91735,-0.005328583323728833
2019-01-14,27.350000381469727,69901,-0.02321427209036691
2019-01-15,28.799999237060547,245995,0.053016410799512415
2019-01-16,28.450000762939453,73931,-0.012152725117808584
2019-01-17,28.399999618530273,115213,-0.0017575094224360776
2019-01-18,28.25,70077,-0.0052816767797561
2019-01-22,28.399999618530273,50511,0.0053097210099211836
2019-01-23,28.149999618530273,29295,-0.008802817019648176
2019-01-24,28.149999618530273,0,0.0
2019-01-25,28.100000381469727,196201,-0.0017761718557052458
2019-01-28,28.049999237060547,29646,-0.001779400132754178
2019-01-29,27.799999237060547,30069,-0.00891265621389722
2019-01-30,28.25,81401,0.016187078247813444
2019-01-31,28.0,260330,-0.008849557522123894
2019-02-01,28.200000762939453,55569,0.007142884390694755
2019-02-04,28.649999618530273,48330,0.015957405794903755
2019-02-05,29.75,115100,0.038394429183805895
2019-02-06,29.850000381469727,211509,0.0033613573603269433
2019-02-07,30.5,63215,0.021775531330772778
2019-02-08,30.450000762939453,116709,-0.0016393192478867827
2019-02-11,30.399999618530273,43084,-0.0016420736668760888
2019-02-12,30.899999618530273,40861,0.01644736862743991
2019-02-13,31.5,296074,0.019417488313168627
2019-02-14,31.5,103999,0.0
2019-02-15,31.200000762939453,89530,-0.009523785303509424
2019-02-19,32.150001525878906,33903,0.030448741657336756
2019-02-20,32.0,74095,-0.0046656770998335295
2019-02-21,32.0,194384,0.0
2019-02-22,31.5,67728,-0.015625
2019-02-25,30.799999237060547,46117,-0.022222246442522322
2019-02-26,30.75,164510,-0.0016233518928268208
2019-02-27,30.700000762939453,7046,-0.0016259914491234756
2019-02-28,30.299999237060547,108500,-0.013029365340009426
2019-03-01,30.350000381469727,168412,0.0016502028273328228
2019-03-04,30.600000381469727,194945,0.008237232186416648
2019-03-05,30.600000381469727,203347,0.0
2019-03-06,31.149999618530273,168965,0.017973831052420734
2019-03-07,31.0,204802,-0.00481539712254259
2019-03-08,30.950000762939453,41118,-0.0016128786148563508
2019-03-11,31.25,7383,0.00969302842214388
2019-03-12,31.0,56803,-0.008
2019-03-13,30.899999618530273,7100,-0.0032258187570879536
2019-03-14,30.549999237060547,139067,-0.011326873326556176
2019-03-15,30.149999618530273,83605,-0.013093277529284826
2019-03-18,30.5,26248,0.01160863634819469
2019-03-19,30.600000381469727,231471,0.0032787010317943135
2019-03-20,31.100000381469727,58598,0.016339869077347538
2019-03-21,31.25,73225,0.004823138800334148
2019-03-22,31.899999618530273,83716,0.02079998779296875
2019-03-25,32.0,92155,0.0031348082340301254
2019-03-26,32.29999923706055,83682,0.00937497615814209
2019-03-27,32.70000076293945,106608,0.012383948462139601
2019-03-28,32.650001525878906,30593,-0.0015290286206113338
2019-03-29,32.349998474121094,164161,-0.009188454448310679
2019-04-01,32.599998474121094,72222,0.007727975634990882
2019-04-02,32.70000076293945,66435,0.0030675550153091064
2019-04-03,32.599998474121094,61887,-0.0030581738986286806
2019-04-04,32.70000076293945,18436,0.0030675550153091064
2019-04-05,32.79999923706055,56077,0.0030580572412226676
2019-04-08,33.099998474121094,47717,0.009146318415812014
2019-04-09,33.400001525878906,31835,0.009063536724703081
2019-04-10,33.20000076293945,80756,-0.005988046521030517
2019-04-11,33.29999923706055,151884,0.0030120021633469416
2019-04-12,33.400001525878906,155310,0.003003071805090731
2019-04-15,33.20000076293945,91538,-0.005988046521030517
2019-04-16,33.20000076293945,69377,0.0
2019-04-17,33.150001525878906,17024,-0.0015060010816734708
2019-04-18,33.349998474121094,9901,0.006033090167011236
2019-04-22,33.900001525878906,137605,0.01649184638447895
2019-04-23,33.95000076293945,123872,0.001474903681711577
2019-04-24,33.79999923706055,13520,-0.004418306995817542
2019-04-25,34.25,65229,0.013313632340146405
2019-04-26,34.25,0,0.0
2019-04-30,32.849998474121094,173240,-0.04087595695996807
2019-05-01,32.849998474121094,0,0.0
2019-05-02,33.75,95497,0.027397307996465163
2019-05-03,33.79999923706055,38540,0.0014814588758680556
2019-05-06,33.599998474121094,27973,-0.005917182469050446
2019-05-07,33.849998474121094,125498,0.007440476528371018
2019-05-08,33.75,92459,-0.0029541648043956135
2019-05-09,33.95000076293945,54255,0.005925948531539352
2019-05-10,34.04999923706055,41915,0.002945463089068741
2019-05-13,33.79999923706055,76480,-0.007342144070531905
2019-05-14,33.79999923706055,263474,0.0
2019-05-15,34.0,64633,0.005917182469050446
2019-05-16,33.95000076293945,131378,-0.0014705657958984375
2019-05-17,33.900001525878906,243544,-0.0014727315445343704
2019-05-20,33.900001525878906,18470,0.0
2019-05-21,33.70000076293945,39577,-0.005899727254784181
2019-05-22,33.95000076293945,15317,0.007418397458166525
2019-05-23,33.900001525878906,112772,-0.0014727315445343704
2019-05-24,34.099998474121094,256011,0.005899614726846308
2019-05-28,35.099998474121094,450750,0.029325514508715074
2019-05-29,34.849998474121094,360610,-0.0071225074321391415
2019-05-30,31.600000381469727,534532,-0.0932567642740286
2019-05-31,31.600000381469727,244831,0.0
2019-06-03,31.600000381469727,96124,0.0
2019-06-04,31.5,69585,-0.003164568995649978
2019-06-05,31.600000381469727,23401,0.003174615284753224
2019-06-06,31.799999237060547,81867,0.0063290776321667346
2019-06-07,32.20000076293945,74470,0.012578664637599553
