Date,Adj Close,Volume,LogReturn
2019-01-02,13.435544967651367,2376100,
2019-01-03,11.802550315856934,4616000,-0.12154286675577203
2019-01-04,12.320806503295898,3107300,0.04391052557028107
2019-01-07,12.799948692321777,2366900,0.038888865667820134
2019-01-08,12.83906364440918,2567300,0.003055867881006896
2019-01-09,13.582223892211914,3720300,0.05788274506500685
2019-01-10,13.787568092346191,2134400,0.015118599263558179
2019-01-11,13.748456001281738,2058700,-0.002836765033723763
2019-01-14,13.513772010803223,2839100,-0.017069843366894183
2019-01-15,13.660449981689453,2251700,0.010853962222314592
2019-01-16,13.826683044433594,3095100,0.01216893023047999
2019-01-17,13.81690502166748,1992700,-0.0007071849940213796
2019-01-18,14.227599143981934,2499000,0.029724031660520806
2019-01-22,13.728899002075195,3044500,-0.035051601950542806
2019-01-23,13.787568092346191,2726400,0.004273400966976882
2019-01-24,15.273887634277344,5947500,0.10780142893772861
2019-01-25,16.065942764282227,5448600,0.05185681268384933
2019-01-28,15.6748046875,3104700,-0.0243457905036114
2019-01-29,15.401007652282715,1795000,-0.01746733312955579
2019-01-30,15.811701774597168,2924700,0.02666670464601585
2019-01-31,15.489013671875,2184700,-0.02040818295982496
2019-02-01,15.577020645141602,1354700,0.005681896544930095
2019-02-04,15.655248641967773,1930600,0.005022012784618785
2019-02-05,15.391228675842285,3588000,-0.016864629375334055
2019-02-06,15.997493743896484,4793800,0.03939029695567962
2019-02-07,15.401007652282715,2637400,-0.037286221277088895
2019-02-08,15.195661544799805,2581000,-0.013333290400155996
2019-02-11,15.371673583984375,1978600,0.011583045507143742
2019-02-12,16.18328094482422,3091200,0.05279889378378754
2019-02-13,16.065942764282227,1786200,-0.0072505804565865615
2019-02-14,16.08549690246582,1714100,0.0012171173811888882
2019-02-15,16.173507690429688,1967700,0.005471437313843603
2019-02-19,16.00727081298828,1626000,-0.010278344105884539
2019-02-20,16.18328094482422,1259100,0.0109956365386861
2019-02-21,16.173507690429688,1501300,-0.0006039105684349476
2019-02-22,16.437519073486328,1711200,0.016323693543167723
2019-02-25,16.789541244506836,3025300,0.021415772626437197
2019-02-26,16.681982040405273,2081100,-0.00640632180088622
2019-02-27,16.310400009155273,3310100,-0.02227445338029945
2019-02-28,15.997493743896484,1409100,-0.019184462985772886
2019-03-01,16.388628005981445,2695900,0.02444972120924818
2019-03-04,16.408184051513672,1507800,0.0011932692306573247
2019-03-05,16.241952896118164,1705400,-0.010130990417563778
2019-03-06,15.616135597229004,2324300,-0.038530914532988875
2019-03-07,15.195661544799805,4226600,-0.026925614843137633
2019-03-08,15.29344654083252,2615600,0.0064350601482156865
2019-03-11,15.537906646728516,2742300,0.015984631406877666
2019-03-12,15.4401216506958,2613700,-0.006293318543865968
2019-03-13,15.332560539245605,1864300,-0.006966338341339955
2019-03-14,15.215219497680664,2571700,-0.00765306233519133
2019-03-15,16.095272064208984,3657800,0.05784028069147943
2019-03-18,15.840106010437012,4470300,-0.015853478757863606
2019-03-19,15.948062896728516,3183200,0.006815414380457514
2019-03-20,15.957876205444336,5459900,0.0006153291957378317
2019-03-21,16.654680252075195,4493000,0.04366521194049189
2019-03-22,15.977507591247559,3551400,-0.04065960142004288
2019-03-25,15.457352638244629,3595400,-0.032555450218522776
2019-03-26,15.63400936126709,2495500,0.011428653221339877
2019-03-27,14.534820556640625,7033300,-0.0703075442278857
2019-03-28,14.063737869262695,3934900,-0.0324106297385765
2019-03-29,14.574077606201172,2088300,0.03628763147341224
2019-04-01,15.231627464294434,4236400,0.045117768400895486
2019-04-02,15.53586483001709,2631800,0.01997405506639663
2019-04-03,16.252300262451172,4829300,0.04611493729334242
2019-04-04,16.63505744934082,5475700,0.023550954677717787
2019-04-05,17.076690673828125,3858400,0.02654834381138881
2019-04-08,17.292604446411133,4210900,0.012643771366891304
2019-04-09,17.115951538085938,3381500,-0.010215517788117651
2019-04-10,17.194467544555664,2255500,0.004587300115626931
2019-04-11,17.214096069335938,2325900,0.001141560489117238
2019-04-12,17.83238983154297,3583700,0.03591787565938006
2019-04-15,17.54777717590332,3385500,-0.0159604325796091
2019-04-16,18.028671264648438,3297300,0.027404843583578375
2019-04-17,18.29365348815918,4748200,0.01469782324060305
2019-04-18,18.234771728515625,2960300,-0.003218698751546088
2019-04-22,18.06792640686035,2073000,-0.009149844272213176
2019-04-23,17.842199325561523,5080400,-0.012493247770431478
2019-04-24,18.26421356201172,4586800,0.023652590622367898
2019-04-25,18.097370147705078,4375000,-0.009134990331785388
2019-04-26,17.891273498535156,3026000,-0.01138820986076018
2019-04-29,17.636104583740234,2323200,-0.01426219965928159
2019-04-30,18.009044647216797,2839100,0.0211463966833355
2019-05-01,17.989416122436523,2404700,-0.0010899259324845376
2019-05-02,18.038484573364258,3057900,0.002727628878768103
2019-05-03,18.1071834564209,2319300,0.003808462001186166
2019-05-06,17.214096069335938,3103900,-0.04932226976295795
2019-05-07,16.841156005859375,5050200,-0.02166480667787683
2019-05-08,16.88041114807129,2507300,0.002330905443679544
2019-05-09,16.527099609375,5774400,-0.02093026855786374
2019-05-10,16.536914825439453,5106000,0.000593886180663269
2019-05-13,15.418098449707031,14099400,-0.06765568956135024
2019-05-14,16.605613708496094,6349000,0.07702086367282389
2019-05-15,17.02762222290039,5311400,0.02541360541154709
2019-05-16,17.086511611938477,4436700,0.0034584622719011113
2019-05-17,16.674312591552734,5338500,-0.024124234937325392
2019-05-20,15.27088451385498,6575100,-0.0841670725549871
2019-05-21,16.056020736694336,5340800,0.05141393231852526
2019-05-22,15.761591911315918,3851000,-0.018337596233015074
2019-05-23,15.162927627563477,4593700,-0.03798247582610198
2019-05-24,14.956830978393555,3816300,-0.013592140926352192
2019-05-28,14.819430351257324,3162800,-0.00918647989903193
2019-05-29,14.878315925598145,4005500,0.003973538317269009
2019-05-30,14.829245567321777,3609000,-0.003298112402085886
2019-05-31,14.760544776916504,3161400,-0.004632790663111332
2019-06-03,14.878315925598145,3603700,0.007978780625076846
2019-06-04,15.683079719543457,2995300,0.054089710016220066
2019-06-05,15.329767227172852,3623600,-0.02252825967149331
2019-06-06,15.339583396911621,1713600,0.0006403339067908242
2019-06-07,16.213045120239258,7119500,0.05694168483764
2019-06-10,16.036388397216797,4422300,-0.010895961968423486
2019-06-11,16.370071411132812,2516900,0.020807865564912868
2019-06-12,15.987320899963379,2216800,-0.023381114324836482
2019-06-13,16.23267936706543,1856700,0.015347065880351023
2019-06-14,15.51623821258545,2218800,-0.04413573004673349
2019-06-17,15.358614921569824,3021200,-0.010158602159624905
2019-06-18,15.87089729309082,5457300,0.03335472463741119
2019-06-19,16.333919525146484,3372500,0.029174294528213886
2019-06-20,16.89546012878418,4790200,0.03437880312641368
2019-06-21,16.72797966003418,2640600,-0.009912749784462492
2019-06-24,16.767391204833984,1923200,0.002356025389842216
2019-06-25,16.343772888183594,3223600,-0.025264414211810294
2019-06-26,16.865907669067383,2805200,0.03194701642368562
2019-06-27,17.250118255615234,1506900,0.02278030889808001
2019-06-28,17.358484268188477,5006300,0.006282044619489321
2019-07-01,18.077651977539062,6502200,0.04143032872222305
2019-07-02,17.752548217773438,5023200,-0.017983738162984698
2019-07-03,17.742694854736328,2662900,-0.0005550393620249073
2019-07-05,17.427444458007812,2548500,-0.017767898242603268
2019-07-08,17.240262985229492,1770700,-0.01074061508153661
2019-07-09,17.210710525512695,2151400,-0.0017141536496349155
2019-07-10,17.397890090942383,2181100,0.010875760483695169
2019-07-11,17.388038635253906,3601800,-0.0005662442765749731
2019-07-12,17.594921112060547,1120200,0.011897976600258438
2019-07-15,17.535816192626953,1356000,-0.0033592034347388984
2019-07-16,17.40774154663086,1279300,-0.0073036033560812275
2019-07-17,17.51611328125,2197800,0.006225490786891604
2019-07-18,17.811656951904297,2994900,0.016872674086360215
2019-07-19,17.920024871826172,1812100,0.006084101002758705
2019-07-22,18.294384002685547,2310200,0.020890547504090896
2019-07-23,18.74755859375,2345200,0.0247712407806641
2019-07-24,19.16132164001465,5203800,0.022070236196119287
2019-07-25,18.73770523071289,5002300,-0.0221078909513798
2019-07-26,18.86577606201172,2827300,0.006834926140737223
2019-07-29,18.81652069091797,3092900,-0.0026108319600448887
2019-07-30,18.373197555541992,1884800,-0.02356031397398309
2019-07-31,17.97913360595703,2915400,-0.02144776097865979
2019-08-01,17.703289031982422,2972700,-0.015342484238685101
2019-08-02,17.28952407836914,3439500,-0.02337220800416134
2019-08-05,16.570356369018555,2463800,-0.041595575800165256
2019-08-06,16.688575744628906,1912300,0.007134389446891152
2019-08-07,16.806795120239258,1460400,0.007083850498650227
2019-08-08,17.299373626708984,1713600,0.029308294826331786
2019-08-09,17.466848373413086,2633800,0.00968097171134177
2019-08-12,17.299373626708984,1112600,-0.009588149111033726
2019-08-13,17.841211318969727,2129300,0.031321231852243704
2019-08-14,16.905309677124023,1685300,-0.05245729256345967
2019-08-15,17.023534774780273,1860100,0.006993370716907374
2019-08-16,17.240262985229492,2048400,0.012731093354964883
2019-08-19,17.732845306396484,1474800,0.028571624550565708
2019-08-20,17.703289031982422,1184300,-0.0016667530733717696
2019-08-21,17.910171508789062,1036200,0.01168610400208067
2019-08-22,17.77225112915039,1160600,-0.007700673305724079
2019-08-23,16.865907669067383,4421300,-0.05099767347966436
2019-08-26,17.181156158447266,3236500,0.018691463013168198
2019-08-27,17.191009521484375,1775500,0.0005734982527508711
2019-08-28,17.0136775970459,2388200,-0.010315387483024595
2019-08-29,17.417593002319336,2337800,0.02374062885402094
2019-08-30,17.437299728393555,1465800,0.0011314264876664986
2019-09-03,17.082637786865234,2042200,-0.02033926967205915
2019-09-04,17.811656951904297,2702000,0.04267603013860085
2019-09-05,18.668745040893555,2679200,0.04811950349726582
2019-09-06,18.915035247802734,1989000,0.013192649338222005
2019-09-09,19.151473999023438,1615600,0.012500042856022119
2019-09-10,19.17117691040039,1938600,0.001028793469262878
2019-09-11,19.634199142456055,1735900,0.024151998295131993
2019-09-12,19.70315933227539,1985800,0.003512248669731566
2019-09-13,19.80167579650879,1861600,0.005000033881470998
2019-09-16,19.633699417114258,1184300,-0.008482937561483911
2019-09-17,19.525007247924805,875800,-0.005536000469412738
2019-09-18,19.692983627319336,1927600,0.00860314043736831
2019-09-19,19.594173431396484,1382000,-0.005017533035764875
2019-09-20,19.05071258544922,2017400,-0.027735839322339455
2019-09-23,19.139646530151367,1720700,0.004668273919059357
2019-09-24,18.932138442993164,1823700,-0.010841793072369871
2019-09-25,19.11988067626953,1399900,0.009916588865102617
2019-09-26,19.06059455871582,1297600,-0.003100757716929341
2019-09-27,18.823448181152344,2449400,-0.012441709351350578
2019-09-30,19.110000610351562,1301500,0.015223163494887174
2019-10-01,18.89261817932129,1966800,-0.01137532308149279
2019-10-02,18.774044036865234,2300200,-0.006276215468422409
2019-10-03,18.951904296875,1779800,0.009473731906695983
2019-10-04,19.495363235473633,3340200,0.028675690320378217
2019-10-07,19.455839157104492,2444300,-0.0020273578846288372
2019-10-08,18.714759826660156,1952200,-0.03809032982130321
2019-10-09,19.189044952392578,1805000,0.02534283795920148
2019-10-10,19.40643310546875,1894800,0.011328763553136964
2019-10-11,20.799663543701172,3872100,0.07179219543646113
2019-10-14,20.770021438598633,1443100,-0.0014251242593544583
2019-10-15,21.273958206176758,1738800,0.024262698479531563
2019-10-16,21.03681182861328,1911200,-0.011147261608073604
2019-10-17,20.918235778808594,2035100,-0.005636597920384777
2019-10-18,20.858949661254883,1758300,-0.002834183445516532
2019-10-21,21.155380249023438,2254200,0.014211194359377025
2019-10-22,20.809545516967773,2099700,-0.01634736544485549
2019-10-23,20.256208419799805,4528000,-0.026590542148880014
2019-10-24,22.173131942749023,4529800,0.09463387635148375
2019-10-25,22.11384391784668,2430800,-0.002673867862033442
2019-10-28,22.637544631958008,2890900,0.02368202995629731
2019-10-29,22.81540298461914,3255700,0.007856786394141243
2019-10-30,22.72647476196289,2509900,-0.0038977274570254315
2019-10-31,22.410280227661133,2577600,-0.013913048002982405
2019-11-01,22.973501205444336,1856400,0.025132259483663946
2019-11-04,23.19088363647461,1972300,0.009462311777656138
2019-11-05,23.171123504638672,2088800,-0.0008520646365047848
2019-11-06,23.121715545654297,1823500,-0.002132307437508756
2019-11-07,23.368743896484375,1871700,0.010683824491410062
2019-11-08,23.58612823486328,2021000,0.009302354432991575
2019-11-11,23.49720001220703,1011200,-0.00377036119581521
2019-11-12,23.823274612426758,1981700,0.013877168345604053
2019-11-13,23.744224548339844,2481200,-0.0033181863271508345
2019-11-14,23.744224548339844,1438300,0.0
2019-11-15,23.90232276916504,1221000,0.0066583863584734025
2019-11-18,23.97148895263672,1609600,0.002893701341900832
2019-11-19,23.843034744262695,1713500,-0.005358624515474424
2019-11-20,23.724464416503906,1863600,-0.0049729545349641545
2019-11-21,23.408267974853516,2392000,-0.01332786427121317
2019-11-22,23.58612823486328,1797300,0.007598181129882534
2019-11-25,24.17898941040039,1166600,0.025136010863401715
2019-11-26,24.544593811035156,2677600,0.01512074778764343
2019-11-27,24.593996047973633,973800,0.002012754308293564
2019-11-29,24.080181121826172,1017400,-0.020891884553661037
2019-12-02,23.98137092590332,1770200,-0.004103382587653813
2019-12-03,24.01101303100586,2203800,0.0012360471465174385
2019-12-04,24.35685157775879,1219200,0.01440333010133067
2019-12-05,24.574235916137695,1401400,0.008924976928356724
2019-12-06,25.167097091674805,2131500,0.024125314722309735
2019-12-09,25.088050842285156,1280600,-0.0031408568537607258
2019-12-10,25.512937545776367,1519100,0.01693581961238205
2019-12-11,26.105802536010742,1435900,0.023237817643328298
2019-12-12,26.827119827270508,3519700,0.02763053502242536
2019-12-13,27.014860153198242,3825700,0.006998154372758687
2019-12-16,26.757389068603516,1672000,-0.009530720615788382
2019-12-17,27.00495719909668,1446900,0.009252327641475851
2019-12-18,26.34147071838379,2061700,-0.024569062480687225
2019-12-19,26.549428939819336,1793800,0.007894708069220002
2019-12-20,26.59894371032715,2075300,0.0018650032217284083
2019-12-23,26.806900024414062,1994700,0.007818217007097698
2019-12-24,26.9554443359375,590900,0.005541271515473723
2019-12-26,26.995054244995117,871500,0.0014694585837269438
2019-12-27,26.82670783996582,1082700,-0.006236194359954224
2019-12-30,26.668264389038086,1154000,-0.005906183191501751
2019-12-31,26.648456573486328,818300,-0.0007427485817149675
