Date,Adj Close,Volume,LogReturn
2019-01-02,8.45098876953125,3973200,
2019-01-03,9.03059196472168,7261800,0.06858406879915645
2019-01-04,9.413878440856934,2638100,0.04244311753122894
2019-01-07,9.189516067504883,3405800,-0.023833149616453657
2019-01-08,9.282999992370605,2799500,0.010172888776623598
2019-01-09,9.488664627075195,2438700,0.022154975209912626
2019-01-10,9.544755935668945,2706100,0.0059114017407357455
2019-01-11,9.89999771118164,3966300,0.037218528991940975
2019-01-14,10.376768112182617,5957900,0.048158637497712146
2019-01-15,10.386115074157715,3755400,0.0009007584899313748
2019-01-16,10.124360084533691,1948800,-0.025202396445164657
2019-01-17,10.171102523803711,1968400,0.004616829002499114
2019-01-18,10.124360084533691,2791500,-0.00459561184843304
2019-01-22,10.077616691589355,1518300,-0.004616923198508387
2019-01-23,10.358071327209473,3357300,0.02782946049676417
2019-01-24,10.58243179321289,3240300,0.02166044806179782
2019-01-25,10.58243179321289,1761500,0.0
2019-01-28,10.760053634643555,2200400,0.016784595913444295
2019-01-29,11.049854278564453,7026500,0.02693301109465135
2019-01-30,10.881584167480469,2431200,-0.015228265173633156
2019-01-31,11.077899932861328,1673000,0.018041101585883748
2019-02-01,11.255520820617676,1817900,0.016033805038214465
2019-02-04,11.00311279296875,1787100,-0.02242526415895113
2019-02-05,10.825490951538086,2651600,-0.016142872001109417
2019-02-06,10.414161682128906,1792900,-0.03799636166623353
2019-02-07,9.909345626831055,4463500,-0.04847399826374262
2019-02-08,10.414161682128906,5647800,0.050943430001168355
2019-02-11,9.544755935668945,5978900,-0.08348302753469768
2019-02-12,9.572800636291504,7291700,0.0029382312980633673
2019-02-13,9.469968795776367,2680000,-0.010742085249878734
2019-02-14,9.93739128112793,4754800,0.049358397628515335
2019-02-15,9.965435028076172,2146400,0.0028220431454178507
2019-02-19,9.806511878967285,1659900,-0.0159474371827365
2019-02-20,9.684982299804688,1798400,-0.012392742767512543
2019-02-21,9.834558486938477,1949800,0.015444136344658627
2019-02-22,10.021526336669922,1273800,0.01901131097850117
2019-02-25,9.862603187561035,1192300,-0.01585817806289333
2019-02-26,9.956087112426758,2732500,0.009478625783467285
2019-02-27,10.030874252319336,1394400,0.007511700033161828
2019-02-28,9.722375869750977,3830700,-0.030754884849346853
2019-03-01,9.647589683532715,1139100,-0.007692171874463567
2019-03-04,9.769118309020996,2086300,0.0125967862932351
2019-03-05,9.98413372039795,1973000,0.022009704926841112
2019-03-06,9.479317665100098,2366800,-0.050561828340349044
2019-03-07,9.273651123046875,2872100,-0.021696344538639417
2019-03-08,9.479317665100098,1357200,0.02217751555717901
2019-03-11,9.928041458129883,2654100,0.04733714059207518
2019-03-12,10.442206382751465,2234200,0.051789159703855
2019-03-13,10.470251083374023,1956700,0.002685706410561191
2019-03-14,10.432857513427734,1747200,-0.0035714110051923453
2019-03-15,10.629175186157227,1806900,0.018817248532036326
2019-03-18,10.769401550292969,1772400,0.013192591304578763
2019-03-19,10.69461441040039,820800,-0.006944410006751362
2019-03-20,10.629175186157227,885000,-0.006118895149648889
2019-03-21,10.311327934265137,2585100,-0.02990328471639401
2019-03-22,9.638240814208984,3189000,-0.06527647305440118
2019-03-25,9.787816047668457,1786200,0.015518935077754474
2019-03-26,9.974783897399902,1781000,0.019102100899820514
2019-03-27,9.36713695526123,2102500,-0.06091830644040974
2019-03-28,9.741073608398438,2516500,0.03992005827641694
2019-03-29,9.89064884185791,2166300,0.015355107606466883
2019-04-01,10.077616691589355,2110400,0.018903496901051066
2019-04-02,9.797163963317871,3140200,-0.027829271230919755
2019-04-03,9.82520866394043,2580800,0.002862532537738715
2019-04-04,10.030874252319336,1393300,0.020932439748961366
2019-04-05,9.806511878967285,2598700,-0.02236718033826152
2019-04-08,9.88129997253418,2299800,0.0076263705678364406
2019-04-09,9.731724739074707,2354700,-0.015137201974965675
2019-04-10,9.787816047668457,3906500,0.005763758233782839
2019-04-11,9.703680038452148,1394900,-0.008595994122340552
2019-04-12,9.329741477966309,5281700,-0.03853574716025854
2019-04-15,9.526058197021484,4934700,0.021042032034736376
2019-04-16,9.843905448913574,2171800,0.033366083359796316
2019-04-17,9.675634384155273,3580200,-0.017093933462848536
2019-04-18,9.77846622467041,1416500,0.010627917140351351
2019-04-22,9.909345626831055,1084200,0.013384451012413852
2019-04-23,9.993480682373047,2419900,0.008490475426973076
2019-04-24,9.928041458129883,1172800,-0.006548191398277151
2019-04-25,10.470251083374023,1713800,0.054613956592630415
2019-04-26,11.031158447265625,2637600,0.05357152941463654
2019-04-29,11.339655876159668,3145000,0.027966004691965286
2019-04-30,11.46426773071289,1421700,0.010989033169446072
2019-05-01,11.301314353942871,1188000,-0.014214024009005457
2019-05-02,11.24380111694336,2916100,-0.00508907505784459
2019-05-03,11.368412017822266,1883900,0.011082631183428641
2019-05-06,11.272558212280273,1970900,-0.008431591447576154
2019-05-07,11.435511589050293,3105800,0.014455758284973757
2019-05-08,11.703906059265137,2525100,0.023470263496723334
2019-05-09,11.608049392700195,2281500,-0.008190143194891641
2019-05-10,10.975406646728516,2018500,-0.05450034924640496
2019-05-13,10.237322807312012,2303200,-0.06724888317796476
2019-05-14,10.371520042419434,1627000,0.013108625920398978
2019-05-15,10.141468048095703,1726600,-0.02218112613993124
2019-05-16,9.575922012329102,3454900,-0.05576569714409306
2019-05-17,9.250015258789062,4486700,-0.03403398159680401
2019-05-20,9.499238014221191,3121800,0.026942956142188584
2019-05-21,9.662192344665527,3959300,0.017154463358048197
2019-05-22,10.01685619354248,4639700,0.03670635361267282
2019-05-23,9.767632484436035,2378300,-0.024880431972968842
2019-05-24,9.63343620300293,1129900,-0.013738874967596994
2019-05-28,10.160639762878418,4538700,0.05472642873901513
2019-05-29,10.620743751525879,2147000,0.045282974240306854
2019-05-30,10.668670654296875,2022700,0.004512575003432358
2019-05-31,10.764525413513184,1816900,0.008984695687245954
2019-06-03,10.81245231628418,1685100,0.00445230058269279
2019-06-04,12.029812812805176,5698200,0.1125887505360445
2019-06-05,11.962714195251465,1772600,-0.005577694233304078
2019-06-06,11.943543434143066,2418400,-0.0016025427670927864
2019-06-07,11.818931579589844,1093500,-0.010433407408809192
2019-06-10,11.694319725036621,1213500,-0.010543411112423675
2019-06-11,11.684734344482422,2531000,-0.0008196612355037353
2019-06-12,11.5409517288208,1991000,-0.012305167701952575
2019-06-13,11.85727310180664,1359300,0.027408603763232276
2019-06-14,11.377998352050781,2306500,-0.04042031803103484
2019-06-17,11.493023872375488,2025600,0.010109468885972788
2019-06-18,11.569707870483398,1435400,0.006672221249990354
2019-06-19,11.799760818481445,1865100,0.01988407577558265
2019-06-20,12.029812812805176,734500,0.01949632690549203
2019-06-21,11.771003723144531,1955100,-0.021513974796445238
2019-06-24,11.608049392700195,1011600,-0.013843707323270131
2019-06-25,11.425926208496094,1001200,-0.015689387427885258
2019-06-26,11.32048511505127,782800,-0.009228231612980338
2019-06-27,11.445096969604492,1337800,0.01100764263075119
2019-06-28,11.665563583374023,960200,0.01926297473538574
2019-07-01,11.847687721252441,1874000,0.01561211651514074
2019-07-02,11.86685848236084,1356700,0.0016181014860823712
2019-07-03,11.713491439819336,1272100,-0.012923980071850697
2019-07-05,12.279036521911621,1522900,0.04828151239089546
2019-07-08,12.279036521911621,742800,0.0
2019-07-09,12.259864807128906,928500,-0.0015613370599968017
2019-07-10,12.624114036560059,2325000,0.029710705228931034
2019-07-11,13.237587928771973,2317000,0.04859540166028787
2019-07-12,13.170488357543945,1852700,-0.005068866895470136
2019-07-15,13.026705741882324,924600,-0.010917029935284338
2019-07-16,12.825409889221191,1288300,-0.015452552368166573
2019-07-17,13.055461883544922,2719500,0.01793720405903535
2019-07-18,13.74561882019043,1924900,0.05286346379788985
2019-07-19,13.381369590759277,2493500,-0.026499296553758652
2019-07-22,13.362197875976562,1388300,-0.0014327169317522015
2019-07-23,13.237587928771973,1280900,-0.00932555769351551
2019-07-24,13.304685592651367,1510400,0.005068722809656084
2019-07-25,13.112975120544434,926000,-0.014409244831221104
2019-07-26,13.295100212097168,1162700,0.01388892222234101
2019-07-29,13.122559547424316,1060000,-0.012977763380516484
2019-07-30,13.419711112976074,1244500,0.02264432974968534
2019-07-31,13.333441734313965,2346600,-0.006428557063250933
2019-08-01,13.659348487854004,2237800,0.024442807793677863
2019-08-02,13.707277297973633,1857100,0.0035088650210694577
2019-08-05,12.988364219665527,1724300,-0.05244754758221631
2019-08-06,13.170488357543945,1243700,0.014022099688478553
2019-08-07,13.141731262207031,1468500,-0.0021834494330229023
2019-08-08,13.73603343963623,1683900,0.04522251791423345
2019-08-09,13.90857219696045,1041800,0.012561032126374036
2019-08-12,13.81271743774414,1335200,-0.0068917756516557824
2019-08-13,13.831888198852539,1463800,0.0013879065574752942
2019-08-14,13.160902976989746,1248300,-0.0485100235207552
2019-08-15,12.604942321777344,2270100,-0.04224335185696852
2019-08-16,12.585772514343262,1962400,-0.001520816751454918
2019-08-19,12.29820728302002,966200,-0.022848437074126444
2019-08-20,12.394062042236328,994200,0.007794205855405776
2019-08-21,13.036291122436523,1400900,0.05181748146907891
2019-08-22,12.83499526977539,1801200,-0.01544119034858666
2019-08-23,12.1448392868042,1944200,-0.053771424801099206
2019-08-26,11.895615577697754,2140300,-0.02052095570974214
2019-08-27,11.675149917602539,1394100,-0.018533354466207724
2019-08-28,11.62722110748291,1690400,-0.0041051986876302965
2019-08-29,11.713491439819336,1265400,0.007419686229317935
2019-08-30,11.86685848236084,1038900,0.013093196279645667
2019-09-03,11.521780967712402,1082800,-0.02907909579956383
2019-09-04,11.90520191192627,982400,0.033277923377326074
2019-09-05,12.125667572021484,1058000,0.018518430995643934
2019-09-06,12.116082191467285,1339000,-0.000790503326704777
2019-09-09,11.435511589050293,2942600,-0.05617084728067312
2019-09-10,11.771003723144531,1803500,0.02933774597504479
2019-09-11,12.029812812805176,1218000,0.021987002616587883
2019-09-12,12.154425621032715,1351000,0.010358665605743635
2019-09-13,11.895615577697754,1250600,-0.021293482012601336
2019-09-16,11.809345245361328,1266400,-0.00725227978097812
2019-09-17,11.828516960144043,762500,0.0016234358793300102
2019-09-18,11.636807441711426,959800,-0.01620740106968428
2019-09-19,11.598464965820312,1016000,-0.003294930854804473
2019-09-20,11.387584686279297,2399800,-0.01818174044258976
2019-09-23,11.157532691955566,1181200,-0.020202000745681927
2019-09-24,11.176702499389648,808000,0.001718104527527238
2019-09-25,11.119189262390137,1778400,-0.005145814429851065
2019-09-26,11.157532691955566,3151200,0.0034484015570382994
2019-09-27,11.119189262390137,551900,-0.003436550949393569
2019-09-30,11.387584686279297,1566700,0.02413803898427995
2019-10-01,11.425926208496094,1102000,0.0033669582508566464
2019-10-02,11.262971878051758,825600,-0.014261804904985848
2019-10-03,11.646392822265625,1200000,0.03404260867960104
2019-10-04,11.86685848236084,1165600,0.01892995225729701
2019-10-07,11.31089973449707,837700,-0.04684969899069403
2019-10-08,11.425926208496094,1318400,0.010169524679650783
2019-10-09,11.684734344482422,1144300,0.022650954615292675
2019-10-10,11.512195587158203,1360500,-0.01476616859549676
2019-10-11,11.732662200927734,734100,0.01915070084593252
2019-10-14,11.5409517288208,666200,-0.01633989531308372
2019-10-15,11.435511589050293,811300,-0.009136173709763985
2019-10-16,11.838102340698242,1210400,0.03520531184922562
2019-10-17,11.684734344482422,826300,-0.01295545449785107
2019-10-18,11.838102340698242,1318600,0.01312550133313397
2019-10-21,11.886030197143555,382000,0.004048609740476833
2019-10-22,12.288620948791504,1891800,0.03387091778924638
2019-10-23,12.76789665222168,2612300,0.03900158572938236
2019-10-24,12.595357894897461,958100,-0.01351348323251004
2019-10-25,12.566600799560547,1364900,-0.0022831503143363576
2019-10-28,12.557016372680664,717800,-0.0007626904866921514
2019-10-29,12.68162727355957,1150500,0.009923607422382009
2019-10-30,13.103389739990234,1933000,0.03325775606968148
2019-10-31,12.978777885437012,1746500,-0.00950989454071718
2019-11-01,13.122559547424316,3059700,0.011078212698950382
2019-11-04,13.103389739990234,952800,-0.0014608283822072398
2019-11-05,13.036291122436523,623900,-0.0051207068464835985
2019-11-06,12.710384368896484,873400,-0.024999959764562703
2019-11-07,12.729555130004883,589300,0.00150827548184232
2019-11-08,12.326963424682617,1167400,-0.03162653377990525
2019-11-11,12.279036521911621,1332800,-0.003887973146333082
2019-11-12,11.914787292480469,903900,-0.029664316803778464
2019-11-13,11.732662200927734,1790300,-0.015285635159234038
2019-11-14,11.694319725036621,1137100,-0.0032680115761008982
2019-11-15,12.192767143249512,832100,0.042623036647933765
2019-11-18,11.86685848236084,1256500,-0.026729671538844257
2019-11-19,11.694319725036621,802600,-0.014539547899781916
2019-11-20,11.924371719360352,1292200,0.01967211430274197
2019-11-21,12.183181762695312,1780900,0.02170429180052801
2019-11-22,12.461160659790039,1872400,0.02281660920022494
2019-11-25,12.317378044128418,1110700,-0.01153846094975584
2019-11-26,12.173595428466797,3441400,-0.011673151148442746
2019-11-27,12.279036521911621,1801700,0.008661458651587866
2019-11-29,12.825409889221191,925600,0.04449643637223338
2019-12-02,13.055461883544922,1986100,0.01793720405903535
2019-12-03,12.997949600219727,1253600,-0.004405227776558689
2019-12-04,13.160902976989746,2653200,0.012536852486892614
2019-12-05,13.333441734313965,1140400,0.013109948278312057
2019-12-06,13.5155668258667,1509000,0.013659270815578745
2019-12-09,13.697691917419434,1875700,0.013475209282689882
2019-12-10,13.774374961853027,1197200,0.005598245667657008
2019-12-11,14.301578521728516,2165100,0.03827422742124664
2019-12-12,13.851058959960938,2057800,-0.031501387142901724
2019-12-13,13.544322967529297,1812200,-0.022145309850915954
2019-12-16,13.774374961853027,1491000,0.016985123204404484
2019-12-17,13.649763107299805,1246900,-0.00904664312524704
2019-12-18,13.879815101623535,944600,0.016853918453771564
2019-12-19,14.042769432067871,1026000,0.011740381932413136
2019-12-20,13.879815101623535,2799900,-0.011604144839992581
2019-12-23,14.06194019317627,866400,0.013121579085836024
2019-12-24,14.12903881072998,204700,0.004771647200311048
2019-12-26,14.531630516052246,799300,0.028493920266998377
2019-12-27,14.47411823272705,820900,-0.003957730914068098
2019-12-30,14.445361137390137,762300,-0.0019867942816642293
2019-12-31,14.426189422607422,808300,-0.0013271883340521748
