Date,Adj Close,Volume,LogReturn
2019-01-02,6818.18017578125,3861,
2019-01-03,6772.72998046875,10450,-0.006666030251582808
2019-01-04,7036.35986328125,12760,0.03892520203415135
2019-01-07,7090.91015625,6732,0.0077526297728768645
2019-01-08,6818.18017578125,5445,-0.03846191454398319
2019-01-09,6818.18017578125,17930,0.0
2019-01-10,6818.18017578125,9614,0.0
2019-01-11,6636.35986328125,2211,-0.026666985590354603
2019-01-14,6909.08984375,77,0.04109632179197448
2019-01-15,7000.0,5621,0.0131580509598146
2019-01-16,6900.0,352,-0.014285714285714285
2019-01-17,6890.91015625,11330,-0.0013173686594202898
2019-01-18,6909.08984375,1243,0.0026382128177235295
2019-01-22,7045.4501953125,11,0.019736369716751086
2019-01-23,7045.4501953125,0,0.0
2019-01-24,7045.4501953125,43956,0.0
2019-01-25,6972.72998046875,5544,-0.010321585254002992
2019-01-28,6972.72998046875,0,0.0
2019-01-30,6818.18017578125,3971,-0.022164891673764515
2019-01-31,6772.72998046875,4510,-0.006666030251582808
2019-02-01,6772.72998046875,0,0.0
2019-02-11,6854.5498046875,2200,0.012080774584946193
2019-02-12,6800.0,2695,-0.007958189267250781
2019-02-13,6545.4501953125,2222,-0.0374337948069853
2019-02-14,6800.0,1859,0.03888957934013384
2019-02-15,6790.91015625,5841,-0.0013367417279411765
2019-02-19,6545.4501953125,110,-0.036145370103533386
2019-02-20,6536.35986328125,13750,-0.0013888016500010966
2019-02-21,6518.18017578125,858,-0.0027813168002157403
2019-02-22,6518.18017578125,0,0.0
2019-02-25,6536.35986328125,7293,0.0027890740988639573
2019-02-26,6272.72998046875,3388,-0.04033282871915775
2019-02-27,6445.4501953125,4147,0.027535094828176062
2019-02-28,6390.91015625,121,-0.008461788922388172
2019-03-01,6536.35986328125,23650,0.02275884083411926
2019-03-04,6354.5498046875,4620,-0.02781518496481334
2019-03-05,6436.35986328125,1925,0.012874249334453552
2019-03-06,6536.35986328125,121,0.015536732271681916
2019-03-07,6845.4501953125,33,0.04728783887307067
2019-03-08,6845.4501953125,0,0.0
2019-03-11,6509.08984375,7579,-0.049136337562258006
2019-03-12,6809.08984375,3080,0.04608939301829713
2019-03-13,6809.08984375,0,0.0
2019-03-18,6790.91015625,1155,-0.002669914469800537
2019-03-19,6772.72998046875,12727,-0.0026771338985419964
2019-03-20,6772.72998046875,11,0.0
2019-03-21,6309.08984375,5324,-0.0684569055692164
2019-03-22,6309.08984375,242,0.0
2019-03-25,6363.64013671875,33,0.008646301498272273
2019-03-26,6527.27001953125,11,0.025713252053387106
2019-03-27,6690.91015625,77,0.0250702263318504
2019-03-28,6790.91015625,66,0.014945649794234598
2019-03-29,6600.0,4048,-0.028112602266471783
2019-04-01,6727.27001953125,11,0.019283336292613636
2019-04-02,6263.64013671875,99,-0.06891798329284325
2019-04-03,6672.72998046875,11,0.06531183701819505
2019-04-04,6800.0,561,0.019073155950229154
2019-04-05,6618.18017578125,880,-0.026738209443933823
2019-04-08,6718.18017578125,22,0.015109893859635726
2019-04-09,6436.35986328125,2321,-0.041948906567875345
2019-04-10,6090.91015625,22,-0.05367159611475485
2019-04-11,6363.64013671875,12386,0.044776556125835566
2019-04-12,6545.4501953125,11,0.028570135125129147
2019-04-15,6545.4501953125,0,0.0
2019-04-16,6500.0,1232,-0.006943784454283831
2019-04-17,6363.64013671875,2222,-0.020978440504807693
2019-04-18,6272.72998046875,55275,-0.014285873226149385
2019-04-22,6272.72998046875,3751,0.0
2019-04-23,6263.64013671875,3828,-0.0014491048998287557
2019-04-24,6181.81982421875,1111,-0.013062741587013031
2019-04-25,6363.64013671875,297,0.02941210156072095
2019-04-26,6045.4501953125,11,-0.05000124686030983
2019-04-29,6045.4501953125,0,0.0
2019-05-02,6354.5498046875,13079,0.05112929548483727
2019-05-03,6636.35986328125,11,0.04434776140803395
2019-05-06,6454.5498046875,22,-0.027396051802389257
2019-05-07,6518.18017578125,11,0.00985821986338065
2019-05-08,6181.81982421875,638,-0.05160341421862964
2019-05-09,5772.72998046875,1012,-0.06617628067180042
2019-05-10,6072.72998046875,3344,0.05196847956079868
2019-05-13,6454.5498046875,3729,0.06287449391735965
2019-05-14,6363.64013671875,1177,-0.014084586953334607
2019-05-15,6536.35986328125,473,0.027141655224325517
2019-05-16,6545.4501953125,4378,0.0013907331024284604
2019-05-17,6272.72998046875,1078,-0.04166561607008446
2019-05-20,6436.35986328125,26686,0.026085912086442502
2019-05-21,6363.64013671875,26422,-0.011298269224714783
2019-05-22,6545.4501953125,330,0.028570135125129147
2019-05-23,6490.91015625,44,-0.008332511505711043
2019-05-24,6436.35986328125,11,-0.008404105380541177
2019-05-28,6300.0,66,-0.021185866884039308
2019-05-29,6318.18017578125,1100,0.0028857421875
2019-05-30,6318.18017578125,0,0.0
2019-06-04,6336.35986328125,99,0.0028773613594759604
2019-06-05,6354.5498046875,55,0.002870724169512436
2019-06-06,6400.0,22,0.00715238635457278
2019-06-07,6400.0,55,0.0
2019-06-10,6400.0,0,0.0
2019-06-11,5954.5498046875,11,-0.06960159301757812
2019-06-12,6163.64013671875,1727,0.03511438125291207
2019-06-13,6163.64013671875,0,0.0
2019-06-17,6209.08984375,11,0.007373841759594586
2019-06-18,6209.08984375,0,0.0
2019-06-19,6254.5498046875,12,0.007321517659026867
2019-06-20,6510.0,510,0.040842299332407864
2019-06-21,6780.0,60,0.041474654377880185
2019-06-24,6880.0,50,0.014749262536873156
2019-06-25,6880.0,0,0.0
2019-06-27,6790.0,1050,-0.01308139534883721
2019-06-28,6980.0,10,0.027982326951399118
2019-07-01,6980.0,0,0.0
2019-07-15,5950.0,851000,-0.14756446991404013
2019-07-16,5950.0,0,0.0
2019-07-17,5900.0,110,-0.008403361344537815
2019-07-18,5840.0,16390,-0.010169491525423728
2019-07-19,5500.0,14560,-0.05821917808219178
2019-07-22,5500.0,17210,0.0
2019-07-23,5550.0,13060,0.00909090909090909
2019-07-24,5600.0,1130,0.009009009009009009
2019-07-25,5600.0,0,0.0
2019-07-31,5550.0,10910,-0.008928571428571428
2019-08-01,5680.0,40,0.023423423423423424
2019-08-02,5500.0,17460,-0.03169014084507042
2019-08-05,5590.0,10,0.016363636363636365
2019-08-06,5590.0,0,0.0
2019-08-07,5600.0,3170,0.0017889087656529517
2019-08-08,5630.0,11110,0.005357142857142857
2019-08-09,5630.0,0,0.0
2019-08-12,5590.0,23270,-0.007104795737122558
2019-08-13,5600.0,17420,0.0017889087656529517
2019-08-14,5640.0,25870,0.007142857142857143
2019-08-15,5650.0,9360,0.0017730496453900709
2019-08-16,5650.0,0,0.0
2019-08-21,5550.0,17320,-0.017699115044247787
2019-08-22,5650.0,15120,0.018018018018018018
2019-08-23,5740.0,45650,0.01592920353982301
2019-08-26,5850.0,21800,0.01916376306620209
2019-08-27,5720.0,19090,-0.022222222222222223
2019-08-28,5850.0,22110,0.022727272727272728
2019-08-29,5900.0,20400,0.008547008547008548
2019-08-30,5900.0,24210,0.0
2019-09-03,5900.0,18380,0.0
2019-09-04,6150.0,34780,0.0423728813559322
2019-09-05,6340.0,32180,0.030894308943089432
2019-09-06,6320.0,8630,-0.0031545741324921135
2019-09-09,6200.0,28250,-0.0189873417721519
2019-09-10,6290.0,42370,0.014516129032258065
2019-09-11,6350.0,19850,0.009538950715421303
2019-09-12,6350.0,20120,0.0
2019-09-13,6450.0,33000,0.015748031496062992
2019-09-16,6480.0,33420,0.004651162790697674
2019-09-17,6400.0,13930,-0.012345679012345678
2019-09-18,6450.0,27530,0.0078125
2019-09-19,6360.0,12910,-0.013953488372093023
2019-09-20,6360.0,30520,0.0
2019-09-23,6350.0,1780,-0.0015723270440251573
2019-09-24,6340.0,9950,-0.0015748031496062992
2019-09-25,6500.0,27790,0.025236593059936908
2019-09-26,6480.0,12720,-0.003076923076923077
2019-09-27,6450.0,4500,-0.004629629629629629
2019-09-30,6360.0,2510,-0.013953488372093023
2019-10-01,6350.0,63160,-0.0015723270440251573
2019-10-02,6350.0,5160,0.0
2019-10-03,6250.0,31030,-0.015748031496062992
2019-10-04,6100.0,19300,-0.024
2019-10-07,6100.0,8100,0.0
2019-10-08,6100.0,11470,0.0
2019-10-09,6050.0,11310,-0.00819672131147541
2019-10-10,6040.0,4150,-0.001652892561983471
2019-10-11,6350.0,22740,0.05132450331125828
2019-10-14,6290.0,15500,-0.009448818897637795
2019-10-15,6250.0,8700,-0.006359300476947536
2019-10-16,6250.0,4610,0.0
2019-10-17,6190.0,9200,-0.0096
2019-10-18,6160.0,6970,-0.004846526655896607
2019-10-21,6160.0,1750,0.0
2019-10-22,6250.0,12800,0.01461038961038961
2019-10-23,6290.0,17480,0.0064
2019-10-24,6290.0,3110,0.0
2019-10-25,6200.0,15940,-0.014308426073131956
2019-10-28,6190.0,3010,-0.0016129032258064516
2019-10-29,6190.0,4130,0.0
2019-10-30,6060.0,4100,-0.0210016155088853
2019-10-31,6060.0,5080,0.0
2019-11-01,6060.0,12880,0.0
2019-11-04,6000.0,11460,-0.009900990099009901
2019-11-05,5900.0,1520,-0.016666666666666666
2019-11-06,5850.0,36480,-0.00847457627118644
2019-11-07,6000.0,2650,0.02564102564102564
2019-11-08,5950.0,6100,-0.008333333333333333
2019-11-11,5900.0,720,-0.008403361344537815
2019-11-12,5890.0,310,-0.001694915254237288
2019-11-13,5890.0,10,0.0
2019-11-14,5860.0,4670,-0.0050933786078098476
2019-11-15,5800.0,420,-0.010238907849829351
2019-11-18,5700.0,3320,-0.017241379310344827
2019-11-19,5700.0,9240,0.0
2019-11-20,5690.0,560,-0.0017543859649122807
2019-11-21,5690.0,0,0.0
2019-11-22,5690.0,100,0.0
2019-11-25,5690.0,120,0.0
2019-11-26,5690.0,720,0.0
2019-11-27,5680.0,4920,-0.0017574692442882249
2019-11-29,5680.0,100,0.0
2019-12-02,5620.0,310,-0.01056338028169014
2019-12-06,5880.0,0,0.046263345195729534
2019-12-09,5860.0,1000,-0.003401360544217687
2019-12-10,6120.0,30,0.04436860068259386
2019-12-11,6400.0,8060,0.0457516339869281
2019-12-12,6100.0,7760,-0.046875
2019-12-13,6000.0,4490,-0.01639344262295082
2019-12-16,6000.0,0,0.0
2019-12-17,5950.0,16890,-0.008333333333333333
2019-12-19,5780.0,2720,-0.02857142857142857
2019-12-20,5740.0,4950,-0.006920415224913495
2019-12-23,5710.0,10,-0.005226480836236934
2019-12-24,5630.0,2620,-0.014010507880910683
2019-12-26,5240.0,0,-0.06927175843694494
2019-12-27,5010.0,1000,-0.04389312977099236
2019-12-30,5090.0,110,0.015968063872255488
2019-12-31,5190.0,10,0.019646365422396856
