Date,Adj Close,Volume,LogReturn
2019-01-02,1350.0,5,
2019-01-03,1310.0,463,-0.02962962962962963
2019-01-04,1310.0,1387,0.0
2019-01-07,1310.0,0,0.0
2019-01-08,1292.0,45,-0.013740458015267175
2019-01-09,1349.0,200,0.04411764705882353
2019-01-10,1350.0,95,0.0007412898443291327
2019-01-11,1350.0,502,0.0
2019-01-14,1350.0,850,0.0
2019-01-15,1350.0,800,0.0
2019-01-16,1350.0,0,0.0
2019-01-17,1350.0,18,0.0
2019-01-22,1350.0,100,0.0
2019-01-25,1350.0,219,0.0
2019-01-28,1350.0,210,0.0
2019-01-29,1340.0,371,-0.007407407407407408
2019-01-30,1340.0,0,0.0
2019-01-31,1320.0,10,-0.014925373134328358
2019-02-01,1340.0,330,0.015151515151515152
2019-02-04,1330.0,80,-0.007462686567164179
2019-02-05,1352.0,225,0.016541353383458645
2019-02-06,1355.0,1613,0.0022189349112426036
2019-02-07,1355.0,0,0.0
2019-02-08,1370.0,391,0.01107011070110701
2019-02-11,1370.0,0,0.0
2019-02-12,1360.0,265,-0.0072992700729927005
2019-02-13,1370.0,100,0.007352941176470588
2019-02-14,1410.0,100,0.029197080291970802
2019-02-15,1380.0,810,-0.02127659574468085
2019-02-19,1380.0,295,0.0
2019-02-20,1380.0,646,0.0
2019-02-21,1400.0,52,0.014492753623188406
2019-02-22,1400.0,0,0.0
2019-02-25,1410.0,410,0.007142857142857143
2019-02-26,1390.0,100,-0.014184397163120567
2019-02-27,1390.0,0,0.0
2019-02-28,1380.0,12534,-0.007194244604316547
2019-03-01,1380.0,0,0.0
2019-03-04,1390.0,10,0.007246376811594203
2019-03-05,1400.0,50,0.007194244604316547
2019-03-06,1390.0,200,-0.007142857142857143
2019-03-07,1389.0,5960,-0.0007194244604316547
2019-03-08,1390.0,485,0.0007199424046076314
2019-03-11,1390.0,2177,0.0
2019-03-13,1400.0,530,0.007194244604316547
2019-03-14,1380.0,345,-0.014285714285714285
2019-03-15,1380.0,103,0.0
2019-03-26,1370.0,70,-0.007246376811594203
2019-03-27,1380.0,1320,0.0072992700729927005
2019-03-29,1380.0,145,0.0
2019-04-01,1380.0,1061,0.0
2019-04-02,1380.0,751,0.0
2019-04-03,1384.0,1500,0.002898550724637681
2019-04-04,1384.0,0,0.0
2019-04-05,1385.0,796,0.000722543352601156
2019-04-08,1376.0,369,-0.006498194945848376
2019-04-09,1385.0,1398,0.006540697674418605
2019-04-10,1380.0,480,-0.0036101083032490976
2019-04-11,1380.0,330,0.0
2019-04-12,1380.0,100,0.0
2019-04-15,1380.0,638,0.0
2019-04-16,1380.0,540,0.0
2019-04-17,1380.0,417,0.0
2019-05-07,1260.0,4,-0.08695652173913043
2019-05-08,1260.0,0,0.0
2019-05-09,1300.0,565,0.031746031746031744
2019-05-10,1300.0,258,0.0
2019-05-13,1300.0,0,0.0
2019-05-14,1303.0,182,0.002307692307692308
2019-05-15,1303.0,0,0.0
2019-05-16,1307.0,286,0.0030698388334612432
2019-05-17,1330.0,434,0.017597551644988524
2019-05-20,1300.0,24,-0.022556390977443608
2019-05-21,1301.0,150,0.0007692307692307692
2019-05-22,1301.0,0,0.0
2019-05-28,1300.0,300,-0.0007686395080707148
2019-05-30,1300.0,100,0.0
2019-06-06,1300.0,500,0.0
2019-06-13,1271.0,656,-0.022307692307692306
2019-06-14,1271.0,0,0.0
2019-06-17,1260.0,80,-0.00865460267505901
2019-06-28,1290.0,25,0.023809523809523808
2019-07-01,1290.0,75,0.0
2019-07-02,1290.0,0,0.0
2019-07-03,1300.0,450,0.007751937984496124
2019-07-05,1315.0,2668,0.011538461538461539
2019-07-08,1300.0,3360,-0.011406844106463879
2019-07-10,1300.0,3000,0.0
2019-07-15,1331.0,547,0.023846153846153847
2019-07-16,1340.0,232,0.0067618332081141996
2019-07-17,1310.0,487,-0.022388059701492536
2019-07-19,1314.0,350,0.0030534351145038168
2019-07-22,1340.0,640,0.0197869101978691
2019-07-23,1340.0,110,0.0
2019-07-24,1330.0,100,-0.007462686567164179
2019-07-25,1330.0,230,0.0
2019-07-26,1330.0,0,0.0
2019-07-29,1330.0,162,0.0
2019-07-30,1350.0,50,0.015037593984962405
2019-07-31,1352.0,680,0.0014814814814814814
2019-08-01,1352.0,0,0.0
2019-08-05,1394.0,600,0.03106508875739645
2019-08-06,1352.0,400,-0.03012912482065997
2019-08-07,1361.0,165,0.006656804733727811
2019-08-08,1400.0,10,0.028655400440852314
2019-08-09,1430.0,300,0.02142857142857143
2019-08-12,1430.0,0,0.0
2019-08-13,1430.0,10,0.0
2019-08-14,1450.0,371,0.013986013986013986
2019-08-15,1450.0,0,0.0
2019-08-16,1440.0,335,-0.006896551724137931
2019-08-19,1440.0,2390,0.0
2019-08-20,1450.0,144,0.006944444444444444
2019-08-21,1493.0,515,0.029655172413793104
2019-08-22,1500.0,130,0.004688546550569324
2019-08-23,1455.0,681,-0.03
2019-08-26,1455.0,0,0.0
2019-08-27,1500.0,427,0.030927835051546393
2019-08-28,1500.0,0,0.0
2019-08-29,1500.0,572,0.0
2019-09-03,1450.0,320,-0.03333333333333333
2019-09-04,1493.0,285,0.029655172413793104
2019-09-05,1493.0,0,0.0
2019-09-11,1480.0,400,-0.008707300736771601
2019-09-12,1480.0,0,0.0
2019-09-18,1450.0,1738,-0.02027027027027027
2019-09-19,1450.0,1318,0.0
2019-09-23,1470.0,1675,0.013793103448275862
2019-09-24,1450.0,1420,-0.013605442176870748
2019-09-25,1450.0,200,0.0
2019-09-26,1450.0,2300,0.0
2019-09-27,1430.0,800,-0.013793103448275862
2019-09-30,1430.0,240,0.0
2019-10-01,1450.0,645,0.013986013986013986
2019-10-02,1449.0,9,-0.000689655172413793
2019-10-03,1448.0,250,-0.0006901311249137336
2019-10-04,1450.0,196,0.0013812154696132596
2019-10-09,1439.0,35,-0.007586206896551724
2019-10-10,1439.0,0,0.0
2019-10-14,1397.0,100,-0.029186935371785964
2019-10-15,1400.0,105,0.0021474588403722263
2019-10-16,1400.0,195,0.0
2019-10-17,1358.0,187,-0.03
2019-10-18,1380.0,36,0.016200294550810016
2019-10-21,1350.0,182,-0.021739130434782608
2019-10-28,1400.0,498,0.037037037037037035
2019-11-01,1380.0,88,-0.014285714285714285
2019-11-05,1439.0,595,0.042753623188405795
2019-11-07,1410.0,140,-0.020152883947185545
2019-11-08,1410.0,0,0.0
2019-11-12,1460.0,52,0.03546099290780142
2019-11-13,1460.0,0,0.0
2019-11-15,1460.0,160,0.0
2019-11-21,1503.0,1144,0.02945205479452055
2019-11-22,1500.0,250,-0.001996007984031936
2019-11-25,1470.0,510,-0.02
2019-11-26,1490.0,35,0.013605442176870748
2019-11-27,1510.0,2184,0.013422818791946308
2019-11-29,1530.0,783,0.013245033112582781
2019-12-02,1500.0,10,-0.0196078431372549
2019-12-03,1520.0,4127,0.013333333333333334
2019-12-04,1521.0,100,0.0006578947368421052
2019-12-05,1550.0,100,0.0190664036817883
2019-12-06,1550.0,0,0.0
2019-12-10,1510.0,166,-0.025806451612903226
2019-12-11,1510.0,0,0.0
2019-12-12,1520.0,900,0.006622516556291391
2019-12-13,1530.0,125,0.006578947368421052
2019-12-16,1525.0,700,-0.0032679738562091504
2019-12-17,1525.0,0,0.0
2019-12-18,1530.0,670,0.003278688524590164
2019-12-19,1530.0,220,0.0
2019-12-20,1530.0,0,0.0
2019-12-23,1530.0,302,0.0
2019-12-24,1530.0,1222,0.0
2019-12-26,1510.0,2965,-0.013071895424836602
2019-12-27,1560.0,570,0.033112582781456956
2019-12-30,1560.0,342,0.0
2019-12-31,1560.0,0,0.0
