Date,Adj Close,Volume,LogReturn
2019-01-02,176.55873107910156,56000,
2019-01-03,170.47048950195312,120500,-0.03448281226274102
2019-01-04,176.2641143798828,125300,0.033986086945936224
2019-01-07,177.9334716796875,74500,0.009470772344544867
2019-01-08,179.504638671875,63000,0.008830081138504876
2019-01-09,180.38841247558594,72300,0.00492340370839346
2019-01-10,183.82530212402344,73300,0.019052718527043162
2019-01-11,181.76316833496094,36100,-0.01121789963207142
2019-01-14,183.92352294921875,26500,0.011885546637680846
2019-01-15,185.7892608642578,36400,0.010144096226093888
2019-01-16,185.39646911621094,76400,-0.002114178969331593
2019-01-17,185.2000732421875,56800,-0.0010593290959620804
2019-01-18,187.94960021972656,59000,0.014846252106733704
2019-01-22,184.5126953125,97400,-0.01828631134734298
2019-01-23,184.6108856201172,60800,0.0005321601716938092
2019-01-24,181.37037658691406,40000,-0.01755318502653889
2019-01-25,183.62890625,50100,0.012452582971859425
2019-01-28,184.21812438964844,34200,0.0032087439373311493
2019-01-29,181.6649627685547,29700,-0.013859448572462053
2019-01-30,182.05776977539062,109200,0.002162260684997264
2019-01-31,177.63888549804688,107700,-0.02427187965004428
2019-02-01,180.78118896484375,74800,0.01768927708585193
2019-02-04,183.0397186279297,44500,0.012493167436381616
2019-02-05,180.87939453125,38100,-0.01180248807676023
2019-02-06,180.68299865722656,43900,-0.0010857835660739498
2019-02-07,177.04969787597656,54000,-0.020108703133396237
2019-02-08,174.7911834716797,45200,-0.012756386660873977
2019-02-11,176.6569061279297,27600,0.010674008947094813
2019-02-12,178.1298370361328,36300,0.008337805413259486
2019-02-13,180.1920166015625,40600,0.011576834065207077
2019-02-14,177.24609375,60800,-0.01634879783867714
2019-02-15,176.46051025390625,44600,-0.004432162534435262
2019-02-19,175.47854614257812,56800,-0.005564781094167711
2019-02-20,176.6569061279297,56800,0.006715122795661487
2019-02-21,181.37037658691406,54000,0.02668149557408766
2019-02-22,178.52267456054688,51900,-0.015701031667663474
2019-02-25,179.89739990234375,46700,0.007700564341089512
2019-02-26,177.44248962402344,42300,-0.013646168758708832
2019-02-27,183.23611450195312,56800,0.032650719059485654
2019-02-28,185.39646911621094,83200,0.011790004498457017
2019-03-01,190.5027313232422,90000,0.027542391887897946
2019-03-04,186.0838623046875,76700,-0.023195830253251417
2019-03-05,185.003662109375,103200,-0.005804910656593189
2019-03-06,182.8433380126953,60800,-0.011677196397347498
2019-03-07,179.504638671875,54900,-0.01825989055498701
2019-03-08,177.1479034423828,64800,-0.01312910489071079
2019-03-11,179.01364135742188,29700,0.010532091426336819
2019-03-12,175.47854614257812,55000,-0.01974763033720718
2019-03-13,176.36231994628906,64100,0.005036363835570316
2019-03-14,179.99560546875,57500,0.02060125725023038
2019-03-15,177.1479034423828,45200,-0.015820953066888025
2019-03-18,177.24609375,28500,0.000554284333650744
2019-03-19,178.16152954101562,38000,0.005164772727272727
2019-03-20,172.64932250976562,78500,-0.030939378694439204
2019-03-21,171.5665740966797,60200,-0.006271373656995924
2019-03-22,163.4951934814453,113700,-0.04704518148556176
2019-03-25,162.80613708496094,56000,-0.0042145361084426885
2019-03-26,163.1998748779297,33700,0.0024184456435034545
2019-03-27,158.86886596679688,99400,-0.02653806514479452
2019-03-28,157.3923797607422,60800,-0.009293741709991615
2019-03-29,157.5892791748047,59400,0.001251009828822805
2019-04-01,164.4794921875,137000,0.043722599968570176
2019-04-02,163.69203186035156,58100,-0.004787589727300255
2019-04-03,167.7277374267578,83600,0.024654257880121974
2019-04-04,166.44813537597656,38200,-0.007629042580628727
2019-04-05,165.95599365234375,27700,-0.00295672716621999
2019-04-08,167.7277374267578,35900,0.010675985455069707
2019-04-09,166.0543975830078,31800,-0.009976524273337332
2019-04-10,165.16851806640625,39400,-0.005334875375153652
2019-04-11,167.826171875,23400,0.01609055914351206
2019-04-12,171.4681396484375,46400,0.02170083326544625
2019-04-15,170.28695678710938,18400,-0.006888643358176707
2019-04-16,173.436767578125,43900,0.01849707605588066
2019-04-17,173.436767578125,33600,0.0
2019-04-18,170.48382568359375,56600,-0.017026043184303986
2019-04-22,173.2399139404297,29100,0.016166274107146373
2019-04-23,172.25559997558594,24700,-0.0056817966625301855
2019-04-24,167.92462158203125,35600,-0.025142743656337
2019-04-25,168.71205139160156,37900,0.0046891861488319786
2019-04-26,167.03871154785156,35500,-0.009918318400776071
2019-04-29,170.09011840820312,26700,0.018267662819450248
2019-04-30,167.826171875,42900,-0.013310276660339718
2019-05-01,165.95599365234375,112000,-0.011143543356570113
2019-05-02,168.31832885742188,32700,0.014234708569953252
2019-05-03,166.94029235839844,25300,-0.00818708519967981
2019-05-06,165.4638214111328,19600,-0.008844305508318146
2019-05-07,161.8218231201172,22400,-0.022010843578707428
2019-05-08,163.79046630859375,40800,0.012165498759801248
2019-05-09,161.72340393066406,46900,-0.012620162971116915
2019-05-10,162.60928344726562,33100,0.005477744686732955
2019-05-13,158.86886596679688,41400,-0.023002484244276075
2019-05-14,160.34535217285156,25500,0.009293741709991615
2019-05-15,157.3923797607422,47500,-0.01841632683513074
2019-05-16,158.9673309326172,23900,0.010006527471464247
2019-05-17,157.8845672607422,20400,-0.006811233890150424
2019-05-20,158.9673309326172,38700,0.0068579449572601005
2019-05-21,159.8531951904297,19100,0.005572618302234681
2019-05-22,157.2939910888672,31100,-0.016009715029554304
2019-05-23,151.88023376464844,46300,-0.03441808098797691
2019-05-24,151.58493041992188,31500,-0.0019443171596915012
2019-05-28,148.23825073242188,38500,-0.02207791815603965
2019-05-29,146.95863342285156,90300,-0.008632166820965065
2019-05-30,143.31666564941406,60000,-0.024782264836107182
2019-05-31,137.9029083251953,110800,-0.03777479262224856
2019-06-03,135.3436737060547,81400,-0.018558235284679956
2019-06-04,139.77313232421875,76100,0.03272748919010544
2019-06-05,142.3323516845703,90700,0.018309809029786777
2019-06-06,140.8558807373047,43800,-0.010373403725793167
2019-06-07,137.3123321533203,80400,-0.025157264044893306
2019-06-10,141.24960327148438,52800,0.02867383472715168
2019-06-11,140.9542999267578,52800,-0.0020906490205072218
2019-06-12,140.6590118408203,26900,-0.0020949207373662
2019-06-13,139.2809600830078,22000,-0.009797109618344261
2019-06-14,138.1981964111328,28500,-0.0077739532469456064
2019-06-17,137.50918579101562,14200,-0.00498567013181138
2019-06-18,135.6389923095703,53900,-0.013600498546239698
2019-06-19,135.14683532714844,62500,-0.003628432901496495
2019-06-20,133.9656524658203,59000,-0.00873999645251662
2019-06-21,138.29664611816406,54500,0.03232913491350889
2019-06-24,135.3436737060547,45100,-0.021352451378945824
2019-06-25,133.85964965820312,32400,-0.010964857146368221
2019-06-26,136.62986755371094,40600,0.02069494356649879
2019-06-27,134.05752563476562,37500,-0.018827083455483055
2019-06-28,134.15646362304688,32600,0.0007380263645235598
2019-07-01,134.94793701171875,58800,0.005899629188913019
2019-07-02,131.97987365722656,42100,-0.02199413655530313
2019-07-03,129.50648498535156,27000,-0.018740650398702437
2019-07-05,134.45326232910156,74000,0.03819714004522266
2019-07-08,134.05752563476562,42600,-0.0029433030294742264
2019-07-09,134.05752563476562,36800,0.0
2019-07-10,136.33303833007812,71300,0.01697415109325562
2019-07-11,141.7744903564453,118900,0.03991293741428105
2019-07-12,141.37875366210938,72300,-0.0027913109991860156
2019-07-15,138.80642700195312,49500,-0.01819457728637237
2019-07-16,140.38938903808594,29700,0.01140409756466492
2019-07-17,135.83836364746094,47700,-0.03241716073990722
2019-07-18,135.73944091796875,60200,-0.0007282385243458911
2019-07-19,136.62986755371094,29400,0.00655982247842245
2019-07-22,135.9373016357422,34600,-0.005068920363964296
2019-07-23,138.2128143310547,31400,0.016739428162330067
2019-07-24,136.4319610595703,38300,-0.012884863679996998
2019-07-25,138.50961303710938,63900,0.015228484303849425
2019-07-26,137.42132568359375,26100,-0.007857125073507006
2019-07-29,137.42132568359375,42500,0.0
2019-07-30,136.62986755371094,110300,-0.005759354495714211
2019-07-31,133.36497497558594,187900,-0.023895892139700194
2019-08-01,125.45014953613281,195900,-0.059347106996436125
2019-08-02,122.28421020507812,154200,-0.02523663258083895
2019-08-05,115.55660247802734,154200,-0.05501616043288148
2019-08-06,113.1821517944336,108500,-0.020547944753267065
2019-08-07,112.68746948242188,623500,-0.00437067421116169
2019-08-08,112.19279479980469,287300,-0.004389793158806817
2019-08-09,112.88533782958984,168100,0.006172794171149054
2019-08-12,105.36624908447266,115900,-0.06660819633164318
2019-08-13,106.94921112060547,295100,0.015023425906181246
2019-08-14,99.82586669921875,174400,-0.06660492720562286
2019-08-15,96.36312103271484,311600,-0.03468785978024477
2019-08-16,98.83650970458984,161700,0.02566737819788232
2019-08-19,102.89286041259766,312400,0.04104101531035186
2019-08-20,99.92479705810547,99000,-0.028846154559124235
2019-08-21,101.90350341796875,92500,0.019801955251534605
2019-08-22,103.88221740722656,81400,0.01941752660987418
2019-08-23,98.73757934570312,180700,-0.049523760561983834
2019-08-26,99.82586669921875,110000,0.011022017763928351
2019-08-27,95.27483367919922,130900,-0.04558971707936244
2019-08-28,94.97802734375,286600,-0.003115264797507788
2019-08-29,96.16524505615234,173200,0.01249991967200473
2019-08-30,96.06631469726562,154700,-0.0010287537751185662
2019-09-03,95.96737670898438,107900,-0.001029892617334535
2019-09-04,95.47270202636719,143100,-0.005154612948494575
2019-09-05,100.61734008789062,193500,0.05388595852354337
2019-09-06,98.34182739257812,97700,-0.02261551232943356
2019-09-09,103.78327941894531,97000,0.055332020673614764
2019-09-10,109.12580108642578,217100,0.05147767248627921
2019-09-11,109.62046813964844,205100,0.0045329981388259255
2019-09-12,111.89598846435547,279200,0.0207581701056794
2019-09-13,119.21720886230469,248300,0.06542880132187578
2019-09-16,114.66617584228516,126700,-0.038174296005167786
2019-09-17,112.68746948242188,134800,-0.017256233979450447
2019-09-18,111.40130615234375,173800,-0.01141354345772006
2019-09-19,110.31301879882812,229500,-0.009769071756011263
2019-09-20,106.15773010253906,203900,-0.037668162303370896
2019-09-23,106.15773010253906,91400,0.0
2019-09-24,102.22964477539062,103800,-0.037002348518136656
2019-09-25,107.10246276855469,325300,0.04766541059464855
2019-09-26,104.81522369384766,101900,-0.021355616066921716
2019-09-27,104.01966094970703,94700,-0.007590144981843149
2019-09-30,103.32353973388672,59700,-0.006692208083209227
2019-10-01,102.32909393310547,142900,-0.009624581226528619
2019-10-02,101.53353118896484,82200,-0.007774550849250165
2019-10-03,98.8485107421875,220900,-0.026444667247711807
2019-10-04,96.76016235351562,137400,-0.021126756215059394
2019-10-07,99.04739379882812,110300,0.02363815220726939
2019-10-08,98.5501708984375,158200,-0.005020050314504165
2019-10-09,100.14128875732422,168100,0.016145257226661446
2019-10-10,104.61632537841797,135200,0.04468722818155714
2019-10-11,108.29580688476562,262200,0.035171198118823646
2019-10-14,106.30690002441406,48900,-0.018365502022325755
2019-10-15,110.18525695800781,97000,0.03648264536641611
2019-10-16,109.98636627197266,70000,-0.0018050571512571282
2019-10-17,110.3841552734375,58700,0.003616711915740511
2019-10-18,110.58303833007812,50500,0.001801735549345492
2019-10-21,113.36750793457031,77700,0.025179897808385893
2019-10-22,111.4780502319336,75000,-0.016666659936877267
2019-10-23,110.98081970214844,62300,-0.004460344693423077
2019-10-24,111.67694091796875,49300,0.0062724461550074185
2019-10-25,113.26805877685547,51400,0.014247505759093629
2019-10-28,116.25141906738281,82600,0.026338937232117075
2019-10-29,116.05252838134766,55300,-0.00171086673720407
2019-10-30,111.08026123046875,88900,-0.042844970464926684
2019-10-31,106.40634155273438,105600,-0.04207695972227641
2019-11-01,107.69913482666016,135200,0.012149588596513116
2019-11-04,111.67694091796875,62000,0.036934429396399536
2019-11-05,115.75419616699219,109800,0.03650937441076889
2019-11-06,113.56639862060547,86400,-0.018900373540070237
2019-11-07,119.73200225830078,234500,0.054290738392549734
2019-11-08,121.22367095947266,111300,0.012458396026434617
2019-11-11,121.12422943115234,61400,-0.0008203144446397575
2019-11-12,119.23477935791016,88500,-0.015599274250212349
2019-11-13,117.14643096923828,132700,-0.017514590960102546
2019-11-14,113.56639862060547,133900,-0.030560319414023807
2019-11-15,113.96417999267578,54200,0.0035026326175860534
2019-11-18,113.16861724853516,55900,-0.0069808140083292315
2019-11-19,110.68248748779297,62100,-0.021968367390071363
2019-11-20,107.10246276855469,105800,-0.032344996941210936
2019-11-21,108.89247131347656,86200,0.016713047474828206
2019-11-22,108.89247131347656,57100,0.0
2019-11-25,107.79857635498047,37700,-0.010045643608794771
2019-11-26,105.80967712402344,43700,-0.018450143760782058
2019-11-27,107.10246276855469,45800,0.012218028441915838
2019-11-29,107.69913482666016,48100,0.005571039569788976
2019-12-02,111.7763900756836,115700,0.03785782732225015
2019-12-03,104.91466522216797,168000,-0.061387962599879664
2019-12-04,107.99746704101562,118200,0.02938389797383898
2019-12-05,109.68804168701172,104300,0.01565383607889657
2019-12-06,111.5774917602539,84700,0.01722567058525505
2019-12-09,110.58303833007812,70800,-0.008912670597691507
2019-12-10,110.98081970214844,74300,0.003597128258340842
2019-12-11,108.49468994140625,84100,-0.022401436278939823
2019-12-12,113.46694946289062,236900,0.04582951962137224
2019-12-13,109.78748321533203,156200,-0.03242764756588405
2019-12-16,112.57194519042969,69600,0.025362289885417475
2019-12-17,113.06916809082031,85700,0.0044169344284627
2019-12-18,115.95307922363281,98700,0.025505725225607585
2019-12-19,115.65474700927734,118300,-0.002572870132927566
2019-12-20,114.95863342285156,55400,-0.006018893339241336
2019-12-23,115.66597747802734,74700,0.006153031174039468
2019-12-24,114.5700912475586,50000,-0.00947457717786487
2019-12-26,114.07196044921875,61100,-0.00434782579742825
2019-12-27,113.67345428466797,76300,-0.0034934629244684863
2019-12-30,114.76934051513672,83300,0.009640652141390593
2019-12-31,117.75812530517578,100800,0.026041665627980822
