Date,Adj Close,Volume,LogReturn
2019-01-02,153.78599548339844,370,
2019-01-03,152.4969940185547,188,-0.008381787046291226
2019-01-04,153.46400451660156,4,0.006341177439400651
2019-01-07,153.22900390625,360,-0.0015313076906326942
2019-01-08,153.63999938964844,70196,0.0026822303409992573
2019-01-09,154.10499572753906,7,0.0030265317608557238
2019-01-10,154.0749969482422,163,-0.0001946645477341532
2019-01-11,153.77499389648438,121,-0.0019471235288006617
2019-01-14,153.5590057373047,1065,-0.0014045727052675594
2019-01-15,153.61500549316406,810,0.00036467907297585975
2019-01-16,153.6649932861328,557,0.0003254095705577049
2019-01-17,155.0570068359375,642,0.009058755153248733
2019-01-18,155.47000122070312,150,0.002663500303489061
2019-01-22,154.59800720214844,114,-0.005608760607886125
2019-01-23,155.5800018310547,50,0.006351922943108954
2019-01-24,155.50999450683594,345,-0.00044997636839451513
2019-01-25,156.02999877929688,67,0.0033438640012174847
2019-01-28,155.05999755859375,427,-0.00621676106064183
2019-01-29,154.64100646972656,4,-0.0027021223749784983
2019-01-30,156.3350067138672,23,0.010954405191822471
2019-01-31,157.2010040283203,5152,0.005539369157658465
2019-02-01,157.43299865722656,301,0.0014757833789945474
2019-02-04,157.80999755859375,217,0.002394662520454268
2019-02-05,159.8520050048828,1131,0.012939658309866455
2019-02-06,159.07000732421875,7,-0.004892010460802013
2019-02-07,157.86300659179688,103,-0.007587858658746076
2019-02-08,157.1750030517578,135,-0.004358231576179885
2019-02-11,158.06300354003906,842,0.005649756456431122
2019-02-12,159.67999267578125,61,0.010230029162596462
2019-02-13,160.5449981689453,32,0.005417118817887185
2019-02-14,160.03399658203125,543,-0.0031829181397250595
2019-02-15,161.30999755859375,90,0.007973311945055619
2019-02-19,161.9199981689453,931,0.0037815424932356578
2019-02-20,161.61700439453125,61,-0.0018712560390343048
2019-02-21,161.0279998779297,149,-0.003644446441809517
2019-02-22,162.80299377441406,1049,0.011022889794507431
2019-02-25,162.60000610351562,7,-0.001246830087041918
2019-02-26,162.625,168,0.00015371399474894975
2019-02-27,162.4499969482422,99,-0.0010761140769119909
2019-02-28,162.47500610351562,66,0.00015394986607113084
2019-03-01,162.3699951171875,4,-0.0006463208640301308
2019-03-04,162.22300720214844,336,-0.0009052652550305045
2019-03-05,162.36000061035156,4,0.0008444758272321726
2019-03-06,161.9499969482422,850,-0.0025252750712495037
2019-03-07,159.7740020751953,891,-0.013436214350422644
2019-03-08,159.66700744628906,122,-0.0006696623200055697
2019-03-11,162.3000030517578,620,0.016490542708733815
2019-03-12,162.27999877929688,29,-0.00012325491118172127
2019-03-13,163.5749969482422,536,0.007980023284979985
2019-03-14,162.84500122070312,80,-0.004462758619338658
2019-03-15,164.2220001220703,938,0.008455886831312352
2019-03-18,164.34500122070312,263,0.0007489928179012722
2019-03-19,164.74000549316406,49,0.002403506462179985
2019-03-20,164.77000427246094,7,0.00018209771941594242
2019-03-21,165.6999969482422,101,0.005644186755275126
2019-03-22,164.2729949951172,1,-0.008611961251699577
2019-03-25,163.0749969482422,22,-0.007292726640252763
2019-03-26,163.69500732421875,2,0.0038019953247237863
2019-03-27,163.0,64,-0.004245745399199621
2019-03-28,163.2449951171875,26,0.0015030375287576688
2019-03-29,163.55499267578125,40,0.0018989712877335951
2019-04-01,164.74400329589844,979,0.007269791038872106
2019-04-02,165.1750030517578,56,0.002616178721147451
2019-04-03,165.3249969482422,60,0.0009080907747122863
2019-04-04,165.5850067138672,16,0.0015727190105825346
2019-04-05,165.91000366210938,139,0.0019627196609883044
2019-04-08,165.58900451660156,70,-0.0019347787259504621
2019-04-09,165.2100067138672,3,-0.0022887860449476737
2019-04-10,166.35800170898438,397,0.006948701340503175
2019-04-11,165.85000610351562,301,-0.00305362892226491
2019-04-12,166.0749969482422,40,0.0013565923210526385
2019-04-15,165.80999755859375,16,-0.0015956609635285764
2019-04-16,165.78500366210938,51,-0.00015073817533555348
2019-04-17,165.60000610351562,6,-0.0011158883765554465
2019-04-18,165.4199981689453,16,-0.0010870043957473682
2019-04-22,165.40499877929688,1551,-9.067458478096738e-05
2019-04-23,166.59500122070312,50,0.00719447689119779
2019-04-24,166.5590057373047,70000,-0.00021606580710516697
2019-04-25,166.4739990234375,468,-0.000510369964631389
2019-04-26,166.77000427246094,1833,0.001778086973100007
2019-04-29,167.47999572753906,470,0.004257309089698016
2019-04-30,166.97000122070312,313,-0.003045106996931205
2019-05-01,167.33999633789062,2149,0.002215937680316811
2019-05-02,165.41600036621094,12382,-0.011497526077356792
2019-05-03,166.9080047607422,457,0.009019710253108123
2019-05-06,166.94500732421875,14,0.00022169436109193569
2019-05-07,164.73500061035156,24,-0.01323793235442616
2019-05-08,164.7030029296875,70045,-0.00019423729350477714
2019-05-09,164.1999969482422,2,-0.003054018278343402
2019-05-10,164.55499267578125,1299,0.0021619715842684296
2019-05-13,161.29600524902344,5100,-0.019804852917340025
2019-05-14,162.5030059814453,1509,0.007483140890925336
2019-05-15,162.12600708007812,40,-0.0023199503239357522
2019-05-16,162.87600708007812,301,0.004626031403028115
2019-05-17,162.01100158691406,58,-0.005310822070550771
2019-05-20,160.9010009765625,19,-0.006851390334477256
2019-05-21,161.2239990234375,5139,0.002007433421262862
2019-05-22,160.95399475097656,46,-0.0016747151422641883
2019-05-23,160.85000610351562,1,-0.0006460768346994169
2019-05-24,161.0800018310547,1,0.001429877020900129
2019-05-28,160.74000549316406,142,-0.002110729662439555
2019-05-29,159.447998046875,151,-0.008037871109466951
2019-05-30,159.6649932861328,2,0.0013609154201736644
2019-05-31,158.78500366210938,6605,-0.005511475032265988
2019-06-03,157.60400390625,225,-0.00743772855510029
2019-06-04,159.625,860,0.012823253493941563
2019-06-05,160.75999450683594,1,0.007110380622308144
2019-06-06,161.66000366210938,1,0.005598464705316762
2019-06-07,163.22000122070312,50,0.009649867148675498
2019-06-10,164.1649932861328,36,0.005789682994499469
2019-06-11,163.88999938964844,52,-0.0016751067994445806
2019-06-12,163.53500366210938,80,-0.0021660609485699015
2019-06-13,163.5019989013672,2,-0.00020182077233068003
2019-06-14,163.50999450683594,141,4.8902187878286185e-05
2019-06-17,163.5850067138672,10,0.0004587622136340658
2019-06-18,164.64999389648438,287,0.006510298248053976
2019-06-19,164.98199462890625,77,0.0020164029439964887
2019-06-20,165.94500732421875,439,0.005837077539755796
2019-06-21,166.85000610351562,2,0.005453606552493101
2019-06-24,166.2550048828125,427,-0.0035660845006740935
2019-06-25,165.00100708007812,25,-0.007542616859073057
2019-06-26,165.07699584960938,25,0.0004605351862753856
2019-06-27,165.1020050048828,2,0.00015149994185877766
2019-06-28,165.75799560546875,25,0.003973244301706311
2019-07-01,166.89999389648438,21,0.006889551763969012
2019-07-02,167.02499389648438,36,0.0007489514953339554
2019-07-03,167.7989959716797,11,0.004634049414634369
2019-07-05,168.125,411,0.0019428246660983233
2019-07-08,167.55999755859375,102,-0.003360609316914498
2019-07-09,167.92100524902344,2,0.002154498064512369
2019-07-10,168.40499877929688,2,0.002882269133368306
2019-07-11,168.57200622558594,2,0.0009917012410536226
2019-07-12,169.48199462890625,165,0.005398217792475878
2019-07-15,169.1179962158203,2,-0.0021477114066478847
2019-07-16,169.0,441,-0.0006977153139263273
2019-07-17,168.09800720214844,284,-0.005337235490245932
2019-07-18,168.468994140625,19,0.0022069680935029013
2019-07-19,167.71400451660156,4,-0.004481475228570724
2019-07-22,167.95399475097656,79,0.001430949282182598
2019-07-23,168.8769989013672,14,0.005495577236844843
2019-07-24,169.52999877929688,141,0.0038667188674466725
2019-07-25,168.781005859375,3,-0.004418055360791653
2019-07-26,169.98300170898438,21,0.007121629850996706
2019-07-29,169.48500061035156,1805,-0.0029297111689167853
2019-07-30,169.16299438476562,185,-0.0018999098706453347
2019-07-31,167.85699462890625,778,-0.0077203631953265415
2019-08-01,166.63800048828125,210,-0.00726209916554219
2019-08-02,165.44000244140625,79,-0.007189224806854597
2019-08-05,161.3679962158203,129,-0.02461319007190003
2019-08-06,161.28700256347656,20819,-0.0005019189321495057
2019-08-07,161.375,2222,0.0005455953370378061
2019-08-08,160.88299560546875,2,-0.003048826612122386
2019-08-09,161.43099975585938,46,0.003406227913200276
2019-08-12,161.00399780273438,1,-0.002645105052751811
2019-08-13,161.23500061035156,122,0.0014347644205718246
2019-08-14,159.52000427246094,188,-0.010636625617257691
2019-08-15,159.5229949951172,12,1.8748260883580666e-05
2019-08-16,160.38499450683594,3,0.005403606619504196
2019-08-19,160.24099731445312,102,-0.0008978220987916363
2019-08-20,159.8000030517578,475,-0.002752068884281317
2019-08-21,158.40499877929688,449,-0.008729688647184243
2019-08-22,158.91299438476562,64,0.003206941759309831
2019-08-23,160.6999969482422,1788,0.011245163244170017
2019-08-26,160.52000427246094,2188,-0.0011200540087080496
2019-08-27,161.33900451660156,4,0.005102169339283614
2019-08-28,161.65499877929688,1738,0.0019585732764503152
2019-08-29,162.21600341796875,5,0.0034703822517594967
2019-08-30,163.12100219726562,1406,0.005578973468881726
2019-09-03,162.55999755859375,2,-0.0034391931824538473
2019-09-04,163.02499389648438,3040,0.002860459798684605
2019-09-05,163.4739990234375,366,0.0027542103589234227
2019-09-06,163.625,833,0.0009237002671039495
2019-09-09,162.50100708007812,202,-0.006869322658040489
2019-09-10,162.36500549316406,2,-0.0008369276557593449
2019-09-11,163.47300720214844,2037,0.006824141111066106
2019-09-12,163.72000122070312,35,0.0015109162226963754
2019-09-13,163.44000244140625,9,-0.0017102295211897903
2019-09-16,162.0500030517578,815,-0.008504646163027051
2019-09-17,162.89500427246094,34,0.005214447422338132
2019-09-18,162.73399353027344,8,-0.0009884326588566873
2019-09-19,162.84500122070312,34,0.0006821419914889308
2019-09-20,162.2050018310547,34,-0.003930113818974701
2019-09-23,162.22999572753906,2,0.000154088321582139
2019-09-24,161.01100158691406,729,-0.007513987380436526
2019-09-25,161.43499755859375,203,0.002633335408765926
2019-09-26,161.5749969482422,442,0.0008672183341014635
2019-09-27,160.6439971923828,44,-0.00576202861484568
2019-09-30,161.09500122070312,102,0.0028074751388326236
2019-10-01,160.09500122070312,4,-0.006207517256416799
2019-10-02,157.197998046875,39,-0.01809552548011406
2019-10-03,157.8769989013672,351,0.004319398865943036
2019-10-04,158.39199829101562,46,0.0032620292584240257
2019-10-07,158.2899932861328,2,-0.0006440035228004221
2019-10-08,155.88999938964844,100,-0.015162006433003174
2019-10-09,156.58999633789062,3,0.0044903261978501835
2019-10-10,158.01400756835938,793,0.009093883796995638
2019-10-11,157.91600036621094,222,-0.0006202437597567926
2019-10-14,156.87399291992188,12114,-0.006598491880953308
2019-10-15,157.25999450683594,59,0.002460583680757724
2019-10-16,156.25,997,-0.006422450350473808
2019-10-17,156.9600067138672,15,0.00454404296875
2019-10-18,156.5399932861328,129,-0.002675926412898576
2019-10-21,156.91000366210938,3,0.002363679518627781
2019-10-22,156.94500732421875,3,0.00022308113754653926
2019-10-23,156.76499938964844,3,-0.001146949097899305
2019-10-24,156.97500610351562,2,0.001339627561540084
2019-10-25,156.97000122070312,1345,-3.188331019525222e-05
2019-10-28,157.80499267578125,56,0.005319433322193261
2019-10-29,157.97500610351562,571,0.0010773640608676852
2019-10-30,157.62899780273438,6,-0.0021902724317954614
2019-10-31,157.46200561523438,167,-0.0010594001727333396
2019-11-01,158.78599548339844,37,0.00840831324985973
2019-11-04,159.77000427246094,6,0.006197075416297535
2019-11-05,159.5749969482422,102,-0.0012205502848093921
2019-11-06,158.86300659179688,391,-0.00446179144641466
2019-11-07,160.11000061035156,117,0.007849492750435443
2019-11-08,159.96600341796875,164,-0.000899364136118195
2019-11-11,159.66200256347656,6,-0.0019004091369206485
2019-11-12,160.44900512695312,338,0.004929178833039346
2019-11-13,159.9810028076172,17,-0.002916829050860346
2019-11-14,160.07000732421875,11,0.0005563442848810842
2019-11-15,161.3300018310547,20,0.00787152151673138
2019-11-18,161.5749969482422,82,0.0015185961346734485
2019-11-19,161.52999877929688,100,-0.00027849710533942886
2019-11-20,160.60499572753906,98,-0.005726509371312948
2019-11-21,160.33999633789062,2,-0.0016500071398650638
2019-11-22,161.0850067138672,543,0.00464644126850654
2019-11-25,162.03500366210938,583,0.005897488336264916
2019-11-26,162.74899291992188,464,0.0044063890003753605
2019-11-27,162.5050048828125,17,-0.0014991677228345464
2019-11-29,162.77000427246094,17,0.0016307152499059148
2019-12-02,161.38999938964844,17,-0.008478250578051887
2019-12-03,160.01499938964844,171,-0.00851973483611149
2019-12-04,161.1840057373047,5,0.007305604800270208
2019-12-05,160.94900512695312,3,-0.0014579648227291424
2019-12-06,162.77000427246094,135,0.011314137319901092
2019-12-09,162.86500549316406,642,0.0005836531191834481
2019-12-10,162.5,200,-0.0022411535987046823
2019-12-11,162.79600524902344,62,0.0018215707632211538
2019-12-12,164.09500122070312,852,0.007979286529129865
2019-12-13,163.73500061035156,7,-0.0021938548260063808
2019-12-16,165.0050048828125,15,0.007756461768875127
2019-12-17,164.75399780273438,37,-0.001521208888520634
2019-12-18,164.92999267578125,15,0.0010682282396424741
2019-12-19,165.13999938964844,5831,0.0012733082107146995
2019-12-20,166.41900634765625,6,0.007744985846766239
2019-12-23,166.17999267578125,238,-0.001436216193814368
2019-12-24,166.0800018310547,400,-0.0006017020648306659
2019-12-26,167.27699279785156,722,0.007207315472060972
2019-12-27,166.8520050048828,111,-0.002540623105786777
2019-12-30,166.51499938964844,527,-0.0020197876269123214
2019-12-31,166.0,15,-0.003092810807051253
