Date,Adj Close,Volume,LogReturn
2019-01-02,147.79934692382812,274300,
2019-01-03,144.67123413085938,355100,-0.02116459144153659
2019-01-04,150.2070770263672,346300,0.0382649870153211
2019-01-07,153.6509246826172,350000,0.02292733288222812
2019-01-08,156.36456298828125,325100,0.01766106068850142
2019-01-09,157.726318359375,246300,0.008708849019683615
2019-01-10,159.02883911132812,235800,0.008258106608342737
2019-01-11,158.9893798828125,160300,-0.0002481262438695259
2019-01-14,157.5190887451172,304700,-0.009247731759058568
2019-01-15,159.640625,129700,0.013468439106549723
2019-01-16,160.20310974121094,766300,0.0035234436172555546
2019-01-17,161.7424774169922,137300,0.009608850154456523
2019-01-18,164.0811309814453,550300,0.014459117986821642
2019-01-22,161.27870178222656,310400,-0.017079533657868653
2019-01-23,160.91360473632812,129600,-0.0022637647864466653
2019-01-24,162.18653869628906,156900,0.00791066710640631
2019-01-25,164.4758758544922,135600,0.01411545727904178
2019-01-28,163.85415649414062,246300,-0.0037800033416546907
2019-01-29,163.40025329589844,118500,-0.0027701659082320497
2019-01-30,165.5316925048828,111400,0.013044283383848812
2019-01-31,167.25856018066406,210700,0.010432248046580635
2019-02-01,167.93943786621094,317800,0.00407080919990837
2019-02-04,170.04127502441406,195600,0.01251544714516405
2019-02-05,170.61361694335938,202000,0.003365899949074936
2019-02-06,170.20901489257812,162900,-0.002371452279307639
2019-02-07,168.7387237548828,181400,-0.008638150797260878
2019-02-08,169.63668823242188,82500,0.005321626580769241
2019-02-11,170.7616424560547,190500,0.0066315502581109995
2019-02-12,173.07066345214844,151400,0.013521894981116582
2019-02-13,173.4061737060547,147400,0.0019385738010937585
2019-02-14,173.95877075195312,182900,0.0031867207152333522
2019-02-15,176.1198272705078,136400,0.012422808629960523
2019-02-19,175.91258239746094,173100,-0.001176726529083868
2019-02-20,176.02113342285156,162900,0.0006170736846177513
2019-02-21,175.29090881347656,129800,-0.00414850532532817
2019-02-22,177.5802459716797,126800,0.013060216149824184
2019-02-25,178.22166442871094,225800,0.003611992164565099
2019-02-26,177.04737854003906,170800,-0.006588906530729837
2019-02-27,177.93548583984375,190800,0.005016212649563987
2019-02-28,176.93885803222656,114700,-0.00560106267118765
2019-03-01,178.9123992919922,215900,0.011153803532552336
2019-03-04,176.91908264160156,225900,-0.011141299643170358
2019-03-05,176.504638671875,156000,-0.002342562280667785
2019-03-06,173.55419921875,144100,-0.01671593152070023
2019-03-07,172.32070922851562,252200,-0.0071072321833000884
2019-03-08,172.0641632080078,171000,-0.001488770686102534
2019-03-11,175.33038330078125,110900,0.018982570407906
2019-03-12,176.01126098632812,113200,0.0038833981465655138
2019-03-13,176.88949584960938,144400,0.004989651561836534
2019-03-14,176.6526641845703,108300,-0.0013388678841643354
2019-03-15,177.23487854003906,147900,0.0032958141795158013
2019-03-18,178.03414916992188,157600,0.004509668957186943
2019-03-19,177.87628173828125,171000,-0.0008867255657225117
2019-03-20,176.9684295654297,309500,-0.005103840511953883
2019-03-21,179.93865966796875,126600,0.01678395468521064
2019-03-22,174.02784729003906,212000,-0.03284904082778318
2019-03-25,174.40281677246094,136900,0.0021546521907895677
2019-03-26,176.0605926513672,150300,0.00950544211146033
2019-03-27,174.43238830566406,110800,-0.009247977194574559
2019-03-28,176.40077209472656,105200,0.011284508617821773
2019-03-29,177.58653259277344,116000,0.006721968866497512
2019-04-01,179.3256378173828,218000,0.009793001750855429
2019-04-02,179.53314208984375,132800,0.0011571366759740764
2019-04-03,180.58053588867188,206000,0.005833985784663524
2019-04-04,180.0074462890625,155200,-0.0031735956302770384
2019-04-05,181.67738342285156,117000,0.009277044745734667
2019-04-08,181.4402313232422,155700,-0.0013053473973554915
2019-04-09,179.94813537597656,101400,-0.00822362238178259
2019-04-10,181.94418334960938,98000,0.011092351523745152
2019-04-11,181.71690368652344,85800,-0.0012491724599363262
2019-04-12,182.685302734375,112700,0.005329163265527187
2019-04-15,182.55682373046875,113700,-0.0007032804608976064
2019-04-16,182.29000854492188,146000,-0.0014615459455013706
2019-04-17,179.46397399902344,163500,-0.015502959094996232
2019-04-18,179.7406463623047,274100,0.0015416596273676382
2019-04-22,179.96791076660156,255400,0.0012644018417446673
2019-04-23,182.77420043945312,360300,0.015593278051057721
2019-04-24,183.12005615234375,107600,0.0018922567411542048
2019-04-25,182.1220245361328,131800,-0.005450149138118663
2019-04-26,183.88092041015625,155400,0.009657787840341487
2019-04-29,183.9994659423828,126400,0.0006446864196793247
2019-04-30,183.39674377441406,82600,-0.003275673463951711
2019-05-01,181.29202270507812,107700,-0.011476327365576543
2019-05-02,181.86512756347656,215600,0.003161224911317537
2019-05-03,185.22474670410156,156100,0.018473135480315702
2019-05-06,184.98764038085938,212700,-0.0012801006747816873
2019-05-07,181.19320678710938,159800,-0.02051182222735465
2019-05-08,180.61019897460938,173900,-0.003217603037320254
2019-05-09,180.20504760742188,157400,-0.0022432363703029706
2019-05-10,180.38294982910156,190300,0.0009872210797737969
2019-05-13,174.53321838378906,539200,-0.032429514268696974
2019-05-14,176.98377990722656,167500,0.014040659687194035
2019-05-15,178.0311737060547,139600,0.005918021410646558
2019-05-16,179.7505340576172,100000,0.009657636445184128
2019-05-17,177.4976043701172,98700,-0.012533646697137748
2019-05-20,175.42251586914062,210000,-0.011690797227040865
2019-05-21,178.36712646484375,95100,0.01678581897605269
2019-05-22,177.21104431152344,99700,-0.0064814754615008996
2019-05-23,174.0490264892578,162900,-0.017843232257618434
2019-05-24,175.41265869140625,65500,0.007834759146053598
2019-05-28,174.30593872070312,93800,-0.0063092366249924755
2019-05-29,172.5174102783203,175800,-0.010260857751086944
2019-05-30,173.26840209960938,125100,0.004353136417231723
2019-05-31,171.71705627441406,100900,-0.008953426051124239
2019-06-03,170.6498565673828,181300,-0.006214873060284713
2019-06-04,175.1557159423828,108800,0.026404120493478504
2019-06-05,176.41065979003906,153800,0.007164732483346771
2019-06-06,176.76637268066406,135700,0.0020163911355944326
2019-06-07,178.56480407714844,122400,0.010174058386847805
2019-06-10,179.8789825439453,257200,0.007359672437067093
2019-06-11,179.058837890625,117000,-0.004559424573796147
2019-06-12,179.22683715820312,83900,0.0009382349933531036
2019-06-13,180.6991424560547,209700,0.008214759135385299
2019-06-14,179.02920532226562,72100,-0.009241533252960427
2019-06-17,180.6892547607422,92600,0.009272506323693681
2019-06-18,182.685302734375,135800,0.011046854868463865
2019-06-19,183.7227783203125,332500,0.005679031484245849
2019-06-20,184.7998809814453,162300,0.0058626517135231425
2019-06-21,183.5548095703125,145400,-0.006737403750047994
2019-06-24,181.54891967773438,395300,-0.010928015982113227
2019-06-25,179.5232696533203,139200,-0.011157598888551765
2019-06-26,178.9402618408203,129500,-0.0032475333901051035
2019-06-27,182.11636352539062,137000,0.017749508421954104
2019-06-28,184.24365234375,162300,0.011680931779986858
2019-07-01,185.47055053710938,191400,0.00665910699094429
2019-07-02,185.21334838867188,190800,-0.0013867546502270094
2019-07-03,186.78652954101562,134500,0.008493886461371105
2019-07-05,186.88546752929688,110800,0.0005296848146617802
2019-07-08,185.30235290527344,147100,-0.008471041889735286
2019-07-09,186.2522430419922,87300,0.005126163385547154
2019-07-10,186.925048828125,134100,0.0036123365557596135
2019-07-11,186.6084442138672,117200,-0.0016937516734256738
2019-07-12,187.80563354492188,131000,0.006415515311207564
2019-07-15,187.46922302246094,375700,-0.001791269602040294
2019-07-16,186.88546752929688,120100,-0.0031138737535287165
2019-07-17,186.2819061279297,85800,-0.003229579107174671
2019-07-18,187.09324645996094,112700,0.004355443579550123
2019-07-19,185.9059295654297,107200,-0.006346123748434409
2019-07-22,186.3115997314453,160400,0.002182126019131892
2019-07-23,187.34060668945312,178100,0.005523042899588923
2019-07-24,189.5272979736328,131100,0.011672276090172358
2019-07-25,187.6968231201172,84700,-0.00965810663206037
2019-07-26,189.87356567382812,121500,0.011597119852784743
2019-07-29,188.41908264160156,175400,-0.007660271334057778
2019-07-30,189.64599609375,106400,0.006511619921651948
2019-07-31,187.4791259765625,399500,-0.01142586799521106
2019-08-01,185.66844177246094,180500,-0.009658057635322683
2019-08-02,183.3729705810547,123400,-0.012363281392857164
2019-08-05,177.89144897460938,213500,-0.029892745856033156
2019-08-06,180.66189575195312,175900,0.015573805223989034
2019-08-07,181.50291442871094,189800,0.004655207858067217
2019-08-08,185.49034118652344,201600,0.02196894066612162
2019-08-09,183.49168395996094,180700,-0.010774993532157618
2019-08-12,181.0477752685547,94100,-0.01331890709520943
2019-08-13,183.3729705810547,206700,0.012842993011380305
2019-08-14,178.2080841064453,165200,-0.02816601846086355
2019-08-15,178.48513793945312,184900,0.0015546647863759408
2019-08-16,181.83932495117188,194700,0.018792528332844043
2019-08-19,183.11572265625,130300,0.007019371114696272
2019-08-20,182.37364196777344,166500,-0.004052523058708712
2019-08-21,184.1348419189453,84900,0.00965709700244452
2019-08-22,183.81817626953125,100800,-0.001719748669583436
2019-08-23,179.14805603027344,246800,-0.025406193957718575
2019-08-26,180.81031799316406,138800,0.00927870499811467
2019-08-27,179.2469940185547,190000,-0.00864620997275432
2019-08-28,180.6124267578125,135700,0.0076176046730048385
2019-08-29,183.5015869140625,124300,0.015996463854196164
2019-08-30,183.04644775390625,101100,-0.002480300948947111
2019-09-03,180.76084899902344,202800,-0.012486441462964896
2019-09-04,182.56161499023438,118400,0.009962146123913515
2019-09-05,184.94615173339844,222700,0.013061544965471612
2019-09-06,184.45144653320312,108500,-0.002674860739511004
2019-09-09,183.32347106933594,194600,-0.006115297467532413
2019-09-10,182.8881378173828,199700,-0.0023746727541967324
2019-09-11,185.56951904296875,220300,0.014661318429866382
2019-09-12,185.96530151367188,217600,0.0021327989248680506
2019-09-13,185.49034118652344,164900,-0.0025540266021805104
2019-09-16,186.5115966796875,349700,0.005505707125402929
2019-09-17,186.93756103515625,133100,0.002283849171053398
2019-09-18,186.01632690429688,146500,-0.004928031187301753
2019-09-19,185.5210723876953,262500,-0.002662424986255991
2019-09-20,185.25363159179688,125300,-0.0014415655992950993
2019-09-23,185.14468383789062,91500,-0.0005881005029165338
2019-09-24,182.1829071044922,175400,-0.015997093040984726
2019-09-25,183.28240966796875,214600,0.006035157638833459
2019-09-26,181.6381072998047,118900,-0.008971413956979571
2019-09-27,179.33010864257812,97200,-0.012706577334111234
2019-09-30,180.32064819335938,131800,0.005523554066180203
2019-10-01,177.32919311523438,219500,-0.016589642440266946
2019-10-02,175.56597900390625,194500,-0.009943168862119224
2019-10-03,177.55699157714844,167000,0.011340537526338679
2019-10-04,179.80557250976562,143300,0.012663995445316947
2019-10-07,179.3598175048828,389300,-0.0024790944944634717
2019-10-08,176.12071228027344,114600,-0.018059258030418072
2019-10-09,177.46786499023438,110900,0.007649030557048381
2019-10-10,178.12164306640625,109600,0.0036839237132190146
2019-10-11,180.79611206054688,128700,0.01501484574304957
2019-10-14,180.2314910888672,66600,-0.0031229707610670376
2019-10-15,182.00460815429688,113500,0.009837998091884022
2019-10-16,181.2220458984375,122400,-0.00429968374864414
2019-10-17,182.92581176757812,148100,0.0094015375485578
2019-10-18,181.36074829101562,146000,-0.008555727928385734
2019-10-21,182.33148193359375,115500,0.00535250130872014
2019-10-22,181.1725311279297,161800,-0.006356284682017555
2019-10-23,180.95458984375,71500,-0.001202948829068324
2019-10-24,181.95509338378906,87300,0.0055290310176877725
2019-10-25,182.91592407226562,107400,0.005280592428649023
2019-10-28,184.2234344482422,115000,0.007148149526117786
2019-10-29,184.1243896484375,111500,-0.0005376340968852922
2019-10-30,184.4314422607422,102500,0.0016676368236221506
2019-10-31,183.06446838378906,221400,-0.007411826639736131
2019-11-01,186.02626037597656,241200,0.016178956071246954
2019-11-04,186.3135223388672,179800,0.001544201137570801
2019-11-05,186.29371643066406,196200,-0.00010630419067007922
2019-11-06,185.38238525390625,92900,-0.004891905074517085
2019-11-07,185.69935607910156,153100,0.0017098217004877679
2019-11-08,186.89793395996094,88800,0.006454399768348265
2019-11-11,187.24464416503906,87300,0.001855077783537193
2019-11-12,187.571533203125,123600,0.0017457857849211146
2019-11-13,187.37338256835938,87700,-0.001056400357676043
2019-11-14,187.8587646484375,81900,0.0025904537422813683
2019-11-15,189.59225463867188,113600,0.009227623706982538
2019-11-18,189.48329162597656,94900,-0.0005747229120882393
2019-11-19,190.30545043945312,130400,0.0043389515055471594
2019-11-20,190.30545043945312,162400,0.0
2019-11-21,189.4436798095703,97700,-0.004528354957216479
2019-11-22,189.9884796142578,290000,0.002875787702366927
2019-11-25,193.19786071777344,204600,0.016892503745657508
2019-11-26,194.35684204101562,179400,0.005998934558262248
2019-11-27,195.7733154296875,144100,0.007288003724473734
2019-11-29,194.34690856933594,75300,-0.007286012688812333
2019-12-02,191.8408203125,205500,-0.01289492215381371
2019-12-03,191.66253662109375,171600,-0.000929331365013108
2019-12-04,192.9700164794922,152600,0.0068217810399914145
2019-12-05,192.91061401367188,199900,-0.00030783262034195593
2019-12-06,194.31719970703125,179200,0.007291385704986083
2019-12-09,193.06910705566406,134800,-0.0064229654052699175
2019-12-10,192.6134490966797,130200,-0.0023600770000609343
2019-12-11,192.5044708251953,108100,-0.0005657874462840591
2019-12-12,193.4058837890625,153500,0.004682555994690223
2019-12-13,193.5148468017578,177200,0.000563390371381631
2019-12-16,194.72332763671875,130300,0.006244899835509469
2019-12-17,195.07992553710938,130100,0.0018313054974897715
2019-12-18,195.10964965820312,164700,0.00015236893807454158
2019-12-19,196.23887634277344,108800,0.005787651643824453
2019-12-20,197.37802124023438,223100,0.005804889014300998
2019-12-23,197.72471618652344,122000,0.0017565022899236095
2019-12-24,197.92227172851562,51200,0.00099914439531082
2019-12-26,198.3690185546875,97900,0.002257183197577001
2019-12-27,197.56488037109375,139600,-0.004053748863873421
2019-12-30,196.70114135742188,115100,-0.004371925881004157
2019-12-31,197.26702880859375,108300,0.0028768895150618964
