Date,Adj Close,Volume,LogReturn
2019-01-02,27.479999542236328,0,
2019-01-04,26.219999313354492,25000,-0.04585153747711077
2019-01-07,27.0,62350,0.029748310719757885
2019-01-08,27.0,0,0.0
2019-01-10,27.489999771118164,57028,0.018148139671043114
2019-01-11,27.489999771118164,0,0.0
2019-01-18,27.760000228881836,2509,0.009821770098643021
2019-01-22,27.5,0,-0.009366002404111243
2019-01-25,27.510000228881836,15000,0.0003636446866122159
2019-01-28,27.5,22826,-0.0003635124972240832
2019-01-30,27.600000381469727,20022,0.003636377507990057
2019-01-31,27.600000381469727,0,0.0
2019-02-01,26.899999618530273,15000,-0.02536234613277123
2019-02-04,26.899999618530273,0,0.0
2019-02-05,27.219999313354492,11660,0.011895899604540681
2019-02-06,27.5,4186,0.010286579489667208
2019-02-07,27.5,28010,0.0
2019-02-08,27.700000762939453,10074,0.007272755015980114
2019-02-11,27.700000762939453,0,0.0
2019-03-13,24.75,16766,-0.10649821955551479
2019-03-14,24.75,0,0.0
2019-03-20,24.0,8850,-0.030303030303030304
2019-03-21,24.0,0,0.0
2019-03-28,24.010000228881836,88019,0.00041667620340983075
2019-03-29,24.010000228881836,0,0.0
2019-04-12,20.799999237060547,307,-0.13369433407834588
2019-04-15,20.799999237060547,0,0.0
2019-04-16,21.850000381469727,25000,0.050480826102067
2019-04-17,21.850000381469727,0,0.0
2019-04-24,22.15999984741211,179524,0.014187618330903247
2019-04-25,22.15999984741211,0,0.0
2019-05-09,22.5,900,0.015342967280191409
2019-05-10,22.5,0,0.0
2019-05-20,22.020000457763672,30060,-0.02133331298828125
2019-05-21,22.020000457763672,0,0.0
2019-06-05,21.489999771118164,25000,-0.024069058838672438
2019-06-06,21.489999771118164,0,0.0
2019-08-06,21.0,89086,-0.02280129252382344
2019-09-06,19.520000457763672,82860,-0.07047616867792039
2019-10-22,20.899999618530273,10,0.07069667666005283
2019-11-06,20.8799991607666,8014,-0.0009569597190776573
2019-11-12,20.8799991607666,0,0.0
