Date,Adj Close,Volume,LogReturn
2019-01-02,1620.0,34140,
2019-01-03,1620.0,152690,0.0
2019-01-04,1650.0,44110,0.018518518518518517
2019-01-07,1760.0,319500,0.06666666666666667
2019-01-08,1880.0,707010,0.06818181818181818
2019-01-09,1880.0,162020,0.0
2019-01-10,1770.0,90760,-0.05851063829787234
2019-01-11,1850.0,82420,0.04519774011299435
2019-01-14,1850.0,197190,0.0
2019-01-15,1850.0,40220,0.0
2019-01-16,1850.0,206600,0.0
2019-01-17,1840.0,93760,-0.005405405405405406
2019-01-18,1790.0,86000,-0.02717391304347826
2019-01-22,1700.0,52260,-0.05027932960893855
2019-01-23,1780.0,19160,0.047058823529411764
2019-01-24,1800.0,36370,0.011235955056179775
2019-01-25,1770.0,38540,-0.016666666666666666
2019-01-28,1780.0,44510,0.005649717514124294
2019-01-29,1760.0,37570,-0.011235955056179775
2019-01-30,1800.0,272150,0.022727272727272728
2019-01-31,1790.0,20470,-0.005555555555555556
2019-02-01,1720.0,14580,-0.03910614525139665
2019-02-04,1720.0,0,0.0
2019-02-11,1800.0,49570,0.046511627906976744
2019-02-12,1730.0,29740,-0.03888888888888889
2019-02-13,1780.0,25580,0.028901734104046242
2019-02-14,1700.0,249310,-0.0449438202247191
2019-02-15,1720.0,104390,0.011764705882352941
2019-02-19,1690.0,107190,-0.01744186046511628
2019-02-20,1690.0,0,0.0
2019-02-21,1690.0,29920,0.0
2019-02-22,1690.0,29610,0.0
2019-02-25,1750.0,583570,0.03550295857988166
2019-02-26,1690.0,38540,-0.03428571428571429
2019-02-27,1680.0,52040,-0.005917159763313609
2019-02-28,1670.0,49340,-0.005952380952380952
2019-03-01,1660.0,112140,-0.005988023952095809
2019-03-04,1690.0,24290,0.018072289156626505
2019-03-05,1690.0,113900,0.0
2019-03-06,1650.0,74320,-0.023668639053254437
2019-03-07,1700.0,200500,0.030303030303030304
2019-03-08,1670.0,45710,-0.01764705882352941
2019-03-11,1650.0,20900,-0.011976047904191617
2019-03-12,1690.0,77340,0.024242424242424242
2019-03-13,1690.0,42230,0.0
2019-03-14,1670.0,126440,-0.011834319526627219
2019-03-15,1680.0,78040,0.005988023952095809
2019-03-18,1660.0,123630,-0.011904761904761904
2019-03-19,1690.0,89320,0.018072289156626505
2019-03-20,1640.0,166810,-0.029585798816568046
2019-03-21,1630.0,59860,-0.006097560975609756
2019-03-22,1620.0,41900,-0.006134969325153374
2019-03-25,1570.0,85660,-0.030864197530864196
2019-03-26,1600.0,12620,0.01910828025477707
2019-03-27,1600.0,24690,0.0
2019-03-28,1580.0,57950,-0.0125
2019-03-29,1580.0,64260,0.0
2019-04-01,1590.0,33700,0.006329113924050633
2019-04-02,1590.0,146400,0.0
2019-04-03,1600.0,35220,0.006289308176100629
2019-04-04,1600.0,402280,0.0
2019-04-05,1600.0,54530,0.0
2019-04-08,1580.0,20960,-0.0125
2019-04-09,1580.0,216810,0.0
2019-04-10,1570.0,48960,-0.006329113924050633
2019-04-11,1600.0,36150,0.01910828025477707
2019-04-12,1580.0,38520,-0.0125
2019-04-15,1580.0,0,0.0
2019-04-16,1600.0,32550,0.012658227848101266
2019-04-17,1550.0,40420,-0.03125
2019-04-18,1520.0,62270,-0.01935483870967742
2019-04-22,1600.0,103850,0.05263157894736842
2019-04-23,1580.0,57960,-0.0125
2019-04-24,1600.0,91960,0.012658227848101266
2019-04-25,1590.0,14060,-0.00625
2019-04-26,1570.0,144410,-0.012578616352201259
2019-04-29,1570.0,0,0.0
2019-05-02,1570.0,5550,0.0
2019-05-03,1540.0,61190,-0.01910828025477707
2019-05-06,1510.0,117140,-0.01948051948051948
2019-05-07,1500.0,103910,-0.006622516556291391
2019-05-08,1520.0,13470,0.013333333333333334
2019-05-09,1510.0,31600,-0.006578947368421052
2019-05-10,1540.0,15850,0.019867549668874173
2019-05-13,1500.0,30300,-0.025974025974025976
2019-05-14,1600.0,456920,0.06666666666666667
2019-05-15,1620.0,127730,0.0125
2019-05-16,1600.0,16040,-0.012345679012345678
2019-05-17,1550.0,129480,-0.03125
2019-05-20,1550.0,46230,0.0
2019-05-21,1540.0,97860,-0.0064516129032258064
2019-05-22,1550.0,25800,0.006493506493506494
2019-05-23,1520.0,96350,-0.01935483870967742
2019-05-24,1570.0,244280,0.03289473684210526
2019-05-28,1640.0,84550,0.044585987261146494
2019-05-29,1620.0,108350,-0.012195121951219513
2019-05-30,1620.0,100160,0.0
2019-05-31,1630.0,8900,0.006172839506172839
2019-06-03,1610.0,6360,-0.012269938650306749
2019-06-04,1610.0,20590,0.0
2019-06-05,1600.0,19870,-0.006211180124223602
2019-06-06,1550.0,65400,-0.03125
2019-06-07,1560.0,33530,0.0064516129032258064
2019-06-10,1560.0,26840,0.0
2019-06-11,1560.0,89620,0.0
2019-06-12,1520.0,32270,-0.02564102564102564
2019-06-13,1600.0,80850,0.05263157894736842
2019-06-14,1600.0,3300,0.0
2019-06-17,1580.0,18470,-0.0125
2019-06-18,1590.0,20350,0.006329113924050633
2019-06-19,1540.0,26030,-0.031446540880503145
2019-06-20,1520.0,13220,-0.012987012987012988
2019-06-21,1520.0,34560,0.0
2019-06-24,1520.0,29340,0.0
2019-06-25,1480.0,628960,-0.02631578947368421
2019-06-26,1510.0,89500,0.02027027027027027
2019-06-27,1540.0,31170,0.019867549668874173
2019-06-28,1450.0,115810,-0.05844155844155844
2019-07-01,1480.0,101470,0.020689655172413793
2019-07-02,1480.0,20080,0.0
2019-07-03,1470.0,52670,-0.006756756756756757
2019-07-05,1470.0,0,0.0
2019-07-17,1520.0,155380,0.034013605442176874
2019-07-18,1500.0,269240,-0.013157894736842105
2019-07-19,1500.0,90900,0.0
2019-07-22,1500.0,25320,0.0
2019-07-23,1460.0,43010,-0.02666666666666667
2019-07-24,1470.0,47650,0.00684931506849315
2019-07-31,1470.0,116210,0.0
2019-08-01,1500.0,61520,0.02040816326530612
2019-08-02,1520.0,197910,0.013333333333333334
2019-08-05,1560.0,285740,0.02631578947368421
2019-08-06,1560.0,0,0.0
2019-08-07,1560.0,340780,0.0
2019-08-08,1660.0,614430,0.0641025641025641
2019-08-09,1660.0,0,0.0
2019-08-12,1890.0,771900,0.13855421686746988
2019-08-13,1760.0,216940,-0.06878306878306878
2019-08-14,1700.0,133510,-0.03409090909090909
2019-08-15,1810.0,542860,0.06470588235294118
2019-08-16,1810.0,0,0.0
2019-08-21,1690.0,163470,-0.06629834254143646
2019-08-22,1770.0,33810,0.047337278106508875
2019-08-23,1780.0,129410,0.005649717514124294
2019-08-26,1760.0,108660,-0.011235955056179775
2019-08-27,1880.0,712670,0.06818181818181818
2019-08-28,2010.0,791160,0.06914893617021277
2019-08-29,2150.0,1157040,0.06965174129353234
2019-08-30,2150.0,0,0.0
2019-09-04,2200.0,1216640,0.023255813953488372
2019-09-05,2120.0,329320,-0.03636363636363636
2019-09-06,2200.0,448510,0.03773584905660377
2019-09-09,2170.0,192250,-0.013636363636363636
2019-09-10,2090.0,857080,-0.03686635944700461
2019-09-11,2030.0,110540,-0.028708133971291867
2019-09-12,2140.0,445300,0.054187192118226604
2019-09-13,2120.0,156580,-0.009345794392523364
2019-09-16,2050.0,70960,-0.0330188679245283
2019-09-17,1970.0,164220,-0.03902439024390244
2019-09-18,1990.0,89410,0.01015228426395939
2019-09-19,2000.0,63740,0.005025125628140704
2019-09-20,1980.0,87140,-0.01
2019-09-23,1970.0,181910,-0.005050505050505051
2019-09-24,1990.0,53710,0.01015228426395939
2019-09-25,1950.0,132940,-0.020100502512562814
2019-09-26,1960.0,5300,0.005128205128205128
2019-09-27,1890.0,101430,-0.03571428571428571
2019-09-30,1900.0,178230,0.005291005291005291
2019-10-01,1940.0,90280,0.021052631578947368
2019-10-02,1900.0,82590,-0.020618556701030927
2019-10-03,1850.0,21160,-0.02631578947368421
2019-10-04,1850.0,30930,0.0
2019-10-07,1790.0,99200,-0.032432432432432434
2019-10-08,1820.0,33280,0.01675977653631285
2019-10-09,1790.0,32120,-0.016483516483516484
2019-10-10,1790.0,21330,0.0
2019-10-11,1800.0,53040,0.00558659217877095
2019-10-14,1770.0,15180,-0.016666666666666666
2019-10-15,1750.0,116310,-0.011299435028248588
2019-10-16,1780.0,56270,0.017142857142857144
2019-10-17,1700.0,62470,-0.0449438202247191
2019-10-18,1630.0,83770,-0.041176470588235294
2019-10-21,1740.0,229930,0.06748466257668712
2019-10-22,1850.0,154480,0.06321839080459771
2019-10-23,1800.0,5140,-0.02702702702702703
2019-10-24,1750.0,68040,-0.027777777777777776
2019-10-25,1720.0,79720,-0.017142857142857144
2019-10-28,1720.0,22510,0.0
2019-10-29,1760.0,105870,0.023255813953488372
2019-10-30,1750.0,12520,-0.005681818181818182
2019-10-31,1770.0,39900,0.011428571428571429
2019-11-01,1760.0,78020,-0.005649717514124294
2019-11-04,1700.0,292620,-0.03409090909090909
2019-11-05,1750.0,20460,0.029411764705882353
2019-11-06,1710.0,13660,-0.022857142857142857
2019-11-07,1710.0,17080,0.0
2019-11-08,1700.0,35290,-0.005847953216374269
2019-11-11,1730.0,7680,0.01764705882352941
2019-11-12,1770.0,14490,0.023121387283236993
2019-11-13,1740.0,44760,-0.01694915254237288
2019-11-14,1750.0,29190,0.005747126436781609
2019-11-15,1840.0,277710,0.05142857142857143
2019-11-18,1800.0,42210,-0.021739130434782608
2019-11-19,1750.0,64950,-0.027777777777777776
2019-11-20,1800.0,64420,0.02857142857142857
2019-11-21,1750.0,45010,-0.027777777777777776
2019-11-22,1750.0,3080,0.0
2019-11-25,1760.0,22770,0.005714285714285714
2019-11-26,1740.0,74120,-0.011363636363636364
2019-11-27,1690.0,76200,-0.028735632183908046
2019-11-29,1650.0,325500,-0.023668639053254437
2019-12-02,1650.0,80740,0.0
2019-12-06,1640.0,43190,-0.006060606060606061
2019-12-09,1640.0,53910,0.0
2019-12-10,1620.0,140010,-0.012195121951219513
2019-12-11,1620.0,15840,0.0
2019-12-12,1650.0,12870,0.018518518518518517
2019-12-13,1680.0,5640,0.01818181818181818
2019-12-16,1670.0,19530,-0.005952380952380952
2019-12-17,1650.0,96130,-0.011976047904191617
2019-12-18,1660.0,102780,0.006060606060606061
2019-12-19,1650.0,50020,-0.006024096385542169
2019-12-20,1640.0,19870,-0.006060606060606061
2019-12-23,1660.0,15800,0.012195121951219513
2019-12-24,1640.0,129250,-0.012048192771084338
2019-12-26,1670.0,332960,0.018292682926829267
2019-12-27,1620.0,216820,-0.029940119760479042
2019-12-30,1670.0,210120,0.030864197530864196
2019-12-31,1650.0,43360,-0.011976047904191617
