Date,Adj Close,Volume,LogReturn
2019-01-02,75.71390533447266,76400,
2019-01-03,74.18323516845703,42700,-0.02021649998443164
2019-01-04,75.65464782714844,43100,0.019834840787815305
2019-01-07,76.66193389892578,53900,0.013314265556806705
2019-01-08,78.21234893798828,50300,0.02022405332360426
2019-01-09,78.98263549804688,90700,0.009848656516751925
2019-01-10,79.82202911376953,49100,0.010627571622922272
2019-01-11,80.5231704711914,86800,0.008783807743380532
2019-01-14,81.095947265625,61700,0.007113192278469895
2019-01-15,80.92806243896484,66700,-0.0020701999584548827
2019-01-16,81.75879669189453,65200,0.010265095047298571
2019-01-17,82.3917465209961,81400,0.007741672513684542
2019-01-18,85.0224380493164,72000,0.031929066191720146
2019-01-22,84.58728790283203,55700,-0.0051180624370236304
2019-01-23,84.77519226074219,80500,0.0022214254951170398
2019-01-24,85.84329223632812,79400,0.012599204402872875
2019-01-25,85.45758056640625,44800,-0.004493206864200919
2019-01-28,84.5675048828125,31000,-0.010415409349227968
2019-01-29,84.54772186279297,34000,-0.00023393169807889118
2019-01-30,85.52681732177734,50700,0.011580388417481971
2019-01-31,85.18067932128906,36100,-0.004047128273065594
2019-02-01,84.84442901611328,47800,-0.003947494993641625
2019-02-04,85.84329223632812,34800,0.011772879277968199
2019-02-05,85.69493865966797,20400,-0.001728190669245725
2019-02-06,85.78395080566406,21400,0.0010387094895954107
2019-02-07,85.2202377319336,50400,-0.006571311631560439
2019-02-08,85.12133026123047,30100,-0.0011606101242552923
2019-02-11,84.95320892333984,21600,-0.0019750788359941536
2019-02-12,86.07074737548828,25800,0.013154752672814077
2019-02-13,86.1696548461914,41900,0.0011491415343663257
2019-02-14,86.55534362792969,69200,0.004475923484046869
2019-02-15,87.999267578125,58300,0.01668208905047183
2019-02-19,89.10691833496094,42600,0.012587045180263285
2019-02-20,91.67825317382812,59200,0.028856736232323824
2019-02-21,92.85514068603516,68000,0.012837150266983965
2019-02-22,93.67598724365234,53000,0.008840076613449554
2019-02-25,93.1518325805664,49000,-0.005595400470374602
2019-02-26,93.29029083251953,68700,0.0014863717451116527
2019-02-27,93.9627914428711,31900,0.007208688110522422
2019-02-28,94.98143768310547,84500,0.010840953366670751
2019-03-01,95.82206726074219,110800,0.008850461712754672
2019-03-04,95.85173797607422,126400,0.000309643865763134
2019-03-05,96.33634185791016,104700,0.005055765206436848
2019-03-06,96.93960571289062,149500,0.006262058983620571
2019-03-07,95.37703704833984,217500,-0.01611899133547845
2019-03-08,97.46378326416016,68800,0.02187891635554467
2019-03-11,97.20663452148438,133900,-0.0026384030463789845
2019-03-12,96.0396499633789,87300,-0.012005194540991384
2019-03-13,97.918701171875,78500,0.019565369190876883
2019-03-14,97.13741302490234,88200,-0.007978947204388206
2019-03-15,97.25608825683594,147900,0.0012217252677212017
2019-03-18,97.99781799316406,69600,0.00762656353573824
2019-03-19,98.16595458984375,72800,0.001715717759056799
2019-03-20,98.4527587890625,60300,0.002921625938616633
2019-03-21,98.29450225830078,124200,-0.0016074362233036794
2019-03-22,96.21766662597656,128800,-0.021128705925654495
2019-03-25,96.58358001708984,86800,0.003802975107842545
2019-03-26,96.78137969970703,75600,0.0020479638731779057
2019-03-27,96.94951629638672,71700,0.0017372824938162819
2019-03-28,97.84947204589844,77100,0.009282725524492996
2019-03-29,98.83844757080078,95300,0.010107111507341022
2019-04-01,98.23519134521484,94700,-0.006103457110187895
2019-04-02,98.67034149169922,75900,0.004429676784108709
2019-04-03,99.26371765136719,57900,0.006013723583979765
2019-04-04,100.52960968017578,64800,0.012752817028822598
2019-04-05,99.95599365234375,101000,-0.005705941062110252
2019-04-08,100.2230224609375,94600,0.0026714636995406305
2019-04-09,96.7220458984375,92900,-0.03493185973177496
2019-04-10,97.07807922363281,87400,0.003680994564250259
2019-04-11,97.87914276123047,41100,0.00825174482235372
2019-04-12,98.63076782226562,55300,0.007679113648029127
2019-04-15,97.71980285644531,30500,-0.00923611349616468
2019-04-16,98.43274688720703,52100,0.00729579890586829
2019-04-17,100.77943420410156,74600,0.023840514372555036
2019-04-18,100.7497329711914,32200,-0.00029471521788864595
2019-04-22,100.14572143554688,60100,-0.005995167608208387
2019-04-23,102.8291015625,75100,0.026794755567067643
2019-04-24,102.67066192626953,59600,-0.0015408054123099424
2019-04-25,101.18540954589844,51300,-0.014466181015153989
2019-04-26,103.1657485961914,44700,0.019571389384896175
2019-04-29,103.3538589477539,48800,0.001823379892281851
2019-04-30,102.62115478515625,74000,-0.0070892772660578
2019-05-01,103.26476287841797,121800,0.00627169022419551
2019-05-02,102.47262573242188,75400,-0.007670933665230428
2019-05-03,104.00739288330078,59900,0.014977337995481
2019-05-06,104.52227020263672,60900,0.004950391554508479
2019-05-07,103.5321044921875,93000,-0.00947325109308849
2019-05-08,103.47269439697266,75400,-0.0005738325856143185
2019-05-09,103.47269439697266,46000,0.0
2019-05-10,103.8093490600586,75400,0.003253560420436748
2019-05-13,101.37353515625,101000,-0.023464301875155396
2019-05-14,101.55176544189453,83100,0.001758153993247051
2019-05-15,96.99699401855469,111700,-0.04485172073099974
2019-05-16,95.53153991699219,139200,-0.01510824243978294
2019-05-17,93.2442398071289,145200,-0.02394287909365564
2019-05-20,94.55126953125,70900,0.014017270416109564
2019-05-21,97.1355972290039,37700,0.027332554185322322
2019-05-22,95.96720886230469,38500,-0.012028426241562732
2019-05-23,93.3333511352539,60100,-0.027445392632288422
2019-05-24,94.49185180664062,39800,0.012412504825931718
2019-05-28,92.9769058227539,106200,-0.016032556828146027
2019-05-29,95.0859603881836,53200,0.022683638982891878
2019-05-30,95.83849334716797,123500,0.007914238399782654
2019-05-31,93.99678039550781,78900,-0.019216839573934923
2019-06-03,93.88786315917969,62300,-0.0011587336914076927
2019-06-04,96.78904724121094,80600,0.03090052307519785
2019-06-05,97.64060974121094,71900,0.008798128758079364
2019-06-06,97.46236419677734,52700,-0.0018255267445176767
2019-06-07,96.94747924804688,48300,-0.0052829105160112026
2019-06-10,98.07628631591797,43100,0.011643490646961147
2019-06-11,96.67021942138672,41000,-0.014336461415373173
2019-06-12,96.6405258178711,39600,-0.000307163919698891
2019-06-13,97.98715209960938,31300,0.01393438487986019
2019-06-14,96.59101867675781,37500,-0.014248127360945396
2019-06-17,97.01680755615234,58600,0.0044081622207488595
2019-06-18,99.24468231201172,46700,0.022963801963591757
2019-06-19,99.56153106689453,37400,0.003192601835196402
2019-06-20,100.01699829101562,34400,0.004574731015486988
2019-06-21,98.04656982421875,81300,-0.01970093584556092
2019-06-24,97.76931762695312,73100,-0.002827760295568649
2019-06-25,97.71980285644531,88800,-0.000506444881785308
2019-06-26,96.47219848632812,71500,-0.01276716012157713
2019-06-27,98.38323211669922,78700,0.019809164301795426
2019-06-28,98.94762420654297,133200,0.0057366695289527096
2019-07-01,99.42290496826172,62300,0.0048033569833536415
2019-07-02,96.43258666992188,85600,-0.03007675443897388
2019-07-03,95.84839630126953,44500,-0.006058018236635745
2019-07-05,95.75927734375,38600,-0.0009297908046308215
2019-07-08,94.94734191894531,69400,-0.008478921806083166
2019-07-09,94.08587646484375,78100,-0.009073086583476752
2019-07-10,94.40274810791016,93200,0.0033678980838830674
2019-07-11,94.72949981689453,56900,0.00346125208781921
2019-07-12,95.88797760009766,68000,0.012229324396754773
2019-07-15,96.829833984375,56800,0.009822465838265678
2019-07-16,97.63287353515625,87400,0.008293307111430481
2019-07-17,96.9587173461914,55500,-0.00690501226231029
2019-07-18,97.08760833740234,30600,0.0013293388644027933
2019-07-19,96.76042938232422,71100,-0.003369935264458271
2019-07-22,95.263427734375,53500,-0.015471217495678917
2019-07-23,96.35395812988281,56200,0.011447524212004644
2019-07-24,96.77034759521484,77900,0.004321456776801512
2019-07-25,97.68242645263672,59600,0.009425189431343697
2019-07-26,98.5449447631836,76600,0.008829820694156122
2019-07-29,97.6229476928711,65100,-0.00935610723135702
2019-07-30,98.67383575439453,81900,0.01076476470296316
2019-07-31,97.04793548583984,86700,-0.016477521686718018
2019-08-01,108.45892333984375,174300,0.11758094385911869
2019-08-02,107.87399291992188,82200,-0.005393105536268895
2019-08-05,106.40673065185547,65700,-0.0136016312027645
2019-08-06,107.85417175292969,79900,0.013602909254020756
2019-08-07,106.37699127197266,43600,-0.013696090350041615
2019-08-08,107.80460357666016,55600,0.013420310986588654
2019-08-09,106.25802612304688,89300,-0.014346116977402599
2019-08-12,104.38428497314453,73400,-0.017633878759732935
2019-08-13,106.68431854248047,55700,0.022034289643576892
2019-08-14,105.01876831054688,51700,-0.01561194986000113
2019-08-15,106.17871856689453,78700,0.0110451710204562
2019-08-16,110.01541900634766,92400,0.03613436375233643
2019-08-19,115.94398498535156,194500,0.053888500653366055
2019-08-20,113.40599060058594,91500,-0.02188983227621749
2019-08-21,115.33921813964844,82400,0.017046961353843256
2019-08-22,114.34783172607422,47400,-0.008595397381434344
2019-08-23,110.6399917602539,54900,-0.032425975288299505
2019-08-26,110.98699188232422,53300,0.0031362992399911597
2019-08-27,108.47874450683594,59000,-0.022599471640313413
2019-08-28,110.67965698242188,66400,0.020288882265292477
2019-08-29,112.03787231445312,77900,0.012271589640424721
2019-08-30,113.19781494140625,55700,0.010353129731860231
2019-09-03,110.30293273925781,85600,-0.025573657968989014
2019-09-04,111.39347076416016,46100,0.009886754575059557
2019-09-05,112.58313751220703,54500,0.0106798606766245
2019-09-06,113.81246948242188,58300,0.010919325907767948
2019-09-09,114.92284393310547,60200,0.00975617571372607
2019-09-10,116.58838653564453,61400,0.014492702630197222
2019-09-11,121.15872955322266,91400,0.039200671296543206
2019-09-12,115.20043182373047,131500,-0.0491776180838445
2019-09-13,117.17330932617188,68200,0.017125608569420376
2019-09-16,118.79920959472656,64200,0.013876029258751385
2019-09-17,122.02124786376953,151200,0.027121714698563056
2019-09-18,118.36299133300781,89600,-0.029980487782308
2019-09-19,118.50178527832031,100000,0.0011726126870350109
2019-09-20,115.15086364746094,167800,-0.028277393652671155
2019-09-23,117.38150024414062,56900,0.019371427412901324
2019-09-24,116.74703216552734,74600,-0.005405179498418893
2019-09-25,117.8672866821289,45400,0.009595571688822316
2019-09-26,116.16209411621094,33700,-0.014467055396945103
2019-09-27,116.4594955444336,47500,0.0025602278478651544
2019-09-30,116.70735931396484,80600,0.002128325976104549
2019-10-01,113.73316192626953,78800,-0.025484231715792314
2019-10-02,115.60689544677734,84100,0.016474821316605166
2019-10-03,114.9823226928711,77900,-0.005402556235875986
2019-10-04,116.15216064453125,66900,0.010174067841583846
2019-10-07,114.35773468017578,82300,-0.015448924534835633
2019-10-08,112.86073303222656,70100,-0.013090515059045918
2019-10-09,112.9995346069336,57400,0.0012298482472854174
2019-10-10,113.84221649169922,63100,0.007457392525525662
2019-10-11,117.88142395019531,67800,0.03548075207048179
2019-10-14,116.01566314697266,71000,-0.015827436933667657
2019-10-15,117.04779052734375,65700,0.008896448568876076
2019-10-16,117.31574249267578,56200,0.0022892526559007064
2019-10-17,118.6257553100586,42800,0.011166556078052345
2019-10-18,118.60591888427734,75300,-0.00016721854144913519
2019-10-21,120.24342346191406,89000,0.013806263574707567
2019-10-22,122.2183609008789,100200,0.016424494430586353
2019-10-23,121.98019409179688,97000,-0.001948699093380809
2019-10-24,121.92063903808594,83200,-0.0004882354398134423
2019-10-25,120.64039611816406,95800,-0.010500625078924897
2019-10-28,122.79399108886719,41500,0.017851358583021695
2019-10-29,126.81334686279297,145200,0.03273251189479569
2019-10-30,128.75852966308594,137900,0.015338943797434664
2019-10-31,106.25009155273438,554700,-0.17481123906313567
2019-11-01,108.79073333740234,187400,0.023911902074992466
2019-11-04,108.61209106445312,108500,-0.0016420725136136332
2019-11-05,112.60169219970703,154300,0.03673256905519273
2019-11-06,110.13052368164062,92600,-0.02194610462588444
2019-11-07,107.09366607666016,157800,-0.027575076404424016
2019-11-08,106.6470718383789,89300,-0.00417012746544289
2019-11-11,108.1158676147461,90100,0.013772490430802567
2019-11-12,109.83277893066406,128300,0.01588028985750651
2019-11-13,109.93202209472656,87400,0.000903584203447596
2019-11-14,111.40083312988281,90200,0.013361084488108483
2019-11-15,110.56718444824219,284500,-0.007483325377546052
2019-11-18,111.19242095947266,71800,0.00565481082249272
2019-11-19,113.07804870605469,96600,0.016958239872026024
2019-11-20,113.37577056884766,147600,0.002632888223663055
2019-11-21,113.4551773071289,125200,0.0007003854340555957
2019-11-22,114.73542022705078,74400,0.011284129559431146
2019-11-25,117.34551239013672,95700,0.022748791593047785
2019-11-26,116.46224212646484,160000,-0.007527090262602294
2019-11-27,116.40270233154297,57900,-0.0005112368939043909
2019-11-29,113.9315414428711,28900,-0.02122941168181313
2019-12-02,113.36585235595703,54000,-0.004965166623307006
2019-12-03,113.891845703125,39800,0.004639786463355862
2019-12-04,114.09033203125,79500,0.0017427615374886656
2019-12-05,114.48729705810547,84100,0.003479392335774233
2019-12-06,116.5118637084961,113700,0.017683766692151895
2019-12-09,116.84928894042969,68000,0.002896059003723486
2019-12-10,116.9981689453125,45100,0.001274119904646679
2019-12-11,115.9362564086914,56800,-0.009076317571409642
2019-12-12,116.97831726074219,50900,0.008988222358822524
2019-12-13,117.93106079101562,43400,0.008144616477511746
2019-12-16,118.13945770263672,67200,0.001767107920706248
2019-12-17,117.0378646850586,46200,-0.009324513917703035
2019-12-18,117.3355941772461,48000,0.002543873241268294
2019-12-19,117.68295288085938,47900,0.0029603864543317035
2019-12-20,119.59835052490234,353300,0.016275914201287007
2019-12-23,121.12670135498047,72000,0.012779029337531684
2019-12-24,121.25570678710938,23100,0.0010650453672542105
2019-12-26,121.67253875732422,35300,0.0034376276487067324
2019-12-27,123.16118621826172,88000,0.012234868082325512
2019-12-30,123.16118621826172,67700,0.0
2019-12-31,124.6002197265625,159000,0.011684147843059737
