Date,Adj Close,Volume,LogReturn
2019-01-02,27.940000534057617,700600,
2019-01-03,28.25,432000,0.011095184682065674
2019-01-04,31.049999237060547,983500,0.09911501724108131
2019-01-07,31.989999771118164,675100,0.030273769956672164
2019-01-08,32.709999084472656,622800,0.022507012144605765
2019-01-09,32.150001525878906,731600,-0.017120072585375866
2019-01-10,31.6299991607666,676500,-0.016174256312048153
2019-01-11,31.360000610351562,507900,-0.008536154207362149
2019-01-14,31.5,362200,0.0044642661646577065
2019-01-15,31.469999313354492,446000,-0.0009524027506510416
2019-01-16,32.119998931884766,351700,0.020654580003579535
2019-01-17,32.720001220703125,459300,0.018680022066337967
2019-01-18,33.97999954223633,537500,0.03850850472266965
2019-01-22,33.619998931884766,661200,-0.010594485438532461
2019-01-23,33.18000030517578,319600,-0.013087407515997731
2019-01-24,33.970001220703125,425300,0.02380955118328045
2019-01-25,34.11000061035156,229600,0.004121265369961612
2019-01-28,33.9900016784668,371900,-0.0035179985264599746
2019-01-29,33.63999938964844,458900,-0.010297213048979969
2019-01-30,34.47999954223633,189600,0.024970278472905443
2019-01-31,33.619998931884766,310100,-0.024942013392375582
2019-02-01,34.650001525878906,274900,0.030636604007066155
2019-02-04,34.400001525878906,319100,-0.007215006897280611
2019-02-05,34.41999816894531,294100,0.0005812977377737295
2019-02-06,34.970001220703125,393300,0.015979171441503466
2019-02-07,34.040000915527344,351900,-0.02659423141870517
2019-02-08,33.88999938964844,313500,-0.004406625201072867
2019-02-11,34.4900016784668,361600,0.01770440541824346
2019-02-12,36.220001220703125,346400,0.050159450798647594
2019-02-13,35.4900016784668,781200,-0.020154597394631366
2019-02-14,35.959999084472656,396700,0.013243093372154603
2019-02-15,36.790000915527344,506300,0.023081252841663114
2019-02-19,39.22999954223633,928700,0.06632233123101594
2019-02-20,40.220001220703125,575000,0.025235832016794392
2019-02-21,40.220001220703125,283500,0.0
2019-02-22,40.470001220703125,245800,0.00621581283969015
2019-02-25,41.68000030517578,467400,0.029898666863732645
2019-02-26,41.77000045776367,433600,0.0021593126662408997
2019-02-27,42.25,489500,0.011491489992241836
2019-02-28,41.97999954223633,587900,-0.006390543379021819
2019-03-01,41.97999954223633,600300,0.0
2019-03-04,41.5099983215332,733300,-0.011195836727683952
2019-03-05,41.0,668400,-0.012286156158879988
2019-03-06,40.040000915527344,537200,-0.02341461181640625
2019-03-07,39.54999923706055,443900,-0.012237803877691128
2019-03-08,39.36000061035156,367100,-0.004804010881773801
2019-03-11,39.84000015258789,551500,0.012195110131936575
2019-03-12,39.869998931884766,184900,0.0007529814051701596
2019-03-13,41.11000061035156,360200,0.03110112143682916
2019-03-14,40.970001220703125,466200,-0.0034054825485258064
2019-03-15,41.91999816894531,780500,0.023187623137343995
2019-03-18,42.060001373291016,256400,0.0033397712419133327
2019-03-19,41.75,542100,-0.007370455615055519
2019-03-20,42.52000045776367,270600,0.018443124736854416
2019-03-21,42.79999923706055,273300,0.006585107626586358
2019-03-22,39.7599983215332,357400,-0.0710280600401274
2019-03-25,40.619998931884766,449200,0.021629794936027544
2019-03-26,41.59000015258789,437900,0.02387989281658302
2019-03-27,41.900001525878906,327800,0.0074537478276908865
2019-03-28,41.470001220703125,487400,-0.010262536742634675
2019-03-29,41.060001373291016,390900,-0.00988666108858045
2019-04-01,41.65999984741211,493800,0.014612724161070895
2019-04-02,41.029998779296875,509600,-0.015122445281390695
2019-04-03,39.72999954223633,823100,-0.03168411590878494
2019-04-04,40.13999938964844,712900,0.010319653967683666
2019-04-05,41.79999923706055,827600,0.04135525342933116
2019-04-08,40.63999938964844,374400,-0.02775119302833946
2019-04-09,40.47999954223633,419900,-0.003937004178520325
2019-04-10,42.060001373291016,573500,0.03903166622830945
2019-04-11,41.15999984741211,749200,-0.021398038433028347
2019-04-12,41.41999816894531,424500,0.006316771683602187
2019-04-15,40.790000915527344,308700,-0.015209977819127715
2019-04-16,41.75,337100,0.023535157218082282
2019-04-17,40.869998931884766,181800,-0.021077869894975673
2019-04-18,41.0,410300,0.003180843442934713
2019-04-22,42.83000183105469,622700,0.04463419100133384
2019-04-23,43.0,379900,0.003969137559598519
2019-04-24,41.7400016784668,573500,-0.029302286547283795
2019-04-25,40.5099983215332,301100,-0.029468215320368297
2019-04-26,39.97999954223633,367600,-0.01308315974466858
2019-04-29,40.5,289000,0.013006514850364729
2019-04-30,39.689998626708984,539400,-0.020000033908420138
2019-05-01,38.88999938964844,1207000,-0.0201561921073536
2019-05-02,39.15999984741211,537500,0.006942670660867621
2019-05-03,40.439998626708984,360100,0.032686383664055706
2019-05-06,40.290000915527344,523600,-0.0037091423411318614
2019-05-07,38.65999984741211,229300,-0.04045671459607858
2019-05-08,38.52000045776367,432100,-0.003621298246275317
2019-05-09,38.279998779296875,299400,-0.006230573094877125
2019-05-10,37.869998931884766,396600,-0.010710550169449096
2019-05-13,36.88999938964844,278700,-0.0258779923389756
2019-05-14,36.959999084472656,771500,0.0018975249656377358
2019-05-15,37.41999816894531,283400,0.012445862983419483
2019-05-16,36.59000015258789,552900,-0.022180600132851783
2019-05-17,34.43000030517578,681200,-0.05903251813075873
2019-05-20,34.560001373291016,616100,0.0037758079280554527
2019-05-21,34.130001068115234,561200,-0.012442137965541231
2019-05-22,33.040000915527344,610200,-0.031936716040896505
2019-05-23,32.31999969482422,446200,-0.021791803896856317
2019-05-24,30.8700008392334,835700,-0.04486382640105735
2019-05-28,31.780000686645508,575700,0.029478452305565523
2019-05-29,31.770000457763672,529700,-0.0003146705055308008
2019-05-30,31.989999771118164,906400,0.006924750084500887
2019-05-31,31.010000228881836,515900,-0.030634559213754995
2019-06-03,31.510000228881836,759400,0.016123830903242438
2019-06-04,32.130001068115234,580200,0.019676319731191567
2019-06-05,32.0,466700,-0.004046095978634846
2019-06-06,32.439998626708984,804300,0.013749957084655762
2019-06-07,32.779998779296875,558000,0.010480892940234486
2019-06-10,32.220001220703125,641100,-0.0170835137110326
2019-06-11,32.06999969482422,427700,-0.004655540664055656
2019-06-12,30.600000381469727,388800,-0.04583721008241031
2019-06-13,32.04999923706055,706500,0.04738558292531552
2019-06-14,31.049999237060547,507100,-0.031201248792657215
2019-06-17,31.229999542236328,348400,0.005797111420245612
2019-06-18,31.809999465942383,363900,0.01857188383629806
2019-06-19,31.469999313354492,609000,-0.01068846772386508
2019-06-20,31.850000381469727,822800,0.01207502626013654
2019-06-21,32.189998626708984,949100,0.010674984024083975
2019-06-24,31.229999542236328,471600,-0.02982289920559726
2019-06-25,31.43000030517578,836700,0.006404123146686778
2019-06-26,32.27000045776367,471100,0.026726062501805398
2019-06-27,32.779998779296875,592300,0.015804100226174782
2019-06-28,33.540000915527344,836200,0.023184934854557387
2019-07-01,33.81999969482422,336100,0.008348204283060993
2019-07-02,31.700000762939453,835500,-0.06268477087565463
2019-07-03,31.850000381469727,357100,0.00473184905110912
2019-07-05,31.969999313354492,201700,0.003767627329592774
2019-07-08,32.02000045776367,330300,0.0015640020482669587
2019-07-09,31.969999313354492,384200,-0.0015615597655950766
2019-07-10,31.920000076293945,606100,-0.0015639423876891113
2019-07-11,31.40999984741211,322900,-0.015977450741317456
2019-07-12,31.790000915527344,771800,0.012098092007680888
2019-07-15,30.860000610351562,647800,-0.02925449129891458
2019-07-16,31.149999618530273,411900,0.00939724570457185
2019-07-17,30.25,531900,-0.028892443966352044
2019-07-18,29.90999984741211,471500,-0.011239674465715393
2019-07-19,30.290000915527344,495100,0.012704816785484305
2019-07-22,31.6200008392334,734600,0.043908876972805454
2019-07-23,31.6299991607666,488700,0.0003162024436380605
2019-07-24,31.43000030517578,612900,-0.00632307495723541
2019-07-25,30.389999389648438,621700,-0.033089433834847276
2019-07-26,31.860000610351562,1051900,0.048371215867935906
2019-07-29,31.329999923706055,1150600,-0.01663530058041827
2019-07-30,32.63999938964844,795000,0.041812941881023205
2019-07-31,32.529998779296875,871000,-0.0033701168017315733
2019-08-01,31.43000030517578,1021600,-0.033814894417431324
2019-08-02,30.75,585300,-0.021635389709614518
2019-08-05,29.579999923706055,877000,-0.03804878296890879
2019-08-06,29.360000610351562,430700,-0.007437434547732367
2019-08-07,29.5,611100,0.004768371482903764
2019-08-08,29.399999618530273,721500,-0.0033898434396517478
2019-08-09,28.399999618530273,552200,-0.03401360588350887
2019-08-12,28.579999923706055,394000,0.006338038999772932
2019-08-13,28.530000686645508,441600,-0.0017494484672504968
2019-08-14,26.290000915527344,466600,-0.0785138351632314
2019-08-15,26.110000610351562,532000,-0.006846721145204291
2019-08-16,26.09000015258789,623300,-0.0007660075563438516
2019-08-19,27.510000228881836,483400,0.05442698612453225
2019-08-20,27.18000030517578,250900,-0.011995635076716528
2019-08-21,26.959999084472656,332800,-0.008094231723067016
2019-08-22,26.399999618530273,406300,-0.02077149424923048
2019-08-23,24.770000457763672,478600,-0.06174239334543392
2019-08-26,24.6200008392334,355600,-0.006055697043124559
2019-08-27,24.1299991607666,416600,-0.019902585774325028
2019-08-28,25.200000762939453,537600,0.044343209257652456
2019-08-29,26.100000381469727,451500,0.035714269495335245
2019-08-30,25.979999542236328,595600,-0.004597733236762544
2019-09-03,26.110000610351562,560600,0.005003890315851947
2019-09-04,26.649999618530273,432800,0.020681692667775087
2019-09-05,28.139999389648438,938000,0.05590993592668338
2019-09-06,28.25,681100,0.003909048071693536
2019-09-09,29.200000762939453,555100,0.033628345590777105
2019-09-10,29.299999237060547,418200,0.003424605188641347
2019-09-11,28.969999313354492,1159300,-0.011262796324194073
2019-09-12,28.809999465942383,552900,-0.005522949644612286
2019-09-13,28.760000228881836,354100,-0.0017354820544045223
2019-09-16,32.209999084472656,1059200,0.11995823463611124
2019-09-17,30.530000686645508,870600,-0.05215766673638369
2019-09-18,29.799999237060547,523700,-0.023910954247186755
2019-09-19,29.299999237060547,771500,-0.016778523919496573
2019-09-20,29.489999771118164,1135700,0.00648466003430103
2019-09-23,29.600000381469727,596400,0.0037300987183897707
2019-09-24,27.780000686645508,421700,-0.06148647538408749
2019-09-25,28.049999237060547,601900,0.00971917004108764
2019-09-26,26.75,632200,-0.04634578511299732
2019-09-27,26.989999771118164,964700,0.008971954060492114
2019-09-30,27.049999237060547,1122400,0.002223025804045685
2019-10-01,25.950000762939453,378400,-0.040665379118163245
2019-10-02,25.260000228881836,411100,-0.02658961517423317
2019-10-03,25.600000381469727,685500,0.013460021754043395
2019-10-04,25.3799991607666,454500,-0.008593797555658257
2019-10-07,24.65999984741211,617400,-0.028368768209712764
2019-10-08,24.030000686645508,620100,-0.025547411381379854
2019-10-09,24.06999969482422,681200,0.0016645446123911302
2019-10-10,24.25,655900,0.007478201390026889
2019-10-11,25.510000228881836,516700,0.05195877232502416
2019-10-14,25.420000076293945,430100,-0.0035280341740645898
2019-10-15,25.520000457763672,653400,0.003933925301714865
2019-10-16,25.350000381469727,565800,-0.006661444876354931
2019-10-17,25.579999923706055,773400,0.009072960109478048
2019-10-18,25.280000686645508,509300,-0.011727882640942662
2019-10-21,25.649999618530273,945600,0.014636033300435091
2019-10-22,25.290000915527344,1276100,-0.014035037362840997
2019-10-23,25.780000686645508,1032100,0.019375237381558105
2019-10-24,25.8700008392334,1923100,0.0034910841811773992
2019-10-25,26.440000534057617,1803700,0.022033230627491136
2019-10-28,26.399999618530273,907300,-0.0015128939001275053
2019-10-29,27.030000686645508,753100,0.023863677167367606
2019-10-30,25.389999389648438,784900,-0.06067337237646954
2019-10-31,25.170000076293945,805900,-0.008664801837064496
2019-11-01,26.329999923706055,593900,0.04608660484290745
2019-11-04,27.18000030517578,701300,0.03228258199516491
2019-11-05,27.270000457763672,718200,0.0033112638549438224
2019-11-06,26.690000534057617,1486900,-0.02126879039127155
2019-11-07,27.030000686645508,587300,0.012738858965328061
2019-11-08,27.280000686645508,891000,0.009248982376959963
2019-11-11,27.110000610351562,364900,-0.006231674194098029
2019-11-12,26.8700008392334,516200,-0.008852813194940454
2019-11-13,26.469999313354492,615100,-0.014886546832363935
2019-11-14,25.56999969482422,498500,-0.03400074204294409
2019-11-15,25.6200008392334,719500,0.001955461282985495
2019-11-18,25.280000686645508,422500,-0.01327088764443866
2019-11-19,25.34000015258789,413800,0.0023733965313568334
2019-11-20,25.399999618530273,381000,0.0023677768579750884
2019-11-21,26.260000228881836,516000,0.03385829225462504
2019-11-22,26.170000076293945,621900,-0.00342727158428981
2019-11-25,26.90999984741211,409800,0.028276643827314762
2019-11-26,26.5,437600,-0.015235966173799083
2019-11-27,26.420000076293945,247800,-0.0030188650455114977
2019-11-29,25.540000915527344,114200,-0.03330806806303549
2019-12-02,25.959999084472656,310600,0.016444720199284318
2019-12-03,25.6299991607666,639200,-0.012711861916183046
2019-12-04,26.43000030517578,321400,0.031213467444579167
2019-12-05,25.989999771118164,299700,-0.016647768784605423
2019-12-06,27.329999923706055,971300,0.051558297975707906
2019-12-09,26.59000015258789,348800,-0.027076464441417283
2019-12-10,27.719999313354492,584400,0.04249714758488347
2019-12-11,27.969999313354492,501100,0.009018759242160553
2019-12-12,29.110000610351562,837700,0.040758002323323904
2019-12-13,28.920000076293945,721000,-0.006526984887456604
2019-12-16,29.229999542236328,496700,0.010719206954514945
2019-12-17,29.940000534057617,544600,0.024290147209730963
2019-12-18,30.670000076293945,813700,0.024382081804104595
2019-12-19,32.5,2181400,0.05966742481753477
2019-12-20,32.79999923706055,1912600,0.009230745755709134
2019-12-23,33.70000076293945,520300,0.027439071549184648
2019-12-24,33.93000030517578,222000,0.006824912078021763
2019-12-26,33.95000076293945,401500,0.0005894623514229956
2019-12-27,34.150001525878906,368300,0.005891038540351912
2019-12-30,34.09000015258789,422200,-0.0017569947470001289
2019-12-31,33.779998779296875,515000,-0.009093616072262832
