Date,Adj Close,Volume,LogReturn
2019-01-02,0.03660000115633011,30124500,
2019-01-03,0.03579999879002571,30275500,-0.021857987459818266
2019-01-04,0.03530000150203705,27450200,-0.013966405164459605
2019-01-07,0.03460000082850456,34604100,-0.019830046565071428
2019-01-08,0.031199999153614044,48620400,-0.09826594200799818
2019-01-09,0.03319999948143959,25427500,0.06410257634875213
2019-01-10,0.03350000083446503,24647800,0.009036185473230254
2019-01-11,0.03200000151991844,27125800,-0.0447760978263432
2019-01-14,0.03099999949336052,34448800,-0.031250061845636785
2019-01-15,0.028699999675154686,62882500,-0.07419354373532941
2019-01-16,0.029200000688433647,28550000,0.017421638290533056
2019-01-17,0.030700000002980232,17951700,0.051369838328145886
2019-01-18,0.029100000858306885,42353000,-0.052117235977785864
2019-01-22,0.028200000524520874,34932700,-0.030927845609636698
2019-01-23,0.02759999968111515,25236100,-0.021276625256939345
2019-01-24,0.02850000001490116,15227400,0.03260870812262441
2019-01-25,0.02879999950528145,17734800,0.0105262979025766
2019-01-28,0.0284000001847744,21711200,-0.013888865533962812
2019-01-29,0.0284000001847744,21690000,0.0
2019-01-30,0.0284000001847744,14857900,0.0
2019-01-31,0.02930000051856041,26142800,0.03169015239191838
2019-02-01,0.028999999165534973,25616900,-0.010238953846959737
2019-02-04,0.02810000069439411,28336600,-0.03103443093234513
2019-02-05,0.028699999675154686,17710700,0.021352276367746597
2019-02-06,0.027300000190734863,35595900,-0.04878047039254111
2019-02-07,0.026499999687075615,38053500,-0.02930404754834963
2019-02-08,0.025699999183416367,24608000,-0.030188698607774653
2019-02-11,0.026499999687075615,22927700,0.031128425255961517
2019-02-12,0.026000000536441803,19589100,-0.018867892699548517
2019-02-13,0.025800000876188278,19384100,-0.007692294466425249
2019-02-14,0.025499999523162842,17824700,-0.011627959024695931
2019-02-15,0.026100000366568565,24137600,0.023529445279428917
2019-02-19,0.025800000876188278,22438100,-0.011494233186469832
2019-02-20,0.026000000536441803,20151700,0.007751924552766642
2019-02-21,0.025299999862909317,23775800,-0.02692310227268494
2019-02-22,0.024800000712275505,21542500,-0.019762812385103138
2019-02-25,0.023900000378489494,33880800,-0.036290334997471536
2019-02-26,0.02410000003874302,24052400,0.008368186488964606
2019-02-27,0.024000000208616257,21956900,-0.004149370538008433
2019-02-28,0.024299999698996544,17886500,0.012499978657191184
2019-03-01,0.024700000882148743,20038000,0.01646095424308654
2019-03-04,0.02419999986886978,19581800,-0.020242955280229298
2019-03-05,0.023600000888109207,23717900,-0.024793346446765754
2019-03-06,0.02329999953508377,20364800,-0.012711921259994156
2019-03-07,0.022600000724196434,17473900,-0.030042868019517326
2019-03-08,0.02280000038444996,16261300,0.00884954220551849
2019-03-11,0.023000000044703484,14746000,0.008771914775489584
2019-03-12,0.02370000071823597,15705500,0.030434811833562777
2019-03-13,0.023600000888109207,15705400,-0.004219401987182958
2019-03-14,0.023000000044703484,14191100,-0.025423763594349367
2019-03-15,0.022299999371170998,13532100,-0.030434811833562777
2019-03-18,0.022600000724196434,16594900,0.013452975851347884
2019-03-19,0.02239999920129776,14544900,-0.008849624623442806
2019-03-20,0.022299999371170998,9091800,-0.004464278289838904
2019-03-21,0.021900000050663948,13797300,-0.01793718976620963
2019-03-22,0.022199999541044235,24944000,0.013698606834989116
2019-03-25,0.02280000038444996,14151400,0.027027065577024827
2019-03-26,0.022700000554323196,11675300,-0.004385957387744792
2019-03-27,0.023499999195337296,17434200,0.035242230021079894
2019-03-28,0.023499999195337296,10869100,0.0
2019-03-29,0.023099999874830246,10228000,-0.017021248263975032
2019-04-01,0.024900000542402267,19542800,0.07792210724352867
2019-04-02,0.0272000003606081,51030100,0.09236946859857126
2019-04-03,0.026000000536441803,32803100,-0.044117640009452924
2019-04-04,0.02590000070631504,13056700,-0.0038461472332126244
2019-04-05,0.025200000032782555,16206700,-0.0270270522950916
2019-04-08,0.024800000712275505,17195700,-0.01587298888836081
2019-04-09,0.024000000208616257,14769200,-0.03225808389849215
2019-04-10,0.02370000071823597,13840100,-0.012499978657191184
2019-04-11,0.02319999970495701,13745200,-0.02109708852853474
2019-04-12,0.02329999953508377,13073400,0.004310337560280055
2019-04-15,0.02290000021457672,12196600,-0.0171673531540099
2019-04-16,0.023000000044703484,9831400,0.004366804768111255
2019-04-17,0.02319999970495701,10424600,0.008695637385426065
2019-04-18,0.023499999195337296,43839400,0.012931012680840166
2019-04-22,0.0272000003606081,50245300,0.15744686348776274
2019-04-23,0.02810000069439411,88935100,0.03308824712698973
2019-04-24,0.025599999353289604,48007500,-0.08896801705785197
2019-04-25,0.026599999517202377,30984400,0.03906250738964464
2019-04-26,0.026200000196695328,18711900,-0.015037568713050826
2019-04-29,0.027000000700354576,18203300,0.030534370139438185
2019-04-30,0.026599999517202377,21531100,-0.01481485825098315
2019-05-01,0.02630000002682209,11503100,-0.01127817653478812
2019-05-02,0.026100000366568565,20414600,-0.007604549811770147
2019-05-03,0.025200000032782555,11451800,-0.03448277092512302
2019-05-06,0.02459999918937683,16080000,-0.02380955724703117
2019-05-07,0.02449999935925007,8676700,-0.004065033878941993
2019-05-08,0.024700000882148743,6816500,0.008163327678747986
2019-05-09,0.024800000712275505,8023000,0.004048575973899441
2019-05-10,0.02419999986886978,13378900,-0.024193581700533383
2019-05-13,0.023399999365210533,17876600,-0.03305787223116258
2019-05-14,0.023000000044703484,28609500,-0.01709398851957835
2019-05-15,0.024000000208616257,13103800,0.043478267911701875
2019-05-16,0.023900000378489494,6071300,-0.004166659552397061
2019-05-17,0.02370000071823597,8498800,-0.008368186488964606
2019-05-20,0.023800000548362732,9139200,0.004219401987182958
2019-05-21,0.02329999953508377,12416800,-0.021008445452046748
2019-05-22,0.02370000071823597,13320000,0.017167433095863393
2019-05-23,0.02329999953508377,10461300,-0.016877686541351782
2019-05-24,0.022600000724196434,18858300,-0.030042868019517326
2019-05-28,0.02239999920129776,13070200,-0.008849624623442806
2019-05-29,0.022099999710917473,9746400,-0.013392834869516713
2019-05-30,0.022199999541044235,11507400,0.004524879250444612
2019-05-31,0.020999999716877937,22427200,-0.05405404725111326
2019-06-03,0.020600000396370888,26688700,-0.01904758694761151
2019-06-04,0.0210999995470047,18509000,0.024271802961804652
2019-06-05,0.021800000220537186,9293200,0.03317538808344933
2019-06-06,0.021299999207258224,8858500,-0.022935826065172416
2019-06-07,0.020800000056624413,12157600,-0.023474139401067743
2019-06-10,0.020500000566244125,12319300,-0.014423052382864919
2019-06-11,0.0203000009059906,12785400,-0.009756080718497628
2019-06-12,0.0203000009059906,11987200,0.0
2019-06-13,0.020500000566244125,9521800,0.009852199572784461
2019-06-14,0.0203000009059906,8024700,-0.009756080718497628
2019-06-17,0.019999999552965164,12513000,-0.014778391115091279
2019-06-18,0.020099999383091927,10472200,0.004999991618096641
2019-06-19,0.020500000566244125,6520800,0.01990055698651806
2019-06-20,0.02070000022649765,10164000,0.009756080718497628
2019-06-21,0.0203000009059906,14545900,-0.019323638460400524
2019-06-24,0.020600000396370888,18682400,0.014778299359176692
2019-06-25,0.02019999921321869,7985700,-0.01941753278910942
2019-06-26,0.01860000006854534,39029300,-0.07920788153428854
2019-06-27,0.017799999564886093,45670700,-0.0430107796081215
2019-06-28,0.016100000590085983,56087600,-0.09550556271662407
2019-07-01,0.016499999910593033,21509600,0.02484467738177352
2019-07-02,0.01590000092983246,29261000,-0.03636357478858977
2019-07-03,0.015599999576807022,20697600,-0.0188680085208396
2019-07-05,0.01489999983459711,44265500,-0.044871779564059834
2019-07-08,0.013500000350177288,51154800,-0.09395969798396163
2019-07-09,0.016200000420212746,54298500,0.2
2019-07-10,0.017999999225139618,77916300,0.11111103445904935
2019-07-11,0.01640000008046627,37302300,-0.08888884519721067
2019-07-12,0.01679999940097332,22912100,0.02439020235027201
2019-07-15,0.01640000008046627,27869500,-0.02380948421247416
2019-07-16,0.015799999237060547,20044100,-0.03658541710133119
2019-07-17,0.014600000344216824,30477500,-0.07594930068281273
2019-07-18,0.01549999974668026,22826800,0.06164379323593188
2019-07-19,0.014999999664723873,16326000,-0.03225807033083823
2019-07-22,0.014700000174343586,27413500,-0.019999966472386565
2019-07-23,0.015399999916553497,16621900,0.04761902951754007
2019-07-24,0.01510000042617321,10680800,-0.01948048649388738
2019-07-25,0.01489999983459711,12965100,-0.013245071915987058
2019-07-26,0.014800000004470348,10727900,-0.006711398069587048
2019-07-29,0.014999999664723873,11709900,0.013513490553588836
2019-07-30,0.014700000174343586,13291200,-0.019999966472386565
2019-07-31,0.014100000262260437,10171400,-0.04081632006578812
2019-08-01,0.01360000018030405,24198700,-0.03546099806073544
2019-08-02,0.014399999752640724,15447100,0.05882349718607051
2019-08-05,0.013899999670684338,20692400,-0.03472222851008693
2019-08-06,0.014000000432133675,11487800,0.00719429955529011
2019-08-07,0.013399999588727951,32592700,-0.04285720177754882
2019-08-08,0.013399999588727951,18086900,0.0
2019-08-09,0.013299999758601189,21685700,-0.0074626741191008705
2019-08-12,0.013500000350177288,14974400,0.015037638737305828
2019-08-13,0.013199999928474426,18268000,-0.02222225288304693
2019-08-14,0.013000000268220901,21874600,-0.01515148949524574
2019-08-15,0.012000000104308128,38556000,-0.07692308794464563
2019-08-16,0.012799999676644802,11718500,0.06666663044856685
2019-08-19,0.012500000186264515,13202400,-0.023437460778039994
2019-08-20,0.012299999594688416,11308700,-0.01600004708766867
2019-08-21,0.012400000356137753,13020300,0.008130143475168971
2019-08-22,0.011900000274181366,19141300,-0.04032258609645092
2019-08-23,0.012000000104308128,15908100,0.00840334687585893
2019-08-26,0.011900000274181366,11994800,-0.008333319104794122
2019-08-27,0.011599999852478504,12638200,-0.025210118889976214
2019-08-28,0.01080000028014183,31271700,-0.06896548125091075
2019-08-29,0.010700000450015068,24548700,-0.009259243290079724
2019-08-30,0.010400000028312206,19318100,-0.028037421409869128
2019-09-03,0.010499999858438969,26158700,0.009615368255243279
2019-09-04,0.010499999858438969,26562800,0.0
2019-09-05,0.014700000174343586,76081700,0.4000000354789557
2019-09-06,0.01360000018030405,56061800,-0.0748299306798243
2019-09-09,0.012199999764561653,36336200,-0.1029412056751236
2019-09-10,0.012799999676644802,14071500,0.049180321611646115
2019-09-11,0.013100000098347664,29281800,0.023437533537617974
2019-09-12,0.013899999670684338,26282400,0.061068669185550595
2019-09-13,0.014299999922513962,35709100,0.02877699721628346
2019-09-16,0.01360000018030405,19839000,-0.04895103118901628
2019-09-17,0.012900000438094139,28233800,-0.051470568597761716
2019-09-18,0.012199999764561653,19330100,-0.054263616260458426
2019-09-19,0.012000000104308128,10972500,-0.016393415091242897
2019-09-20,0.012000000104308128,16892200,0.0
2019-09-23,0.011099999770522118,17051800,-0.07500002716357486
2019-09-24,0.011500000022351742,15993500,0.036036059468387636
2019-09-25,0.01119999960064888,6814900,-0.026086993140849744
2019-09-26,0.011500000022351742,13855900,0.026785752892837696
2019-09-27,0.011800000444054604,10630000,0.026086993140849744
2019-09-30,0.012199999764561653,16414800,0.03389824622494723
2019-10-01,0.012500000186264515,9765600,0.02459019897478177
2019-10-02,0.012000000104308128,12022500,-0.04000000596046439
2019-10-03,0.011599999852478504,20534400,-0.03333335402939037
2019-10-04,0.011800000444054604,14724700,0.01724143052755009
2019-10-07,0.011599999852478504,14664300,-0.01694920203811256
2019-10-08,0.011900000274181366,23019600,0.025862105648110197
2019-10-09,0.011599999852478504,12964600,-0.025210118889976214
2019-10-10,0.011699999682605267,12703900,0.00862067512056011
2019-10-11,0.011699999682605267,9306700,0.0
2019-10-14,0.011800000444054604,7103700,0.008547073860011387
2019-10-15,0.011699999682605267,8431700,-0.008474640481875753
2019-10-16,0.011900000274181366,15657100,0.017094068119800562
2019-10-17,0.012000000104308128,14888500,0.00840334687585893
2019-10-18,0.011900000274181366,10538700,-0.008333319104794122
2019-10-21,0.011699999682605267,69388400,-0.016806772014117285
2019-10-22,0.011300000362098217,21457900,-0.0341879770391567
2019-10-23,0.01119999960064888,16604300,-0.008849624623442806
2019-10-24,0.01119999960064888,18169900,0.0
2019-10-25,0.012600000016391277,92798300,0.12500004157690214
2019-10-28,0.013700000010430813,56186100,0.08730158671496437
2019-10-29,0.012799999676644802,26922900,-0.06569345497085946
2019-10-30,0.012600000016391277,23013800,-0.015624973852026663
2019-10-31,0.01269999984651804,18502300,0.007936494444180405
2019-11-01,0.012500000186264515,24635000,-0.01574800493468972
2019-11-04,0.012199999764561653,18502000,-0.02400003337860058
2019-11-05,0.011900000274181366,24340400,-0.024590122636864345
2019-11-06,0.011300000362098217,22498800,-0.050420159517553007
2019-11-07,0.01119999960064888,16501800,-0.008849624623442806
2019-11-08,0.011599999852478504,14759700,0.035714309472515506
2019-11-11,0.011800000444054604,9159000,0.01724143052755009
2019-11-12,0.011500000022351742,14809200,-0.025423763594349367
2019-11-13,0.011500000022351742,10694000,0.0
2019-11-14,0.01140000019222498,6179100,-0.008695637385426065
2019-11-15,0.011300000362098217,14931000,-0.008771914775489584
2019-11-18,0.011300000362098217,17546400,0.0
2019-11-19,0.010499999858438969,39923900,-0.07079650247999655
2019-11-20,0.010999999940395355,18913000,0.047619056066418024
2019-11-21,0.01080000028014183,25904800,-0.018181787394294886
2019-11-22,0.01080000028014183,28492800,0.0
2019-11-25,0.011300000362098217,27593100,0.04629630268396811
2019-11-26,0.01119999960064888,20928700,-0.008849624623442806
2019-11-27,0.010999999940395355,13387900,-0.017857113159355616
2019-11-29,0.011300000362098217,6565200,0.02727276575713139
2019-12-02,0.010999999940395355,17030600,-0.026548709034479787
2019-12-03,0.010499999858438969,13185500,-0.045454553151426276
2019-12-04,0.010700000450015068,14812500,0.01904767564500076
2019-12-05,0.010599999688565731,8689300,-0.00934586516294924
2019-12-06,0.010400000028312206,14629200,-0.018867893031097475
2019-12-09,0.010400000028312206,13476400,0.0
2019-12-10,0.010300000198185444,12431700,-0.009615368255243279
2019-12-11,0.010200000368058681,26582000,-0.009708721184721861
2019-12-12,0.010400000028312206,14827700,0.01960780912124514
2019-12-13,0.010300000198185444,13268100,-0.009615368255243279
2019-12-16,0.00989999994635582,30031200,-0.038834975158553144
2019-12-17,0.00839999970048666,69864300,-0.15151517717142093
2019-12-18,0.00800000037997961,54015900,-0.04761896842494832
2019-12-19,0.00800000037997961,20934100,0.0
2019-12-20,0.008100000210106373,14248500,0.012499978172128194
2019-12-23,0.007699999958276749,22654800,-0.049382745858517846
2019-12-24,0.007699999958276749,10986700,0.0
2019-12-26,0.007799999788403511,22983200,0.01298699099592492
2019-12-27,0.007600000128149986,30251000,-0.02564098277936753
2019-12-30,0.007300000172108412,33980200,-0.03947367776092411
2019-12-31,0.007300000172108412,28095800,0.0
