Date,Adj Close,Volume,LogReturn
2019-01-02,47.64565658569336,120300,
2019-01-03,47.323665618896484,4400,-0.006758033992411383
2019-01-04,48.61164474487305,37100,0.027216385483508878
2019-01-07,48.943397521972656,6900,0.006824553640197466
2019-01-08,49.33369827270508,4400,0.007974533246434316
2019-01-09,50.006961822509766,11100,0.013647133164090901
2019-01-10,49.92890167236328,6700,-0.0015609856568280249
2019-01-11,49.92890167236328,13600,0.0
2019-01-14,49.33369827270508,4100,-0.011921019283860213
2019-01-15,49.8801155090332,2100,0.011075943127305378
2019-01-16,49.870357513427734,4100,-0.000195628969698388
2019-01-17,50.17283630371094,21300,0.006065302222903853
2019-01-18,50.2899284362793,1800,0.0023337754289904254
2019-01-22,50.006961822509766,60900,-0.00562670543721431
2019-01-23,50.494834899902344,2500,0.009756103142682236
2019-01-24,50.748531341552734,2700,0.005024205785667026
2019-01-25,51.30470657348633,4500,0.010959435026609317
2019-01-28,51.44131088256836,3400,0.002662607745087987
2019-01-29,51.52912521362305,5300,0.001707078018582234
2019-01-30,52.319480895996094,4700,0.015338038033762236
2019-01-31,52.56340789794922,27600,0.004662259597682519
2019-02-01,52.534141540527344,7900,-0.000556781962818983
2019-02-04,52.91468811035156,7300,0.007243795342703887
2019-02-05,53.24644088745117,148500,0.00626957823899012
2019-02-06,52.670745849609375,17200,-0.010811897062916622
2019-02-07,51.66572952270508,11900,-0.019081110599305295
2019-02-08,51.763301849365234,5500,0.0018885308997190684
2019-02-11,52.22190856933594,38500,0.008859688303989576
2019-02-12,52.807350158691406,2800,0.011210650958460619
2019-02-13,52.163360595703125,9100,-0.012195074379854846
2019-02-14,52.64147186279297,3000,0.009165653087336313
2019-02-15,53.265953063964844,6100,0.011862913005159698
2019-02-19,53.373287200927734,3300,0.0020150608557402056
2019-02-20,53.15861892700195,2000,-0.004022017102256537
2019-02-21,53.05128860473633,11000,-0.0020190577639538055
2019-02-22,53.314735412597656,8100,0.004965888949920965
2019-02-25,54.066062927246094,4400,0.014092305041635965
2019-02-26,53.470855712890625,5800,-0.011008887685356492
2019-02-27,53.24644088745117,3700,-0.004196955938847108
2019-02-28,53.012264251708984,28700,-0.004397977251421831
2019-03-01,53.119590759277344,2600,0.002024559959536145
2019-03-04,52.934200286865234,11000,-0.003490058371350139
2019-03-05,52.924442291259766,42800,-0.00018434198594835557
2019-03-06,52.52438735961914,2200,-0.007558982472389553
2019-03-07,52.13408660888672,311500,-0.00743084822789358
2019-03-08,51.96820831298828,7100,-0.0031817627715023987
2019-03-11,52.28044891357422,5700,0.006008300280537091
2019-03-12,52.23165512084961,8500,-0.0009333086027105715
2019-03-13,53.041534423828125,4800,0.015505526315501181
2019-03-14,53.002498626708984,2400,-0.0007359477349811428
2019-03-15,53.34400939941406,2700,0.00644329572291115
2019-03-18,53.5098876953125,7900,0.0031095955809474557
2019-03-19,53.431827545166016,66200,-0.0014587986166400139
2019-03-20,53.851402282714844,2500,0.007852524549982141
2019-03-21,54.15388107299805,5400,0.005616915761918652
2019-03-22,53.22692108154297,14100,-0.017117147895744717
2019-03-25,52.32923889160156,6500,-0.016865190991719556
2019-03-26,52.89516830444336,1600,0.010814783949258321
2019-03-27,52.826866149902344,2500,-0.0012912739807896222
2019-03-28,52.58293151855469,3800,-0.0046176244991603995
2019-03-29,52.74880599975586,43900,0.0031545308793337347
2019-04-01,53.314735412597656,13400,0.010728762521078036
2019-04-02,53.217166900634766,5200,-0.0018300477571128735
2019-04-03,53.412315368652344,104600,0.0036670209893351242
2019-04-04,53.28546905517578,4500,-0.0023748514289460764
2019-04-05,53.45134353637695,16200,0.0031129402469820236
2019-04-08,53.66600799560547,9900,0.004016072282307051
2019-04-09,53.44158935546875,4600,-0.004181765115733886
2019-04-10,54.29048538208008,4800,0.01588455801650778
2019-04-11,54.18315505981445,6000,-0.0019769637628079123
2019-04-12,54.78812026977539,9800,0.011165189795483445
2019-04-15,55.28574752807617,12100,0.00908275837627713
2019-04-16,55.46138381958008,11900,0.0031768819154468623
2019-04-17,54.61248016357422,15000,-0.01530621123279947
2019-04-18,53.86115264892578,3500,-0.0137574325941264
2019-04-22,54.17339324951172,2900,0.005797139222421838
2019-04-23,54.63199996948242,1800,0.008465534323435364
2019-04-24,54.51490783691406,1900,-0.0021432884140021847
2019-04-25,54.417335510253906,4300,-0.0017898283337844409
2019-04-26,54.749088287353516,22300,0.006096453896334136
2019-04-29,55.18817138671875,4600,0.00801991618674421
2019-04-30,55.01253890991211,12300,-0.003182429719874851
2019-05-01,54.57345199584961,8900,-0.007981578795727709
2019-05-02,54.29048538208008,7200,-0.005185059830758942
2019-05-03,54.86617660522461,16100,0.010603906358416026
2019-05-06,54.59296798706055,9600,-0.004979545415199322
2019-05-07,53.7928581237793,430000,-0.014655914356422049
2019-05-08,54.26121520996094,18300,0.008706677847530134
2019-05-09,54.17339324951172,12300,-0.0016185033842201332
2019-05-10,54.36854553222656,5100,0.003602364020581316
2019-05-13,52.23165512084961,7700,-0.039303799475568585
2019-05-14,52.90492630004883,2900,0.012890098497576908
2019-05-15,52.758567810058594,10700,-0.0027664435096302043
2019-05-16,53.539161682128906,12000,0.014795584953719873
2019-05-17,53.45134353637695,15600,-0.0016402600076808145
2019-05-20,53.0610466003418,3400,-0.007301910676380566
2019-05-21,52.99274444580078,10200,-0.0012872372280077803
2019-05-22,53.070804595947266,35800,0.001473034676026672
2019-05-23,52.378028869628906,40800,-0.013053801079384105
2019-05-24,52.44632339477539,10700,0.0013038773436181092
2019-05-28,51.92918395996094,56800,-0.009860356290789482
2019-05-29,51.685245513916016,17200,-0.004697521267289819
2019-05-30,51.19737243652344,11800,-0.009439310436500113
2019-05-31,50.84610366821289,11100,-0.006861070238439756
2019-06-03,50.641197204589844,28100,-0.004029934426443512
2019-06-04,51.72426986694336,13300,0.021387185180040565
2019-06-05,51.89015197753906,8900,0.0032070459577761444
2019-06-06,51.99748229980469,15500,0.002068414105090375
2019-06-07,52.495113372802734,421000,0.00957029169467915
2019-06-10,52.456085205078125,16900,-0.0007434628714380401
2019-06-11,52.32923889160156,93400,-0.0024181429662670072
2019-06-12,51.84136199951172,10900,-0.009323217811374363
2019-06-13,51.99748229980469,2700,0.0030115007451856535
2019-06-14,51.71451950073242,11400,-0.005441855769876929
2019-06-17,51.54811096191406,9600,-0.003217830126334299
2019-06-18,51.98860549926758,6300,0.008545309015862321
2019-06-19,52.24311447143555,31200,0.00489547603217698
2019-06-20,52.51720428466797,34200,0.0052464294291314365
2019-06-21,52.292057037353516,7300,-0.004287114106342163
2019-06-24,52.262691497802734,5700,-0.000561567878842569
2019-06-25,52.1060676574707,5700,-0.0029968575257670405
2019-06-26,52.43889236450195,13200,0.006387446260944838
2019-06-27,53.02622604370117,10700,0.011200344872211852
2019-06-28,53.378623962402344,4700,0.006645728821258102
2019-07-01,53.417781829833984,75000,0.0007335870527352256
2019-07-02,53.71144485473633,4400,0.005497476960721197
2019-07-03,54.03447341918945,8000,0.006014147735678349
2019-07-05,53.82891082763672,2700,-0.0038042860149300945
2019-07-08,53.54503631591797,43700,-0.005273643983392727
2019-07-09,54.10300064086914,21200,0.010420467765847779
2019-07-10,54.34771728515625,13500,0.004523162142364644
2019-07-11,54.073631286621094,1000,-0.0050431924692817985
2019-07-12,54.337928771972656,116900,0.004887733245630113
2019-07-15,53.907222747802734,18800,-0.007926434332404638
2019-07-16,53.456932067871094,18900,-0.008353067677744436
2019-07-17,53.38841247558594,18600,-0.0012817718794292383
2019-07-18,53.359046936035156,19900,-0.0005500358259240216
2019-07-19,53.28073501586914,23400,-0.0014676409093268296
2019-07-22,53.1828498840332,15300,-0.0018371580611037627
2019-07-23,53.47651290893555,15500,0.0055217617247418065
2019-07-24,54.230255126953125,15700,0.014094827374049535
2019-07-25,53.76038360595703,9100,-0.008664379687982726
2019-07-26,54.073631286621094,11600,0.00582673819740662
2019-07-29,54.093204498291016,12200,0.00036197331683113134
2019-07-30,54.38687515258789,11800,0.005428974989014619
2019-07-31,54.11278533935547,37700,-0.005039631574041257
2019-08-01,54.279197692871094,13400,0.003075287152047515
2019-08-02,54.08342361450195,28700,-0.003606797570533235
2019-08-05,53.39820098876953,41100,-0.012669734642107345
2019-08-06,53.779964447021484,9000,0.007149369289280811
2019-08-07,53.89743423461914,226200,0.00218426673958432
2019-08-08,54.95463180541992,225500,0.01961498883599411
2019-08-09,54.426025390625,13000,-0.009618960175487662
2019-08-12,53.80933380126953,23600,-0.011330821696593983
2019-08-13,54.151939392089844,12100,0.006367029037854941
2019-08-14,51.94944763183594,23700,-0.04067244469873283
2019-08-15,51.606842041015625,7600,-0.006594980436526434
2019-08-16,52.09628677368164,3400,0.009484105465647735
2019-08-19,52.703189849853516,8500,0.011649641726067786
2019-08-20,52.78150177001953,7800,0.0014859047505306415
2019-08-21,53.564613342285156,10600,0.014836856588086717
2019-08-22,53.652713775634766,19000,0.0016447506637756468
2019-08-23,52.673824310302734,17000,-0.01824491990145283
2019-08-26,52.53677749633789,14000,-0.002601801098729755
2019-08-27,51.724308013916016,8500,-0.0154647757464475
2019-08-28,51.645992279052734,13900,-0.0015140992285911496
2019-08-29,52.11586380004883,2000,0.009097928033937117
2019-08-30,52.02776336669922,2600,-0.0016904724766267202
2019-09-03,51.54811096191406,12000,-0.009219162496079191
2019-09-04,52.145225524902344,6400,0.011583636176880564
2019-09-05,52.331214904785156,24400,0.003566757608402554
2019-09-06,52.301849365234375,2000,-0.0005611476745611742
2019-09-09,52.28226852416992,1900,-0.00037438142823050403
2019-09-10,52.262691497802734,2700,-0.000374448678678453
2019-09-11,52.546573638916016,5200,0.005431831637014263
2019-09-12,52.64445495605469,3400,0.0018627535605134286
2019-09-13,52.60530471801758,1800,-0.0007436725875458356
2019-09-16,52.252906799316406,8200,-0.006698904617892534
2019-09-17,52.40952682495117,2300,0.0029973457024368754
2019-09-18,52.71297836303711,4600,0.005790007208030545
2019-09-19,52.84023666381836,3700,0.002414173980168892
2019-09-20,52.55635452270508,7100,-0.005372461575435481
2019-09-23,52.69340515136719,7300,0.002607689020799599
2019-09-24,52.507415771484375,7500,-0.003529651943132903
2019-09-25,52.82065963745117,5000,0.005965707155157934
2019-09-26,53.173057556152344,5600,0.006671592538221785
2019-09-27,52.957698822021484,8800,-0.004050147650498264
2019-09-30,53.4471435546875,17000,0.009242182790285613
2019-10-01,52.84023666381836,25300,-0.011355272714399586
2019-10-02,52.497623443603516,7100,-0.006483945603700211
2019-10-03,53.15347671508789,56200,0.012493008796654133
2019-10-04,53.75060272216797,7200,0.011233997171639025
2019-10-07,53.31989288330078,4100,-0.008013116449939881
2019-10-08,52.72277069091797,50200,-0.011198863315230416
2019-10-09,52.90876007080078,11800,0.0035276859968751805
2019-10-10,53.310096740722656,2300,0.007585448409390417
2019-10-11,54.03447341918945,5800,0.013587982816648279
2019-10-14,53.564613342285156,8800,-0.008695561318035049
2019-10-15,53.82891082763672,9100,0.0049341807745846246
2019-10-16,53.67229080200195,4900,-0.00290958934941619
2019-10-17,53.936588287353516,8100,0.004924281811010465
2019-10-18,53.515663146972656,3500,-0.007804074261025395
2019-10-21,53.92679977416992,10500,0.007682547557490621
2019-10-22,53.83869934082031,4900,-0.0016337040899617426
2019-10-23,53.94637680053711,3900,0.0020000011336669906
2019-10-24,54.21067428588867,1200,0.004899262953817708
2019-10-25,54.2694091796875,3100,0.0010834562486546516
2019-10-28,54.58264923095703,7600,0.005771945116122139
2019-10-29,55.003570556640625,7900,0.0077116323889399
2019-10-30,54.76864242553711,5700,-0.0042711432862634876
2019-10-31,54.680538177490234,6500,-0.001608662259004514
2019-11-01,55.169986724853516,8200,0.008951055781026812
2019-11-04,55.51258850097656,3300,0.006209930370867903
2019-11-05,55.5517463684082,6300,0.0007053871651283523
2019-11-06,55.60069274902344,17100,0.0008810952636957919
2019-11-07,55.649635314941406,2600,0.0008802510094413953
2019-11-08,56.10971450805664,1400,0.008267425123479784
2019-11-11,55.84540939331055,1800,-0.004710505427863884
2019-11-12,56.10971450805664,8000,0.0047327993046775586
2019-11-13,56.188026428222656,17500,0.0013956927218863506
2019-11-14,56.148868560791016,3300,-0.0006969076851571359
2019-11-15,56.843875885009766,16100,0.012377939966257422
2019-11-18,56.94176483154297,9200,0.001722066713593281
2019-11-19,56.87324142456055,5900,-0.0012033945063898554
2019-11-20,56.511051177978516,3100,-0.0063683770699522755
2019-11-21,56.276123046875,5200,-0.004157206886200402
2019-11-22,56.413169860839844,3100,0.0024352568468636528
2019-11-25,57.0004997253418,5800,0.010411218975121943
2019-11-26,56.95155715942383,4600,-0.0008586339795931548
2019-11-27,57.4116325378418,5400,0.008078363461249797
2019-11-29,57.548675537109375,2100,0.002387024949643242
2019-12-02,56.66767501831055,43400,-0.015308788787514816
2019-12-03,56.188026428222656,11200,-0.008464236267552988
2019-12-04,56.43274688720703,4500,0.004355384492761869
2019-12-05,56.29569625854492,1300,-0.002428565615209809
2019-12-06,56.550209045410156,8300,0.00452099900667989
2019-12-09,56.677467346191406,700,0.0022503595111215383
2019-12-10,56.511051177978516,1600,-0.0029361962699639473
2019-12-11,56.804725646972656,4700,0.005196761746109247
2019-12-12,56.69704055786133,2600,-0.0018957065259070937
2019-12-13,56.824302673339844,7900,0.0022445989107427954
2019-12-16,56.68681716918945,7700,-0.0024194842291464574
2019-12-17,56.64696502685547,5500,-0.0007030231070310454
2019-12-18,56.55730056762695,5800,-0.0015828643103122481
2019-12-19,56.72666549682617,2400,0.002994572362885406
2019-12-20,56.786441802978516,7600,0.001053760266513254
2019-12-23,56.55730056762695,14800,-0.00403513986924153
2019-12-24,56.876102447509766,4500,0.005636794484234856
2019-12-26,57.14509201049805,1700,0.004729395148630804
2019-12-27,57.17497634887695,5300,0.0005229554687464015
2019-12-30,56.91595458984375,8000,-0.004530334345093103
2019-12-31,57.135128021240234,7100,0.0038508258883809413
