Date,Adj Close,Volume,LogReturn
2019-01-02,15.699999809265137,15600,
2019-01-03,15.010000228881836,7600,-0.04394901839273317
2019-01-04,15.40999984741211,7700,0.026648874912113926
2019-01-07,15.899999618530273,9800,0.03179751953082936
2019-01-08,15.934000015258789,19600,0.0021383897826570183
2019-01-09,16.15399932861328,20000,0.013806910577621153
2019-01-10,16.155000686645508,25500,6.198824277854682e-05
2019-01-11,16.049999237060547,4900,-0.006499625200991798
2019-01-14,15.840999603271484,17800,-0.01302178465569444
2019-01-15,15.989999771118164,21000,0.00940598267649146
2019-01-16,16.0049991607666,10800,0.0009380481465378163
2019-01-17,16.20599937438965,17400,0.012558589450961236
2019-01-18,16.25,54600,0.0027150825193715472
2019-01-22,15.861000061035156,8300,-0.023938457782451922
2019-01-23,15.984000205993652,4800,0.0077548795463826875
2019-01-24,16.16900062561035,4000,0.011574100177208961
2019-01-25,16.488000869750977,8400,0.019729125598236117
2019-01-28,16.200000762939453,13300,-0.017467254465026796
2019-01-29,15.800000190734863,5600,-0.024691392183120532
2019-01-30,16.145000457763672,6900,0.0218354596749383
2019-01-31,16.451000213623047,17400,0.018953220636932742
2019-02-01,16.246999740600586,11800,-0.012400490570386625
2019-02-04,16.3799991607666,24200,0.008186091111558002
2019-02-05,16.430999755859375,6000,0.0031135896035288046
2019-02-06,16.375999450683594,8600,-0.0033473498869822497
2019-02-07,16.1200008392334,12600,-0.015632548854263
2019-02-08,16.200000762939453,6500,0.004962774165082435
2019-02-11,16.04800033569336,9900,-0.009382741980717884
2019-02-12,16.04800033569336,26300,0.0
2019-02-13,15.930000305175781,16400,-0.007352942924304836
2019-02-14,16.086000442504883,16700,0.009792852124328956
2019-02-15,16.049999237060547,6500,-0.002238045782294526
2019-02-19,16.149999618530273,27800,0.006230553658770203
2019-02-20,16.1200008392334,5800,-0.0018575095978612185
2019-02-21,15.899999618530273,9200,-0.01364771769537869
2019-02-22,16.15999984741211,5200,0.016352216045264864
2019-02-25,16.187999725341797,6900,0.0017326657298311454
2019-02-26,16.139999389648438,2500,-0.0029651801647992606
2019-02-27,16.343000411987305,6200,0.012577511153381089
2019-02-28,16.309999465942383,2200,-0.0020192709547211577
2019-03-01,16.610000610351562,11500,0.018393694312230056
2019-03-04,15.928000450134277,19100,-0.041059610786061865
2019-03-05,16.1299991607666,6100,0.012681988003749794
2019-03-06,15.854000091552734,11300,-0.017110916526591434
2019-03-07,15.760000228881836,1000,-0.005929094369122848
2019-03-08,15.635000228881836,16200,-0.007931471966029831
2019-03-11,15.930000305175781,7500,0.01886792913178248
2019-03-12,16.139999389648438,9100,0.013182616475181479
2019-03-13,15.927000045776367,5900,-0.013196985869075048
2019-03-14,16.031999588012695,4700,0.006592549879735364
2019-03-15,16.06599998474121,5700,0.0021207832835735663
2019-03-18,16.025999069213867,5200,-0.002489786852068647
2019-03-19,16.46299934387207,5500,0.027268207914580865
2019-03-20,16.420000076293945,6200,-0.00261187324860888
2019-03-21,16.649999618530273,3500,0.014007280217275118
2019-03-22,16.135000228881836,8700,-0.030930894981840092
2019-03-25,15.946999549865723,5500,-0.011651730793259606
2019-03-26,15.956999778747559,8800,0.0006270915635612557
2019-03-27,15.753999710083008,4100,-0.012721694020132646
2019-03-28,15.880000114440918,4100,0.007997994584020864
2019-03-29,16.280000686645508,16100,0.02518895272808205
2019-04-01,16.18000030517578,24200,-0.00614252931523258
2019-04-02,16.32200050354004,18800,0.008776279090602595
2019-04-03,16.325000762939453,13500,0.0001838168917323182
2019-04-04,15.760000228881836,25200,-0.0346095257367623
2019-04-05,15.899999618530273,13700,0.008883209874062952
2019-04-08,15.779999732971191,18200,-0.007547162794848815
2019-04-09,15.65999984741211,45600,-0.007604555614050536
2019-04-10,15.72599983215332,9200,0.004214558453659101
2019-04-11,15.609000205993652,4000,-0.007439884739185293
2019-04-12,15.600000381469727,10500,-0.0005765791790091697
2019-04-15,15.479999542236328,9100,-0.0076923613012176584
2019-04-16,16.040000915527344,29400,0.03617580037797047
2019-04-17,15.3100004196167,21100,-0.04551125026457921
2019-04-18,14.970000267028809,30600,-0.022207716738678107
2019-04-22,14.862000465393066,18900,-0.0072144154782421786
2019-04-23,15.041000366210938,13600,0.01204413236526816
2019-04-24,14.649999618530273,12000,-0.025995661070458656
2019-04-25,14.666999816894531,7500,0.0011604231267524987
2019-04-26,14.699999809265137,10000,0.0022499483727131194
2019-04-29,14.720000267028809,8000,0.0013605753757266008
2019-04-30,14.449999809265137,14200,-0.018342422069681844
2019-05-01,14.571999549865723,8900,0.00844288873432105
2019-05-02,13.960000038146973,10500,-0.041998320794924084
2019-05-03,14.270000457763672,35100,0.022206333722750344
2019-05-06,14.303999900817871,3600,0.002382581777402932
2019-05-07,14.180000305175781,8800,-0.00866887559437132
2019-05-08,14.164999961853027,5600,-0.0010578521156504274
2019-05-09,14.050000190734863,14000,-0.008118586052090614
2019-05-10,13.800000190734863,8200,-0.01779359406449404
2019-05-13,13.5,16000,-0.02173914395568483
2019-05-14,13.579999923706055,5000,0.005925920274522569
2019-05-15,13.800000190734863,3400,0.016200314305213143
2019-05-16,14.050000190734863,9200,0.01811594177859843
2019-05-17,14.050000190734863,5700,0.0
2019-05-20,13.744000434875488,2400,-0.021779341758384002
2019-05-21,13.892999649047852,6200,0.01084103677661977
2019-05-22,13.859999656677246,15700,-0.002375296422962704
2019-05-23,13.550000190734863,1700,-0.022366484388261602
2019-05-24,13.579999923706055,50800,0.0022140024021331337
2019-05-28,13.640000343322754,2400,0.004418293074653036
2019-05-29,13.470999717712402,5600,-0.012390074879512972
2019-05-30,13.402000427246094,3300,-0.0051220616073196544
2019-05-31,13.180000305175781,9600,-0.0165647004173339
2019-06-03,12.729999542236328,6500,-0.03414269745978215
2019-06-04,12.989999771118164,6300,0.02042421352956001
2019-06-05,13.020000457763672,7800,0.0023095217224107303
2019-06-06,12.720000267028809,6700,-0.023041488493648763
2019-06-07,12.920000076293945,6000,0.01572325511529675
2019-06-10,13.371999740600586,7900,0.034984493934793776
2019-06-11,12.739999771118164,5900,-0.047262936115943746
2019-06-12,12.819999694824219,14800,0.006279428975141438
2019-06-13,13.100000381469727,3600,0.021840927715353353
2019-06-14,12.84000015258789,9200,-0.019847345138219435
2019-06-17,13.097000122070312,11900,0.0200155737093682
2019-06-18,13.220999717712402,6400,0.009467786095010632
2019-06-19,13.350000381469727,9900,0.009757254860576072
2019-06-20,13.449999809265137,7900,0.007490593628312768
2019-06-21,13.149999618530273,7700,-0.0223048472110911
2019-06-24,12.819999694824219,6800,-0.025095051960384585
2019-06-25,12.510000228881836,8500,-0.02418092615614788
2019-06-26,12.47700023651123,53100,-0.0026378890301231484
2019-06-27,12.65999984741211,9500,0.014666955793217853
2019-06-28,12.779999732971191,6800,0.009478664060459035
2019-07-01,12.800000190734863,7700,0.0015649810783698677
2019-07-02,13.220000267028809,10200,0.032812505471520044
2019-07-03,13.359000205993652,4900,0.010514367334130467
2019-07-05,13.369999885559082,6900,0.0008233909271514622
2019-07-08,13.40999984741211,4700,0.002991769797711909
2019-07-09,13.460000038146973,8900,0.0037285750412974408
2019-07-10,13.390000343322754,12500,-0.005200571666109412
2019-07-11,13.430000305175781,7900,0.002987301032667582
2019-07-12,13.42199993133545,3300,-0.0005957091331746858
2019-07-15,13.470000267028809,5300,0.003576243178283453
2019-07-16,13.329999923706055,3000,-0.010393492245537643
2019-07-17,13.376999855041504,3500,0.0035258763394187724
2019-07-18,12.930000305175781,20500,-0.033415530740045433
2019-07-19,13.0,7800,0.005413742704723557
2019-07-22,13.17300033569336,6200,0.013307718130258413
2019-07-23,13.114999771118164,12800,-0.004402988164969364
2019-07-24,13.430000305175781,12100,0.024018340797177212
2019-07-25,13.423999786376953,8700,-0.00044679960256706683
2019-07-26,13.357000350952148,7600,-0.004991018808924414
2019-07-29,12.961000442504883,3100,-0.02964736827449712
2019-07-30,13.0,5800,0.0030089928372519993
2019-07-31,12.755999565124512,5600,-0.018769264221191406
2019-08-01,12.694000244140625,4500,-0.004860404758353529
2019-08-02,12.470000267028809,8600,-0.017646129888425968
2019-08-05,12.043999671936035,8200,-0.034162035763474395
2019-08-06,12.062999725341797,5800,0.001577553464239469
2019-08-07,12.149999618530273,10100,0.007212127594242441
2019-08-08,12.680000305175781,13500,0.04362145706055746
2019-08-09,12.479999542236328,8900,-0.015772930451572298
2019-08-12,12.270000457763672,9200,-0.01682685033456547
2019-08-13,12.416999816894531,3600,0.011980387420266768
2019-08-14,11.968999862670898,8800,-0.0360795651791897
2019-08-15,11.880000114440918,10300,-0.007435855063174849
2019-08-16,12.029999732971191,6600,0.012626230394386873
2019-08-19,12.20199966430664,2700,0.014297583969519205
2019-08-20,12.208999633789062,1200,0.0005736739612358969
2019-08-21,12.447999954223633,3000,0.019575749660367264
2019-08-22,12.331000328063965,3200,-0.00939907025947327
2019-08-23,12.04800033569336,4800,-0.022950286662999225
2019-08-26,11.82699966430664,3400,-0.018343348707584528
2019-08-27,11.770999908447266,16200,-0.004734908045053876
2019-08-28,11.633999824523926,3500,-0.011638780476501744
2019-08-29,11.74899959564209,1900,0.009884800829698307
2019-08-30,11.65999984741211,300,-0.007575091607203054
2019-09-03,11.493000030517578,6900,-0.01432245446654926
2019-09-04,11.755000114440918,6300,0.02279649205843958
2019-09-05,11.90999984741211,10500,0.013185855505077839
2019-09-06,11.800000190734863,12700,-0.009235907479977644
2019-09-09,11.085000038146973,7100,-0.06059323229073294
2019-09-10,10.770999908447266,27200,-0.028326579036457716
2019-09-11,10.76200008392334,4800,-0.0008355607279197522
2019-09-12,10.770000457763672,4600,0.0007433909847560097
2019-09-13,10.640000343322754,13100,-0.012070576500969968
2019-09-16,10.670000076293945,4000,0.002819523684509847
2019-09-17,10.819999694824219,6700,0.014058070989477764
2019-09-18,10.699000358581543,11100,-0.011182933424716842
2019-09-19,10.788000106811523,4100,0.008318510631565202
2019-09-20,10.708000183105469,1700,-0.0074156398696680476
2019-09-23,10.64799976348877,5200,-0.005603326353259201
2019-09-24,10.3100004196167,21100,-0.03174298942333244
2019-09-25,10.430000305175781,10000,0.011639173683325935
2019-09-26,10.479999542236328,1100,0.004793790565445647
2019-09-27,10.229999542236328,23200,-0.023854962874039636
2019-09-30,10.239999771118164,8600,0.0009775395238825044
2019-10-01,10.199999809265137,10000,-0.0039062463620211114
2019-10-02,10.140000343322754,21900,-0.005882300692582611
2019-10-03,10.279999732971191,22400,0.013806645454467649
2019-10-04,10.40999984741211,11200,0.012645925857757246
2019-10-07,10.40999984741211,0,0.0
