Date,Adj Close,Volume,LogReturn
2019-01-02,27.064119338989258,21400,
2019-01-03,25.806236267089844,17500,-0.046477886686202854
2019-01-04,26.248458862304688,22200,0.017136268560743243
2019-01-07,27.201698303222656,11800,0.03631601557708641
2019-01-08,27.280315399169922,7800,0.00289015395549592
2019-01-09,27.594785690307617,14600,0.011527370066522909
2019-01-10,27.85029411315918,13000,0.00925930085919483
2019-01-11,29.059040069580078,17900,0.043401550860095575
2019-01-14,28.538198471069336,5300,-0.017923565171582376
2019-01-15,28.33182716369629,7900,-0.0072314062705204135
2019-01-16,28.361309051513672,5200,0.0010405925338680655
2019-01-17,29.491436004638672,11000,0.03984748909411443
2019-01-18,30.19899559020996,10500,0.02399203570351738
2019-01-22,28.793704986572266,12000,-0.04653434911236811
2019-01-23,29.304719924926758,7900,0.01774745343097737
2019-01-24,29.874696731567383,5800,0.019450000139936488
2019-01-25,29.786252975463867,10600,-0.002960490508011105
2019-01-28,30.012279510498047,2700,0.007588283602518478
2019-01-29,29.805906295776367,2300,-0.006876292573827724
2019-01-30,30.562602996826172,12300,0.02538747500380594
2019-01-31,30.326749801635742,10000,-0.00771705195447267
2019-02-01,30.110549926757812,6700,-0.007129015680614362
2019-02-04,30.31692123413086,4300,0.006853787389304853
2019-02-05,30.92620849609375,11000,0.02009726704296588
2019-02-06,30.45450210571289,7300,-0.0152526421219866
2019-02-07,30.090896606445312,4200,-0.011939302044914082
2019-02-08,29.9434871673584,2000,-0.00489880514412255
2019-02-11,29.196619033813477,7200,-0.024942590332601208
2019-02-12,29.658498764038086,6200,0.015819630680171996
2019-02-13,30.651046752929688,16800,0.033465887696753516
2019-02-14,31.447050094604492,10700,0.025969858324617286
2019-02-15,30.867244720458984,12200,-0.018437512339034547
2019-02-19,30.641220092773438,7700,-0.007322474996796085
2019-02-20,31.08344268798828,5300,0.014432277627193426
2019-02-21,32.0072021484375,12200,0.029718698463416713
2019-02-22,34.0709114074707,34200,0.06447640282529185
2019-02-25,34.89639663696289,30000,0.024228445773575167
2019-02-26,33.491111755371094,9200,-0.04027020027916848
2019-02-27,32.400291442871094,22200,-0.03257044198674776
2019-02-28,31.545320510864258,15500,-0.02638775436678832
2019-03-01,32.18408966064453,13800,0.02024925216912221
2019-03-04,31.358604431152344,15200,-0.02564886060771855
2019-03-05,32.085819244384766,7100,0.02319027987450839
2019-03-06,31.56497573852539,9400,-0.016232825532435987
2019-03-07,30.031932830810547,21300,-0.048567846857038716
2019-03-08,29.42264747619629,12600,-0.02028791679998618
2019-03-11,30.80828285217285,15100,0.04709417726931537
2019-03-12,30.719837188720703,5600,-0.0028708404125129786
2019-03-13,30.611738204956055,10000,-0.0035188657772033624
2019-03-14,31.77134895324707,18600,0.037881244786788164
2019-03-15,32.419944763183594,11300,0.020414487621880976
2019-03-18,32.64596939086914,8800,0.006971777075395349
2019-03-19,32.87199401855469,8100,0.006923507921586316
2019-03-20,32.095645904541016,13000,-0.02361731124602481
2019-03-21,32.636138916015625,4400,0.01684007273391991
2019-03-22,32.18408966064453,12000,-0.013851186763678663
2019-03-25,31.722209930419922,12500,-0.014351182062154359
2019-03-26,31.849966049194336,16000,0.004027339805601081
2019-03-27,32.90147399902344,5500,0.03301441352260719
2019-03-28,32.86216735839844,44300,-0.0011946771936773009
2019-03-29,33.76626968383789,12900,0.027511950614188437
2019-04-01,35.56464767456055,21300,0.05325959922613079
2019-04-02,35.61378479003906,24000,0.0013816280686414191
2019-04-03,41.17598342895508,178800,0.156181059432687
2019-04-04,38.99434280395508,37200,-0.052983327739195264
2019-04-05,39.220367431640625,13000,0.005796344070264005
2019-04-08,38.53246307373047,13000,-0.017539467449129417
2019-04-09,38.04110336303711,6000,-0.012751837580513875
2019-04-10,38.05093002319336,7800,0.0002583169069117522
2019-04-11,36.71443176269531,21300,-0.03512393152239393
2019-04-12,37.166481018066406,21900,0.012312576653587502
2019-04-15,36.508060455322266,18400,-0.017715439953114913
2019-04-16,36.72425842285156,2200,0.005921924222566549
2019-04-17,37.087867736816406,22600,0.009901066204745713
2019-04-18,36.999420166015625,13600,-0.0023848114275111334
2019-04-22,36.360652923583984,8100,-0.017264250076501345
2019-04-23,34.247802734375,16100,-0.05810814766306253
2019-04-24,34.2281494140625,8100,-0.0005738563862017836
2019-04-25,33.47145462036133,8300,-0.022107382568287107
2019-04-26,33.93333053588867,12500,0.013799098986465195
2019-04-29,33.94316101074219,11300,0.0002896996757544529
2019-04-30,33.805580139160156,21500,-0.004053272219947053
2019-05-01,34.39521026611328,3900,0.01744179879552197
2019-05-02,35.5744743347168,13500,0.03428570604684879
2019-05-03,36.429443359375,6400,0.024033215968671303
2019-05-06,33.41249084472656,25700,-0.0828163220855812
2019-05-07,32.41011428833008,21000,-0.03000005480150211
2019-05-08,31.67307472229004,17100,-0.02274103569901403
2019-05-09,30.483983993530273,22300,-0.03754263642496757
2019-05-10,31.466705322265625,10100,0.03223729972250078
2019-05-13,30.06141471862793,15000,-0.04465960415129071
2019-05-14,29.97296905517578,21900,-0.0029421657057723894
2019-05-15,29.34402847290039,15900,-0.0209835929539581
2019-05-16,29.402992248535156,13700,0.002009396074885201
2019-05-17,28.85266876220703,10400,-0.018716581009048217
2019-05-20,27.7225399017334,25800,-0.03916895417154422
2019-05-21,28.056663513183594,9700,0.012052417009211471
2019-05-22,27.889602661132812,3100,-0.005954409082615284
2019-05-23,26.828264236450195,11400,-0.03805498549327515
2019-05-24,26.72999382019043,12000,-0.003662943505910853
2019-05-28,28.44975471496582,17400,0.06433824513181795
2019-05-29,28.056663513183594,20700,-0.013817033071833245
2019-05-30,27.5063419342041,9100,-0.019614648004061517
2019-05-31,26.936363220214844,43900,-0.02072171993472131
2019-06-03,26.90688133239746,7300,-0.001094501420862102
2019-06-04,26.897056579589844,11400,-0.00036513903957303333
2019-06-05,26.936363220214844,6000,0.0014613733108189563
2019-06-06,26.67102813720703,4600,-0.009850441978324949
2019-06-07,27.093599319458008,10300,0.015843827994822396
2019-06-10,26.562931060791016,17900,-0.019586480644743214
2019-06-11,27.99770164489746,16100,0.05401401602943886
2019-06-12,27.290143966674805,14400,-0.02527199150833181
2019-06-13,27.231178283691406,10500,-0.0021606951966029945
2019-06-14,27.024808883666992,5900,-0.007578423448096166
2019-06-17,27.044464111328125,7500,0.0007273031141771315
2019-06-18,27.830638885498047,45900,0.02906971167680178
2019-06-19,28.400617599487305,60800,0.02048025977176764
2019-06-20,30.140031814575195,46600,0.06124564752842878
2019-06-21,29.009904861450195,21600,-0.037495877910072084
2019-06-24,28.783878326416016,8300,-0.007791357335147107
2019-06-25,27.938739776611328,13600,-0.029361524538862194
2019-06-26,28.44975471496582,12200,0.018290550770736047
2019-06-27,28.72491455078125,9400,0.009671782360593904
2019-06-28,28.911632537841797,10600,0.0065002103567778444
2019-07-01,29.884525299072266,47000,0.03365056469768945
2019-07-02,30.081069946289062,22300,0.00657680338736712
2019-07-03,29.71746253967285,12900,-0.012087582232462021
2019-07-05,29.648672103881836,24200,-0.002314815260528395
2019-07-08,29.147483825683594,10100,-0.01690424031276
2019-07-09,29.285064697265625,13100,0.004720162893127691
2019-07-10,30.356229782104492,27600,0.03657718007154968
2019-07-11,28.6954345703125,24800,-0.054710193713550646
2019-07-12,28.420270919799805,13200,-0.00958910902145291
2019-07-15,28.6364688873291,19500,0.007607174757038516
2019-07-16,28.6364688873291,10800,0.0
2019-07-17,28.754396438598633,7600,0.004118089829214633
2019-07-18,28.685606002807617,1500,-0.0023923449736776383
2019-07-19,28.498889923095703,13900,-0.006509051253567351
2019-07-22,28.33182716369629,4500,-0.005862079535386577
2019-07-23,28.567678451538086,10000,0.008324605627412938
2019-07-24,28.410444259643555,51500,-0.005503919128789611
2019-07-25,27.899429321289062,4800,-0.017986868972703053
2019-07-26,27.948566436767578,13000,0.0017612229595327543
2019-07-29,27.869949340820312,3900,-0.002812920516876363
2019-07-30,27.37858772277832,9500,-0.017630517086097065
2019-07-31,26.99532699584961,13900,-0.013998557223236438
2019-08-01,25.55072784423828,24700,-0.05351293399162854
2019-08-02,25.599863052368164,20800,0.0019230453406031977
2019-08-05,23.398571014404297,47600,-0.08598843022952157
2019-08-06,23.81131362915039,16600,0.01763965049369925
2019-08-07,23.81131362915039,14400,0.0
2019-08-08,23.604942321777344,27700,-0.008666943394521589
2019-08-09,23.42805290222168,18100,-0.007493745044759978
2019-08-12,22.789283752441406,20100,-0.027265140319010422
2019-08-13,23.693387985229492,26800,0.03967234085148594
2019-08-14,23.359262466430664,12500,-0.014102057460381887
2019-08-15,23.595115661621094,9000,0.010096774053948479
2019-08-16,23.693387985229492,19900,0.004164943500075502
2019-08-19,24.322328567504883,11500,0.02654498304199777
2019-08-20,23.663904190063477,11900,-0.02707077883657383
2019-08-21,23.663904190063477,2800,0.0
2019-08-22,23.67373275756836,10100,0.0004153400650180898
2019-08-23,22.79911231994629,10900,-0.03694476264384031
2019-08-26,23.2020263671875,6400,0.01767235678244863
2019-08-27,23.2216796875,9800,0.0008470518911354178
2019-08-28,23.19219970703125,12700,-0.0012695025022078305
2019-08-29,23.29047203063965,5900,0.004237300680823515
2019-08-30,23.19219970703125,39800,-0.004219421722286986
2019-09-03,24.027511596679688,15600,0.036016932425568644
2019-09-04,24.047164916992188,11200,0.0008179507159291456
2019-09-05,24.970922470092773,10200,0.03841440586818786
2019-09-06,25.137985229492188,11900,0.006690291862445296
2019-09-09,25.383665084838867,10800,0.009773251639055191
2019-09-10,25.16746711730957,5300,-0.008517208480599888
2019-09-11,25.5212459564209,8800,0.014056990219250456
2019-09-12,26.012605667114258,15100,0.019252967176147526
2019-09-13,26.66120147705078,11800,0.024933903901695375
2019-09-16,25.15764045715332,28900,-0.056395096117168024
2019-09-17,24.931615829467773,20400,-0.008984333330881953
2019-09-18,25.00040626525879,12600,0.0027591647593778975
2019-09-19,24.685935974121094,5900,-0.012578607235462863
2019-09-20,24.479562759399414,4800,-0.008359950983346392
2019-09-23,24.322328567504883,2800,-0.006423080078673303
2019-09-24,24.007858276367188,4800,-0.012929283899150754
2019-09-25,24.05699348449707,4600,0.0020466302143348804
2019-09-26,23.555805206298828,7100,-0.020833371323861417
2019-09-27,23.398571014404297,10000,-0.006674965704525642
2019-09-30,23.722867965698242,10100,0.013859690452647993
2019-10-01,23.68355941772461,12500,-0.0016569897042158002
2019-10-02,23.526325225830078,2500,-0.006638959504408712
2019-10-03,24.027511596679688,7200,0.021303215272198382
2019-10-04,24.341981887817383,2400,0.01308792589163296
2019-10-07,24.106130599975586,3800,-0.009689074986939957
2019-10-08,22.70083999633789,19400,-0.05829598399500576
2019-10-09,23.025136947631836,6900,0.014285680677290401
2019-10-10,24.027511596679688,13900,0.04353392778195602
2019-10-11,24.79403305053711,6900,0.03190182432222178
2019-10-14,24.273193359375,3100,-0.021006654710046316
2019-10-15,24.568008422851562,2500,0.012145705722016032
2019-10-16,24.744897842407227,3600,0.007199990186877868
2019-10-17,24.528697967529297,4600,-0.008737149623928187
2019-10-18,24.499217987060547,3000,-0.0012018567193323973
2019-10-21,24.273193359375,4400,-0.009225789484583694
2019-10-22,24.243709564208984,1500,-0.0012146648662784264
2019-10-23,24.30267333984375,19200,0.0024321267947300406
2019-10-24,23.880102157592773,5500,-0.017387847680040182
2019-10-25,24.292844772338867,2200,0.017283955153217827
2019-10-28,24.685935974121094,6100,0.01618135732830357
2019-10-29,24.902132034301758,1800,0.008757863603280345
2019-10-30,24.813688278198242,7400,-0.0035516539700973255
2019-10-31,24.3125,2900,-0.020198056515386927
2019-11-01,24.636798858642578,5000,0.013338770535427378
2019-11-04,25.737445831298828,11000,0.04467491815683447
2019-11-05,26.445003509521484,45300,0.027491371244080815
2019-11-06,25.422975540161133,22500,-0.03864729944136222
2019-11-07,26.87740135192871,12400,0.05720911029749431
2019-11-08,26.700511932373047,3900,-0.006581343830063785
2019-11-11,25.904508590698242,15000,-0.029812287632945723
2019-11-12,25.727617263793945,5200,-0.006828592261650344
2019-11-13,25.03971290588379,7300,-0.026737973861195176
2019-11-14,24.980751037597656,2700,-0.0023547341979419443
2019-11-15,25.364011764526367,3900,0.015342241966699824
2019-11-18,24.882478713989258,3200,-0.018984893044820792
2019-11-19,24.862823486328125,3300,-0.0007899224143647065
2019-11-20,24.07664680480957,5500,-0.03162057124971616
2019-11-21,24.4107723236084,2900,0.013877576952787418
2019-11-22,24.047164916992188,5800,-0.014895366758410801
2019-11-25,24.725242614746094,7200,0.02819782290737997
2019-11-26,24.70558738708496,4300,-0.0007949457955737294
2019-11-27,25.03971290588379,4700,0.013524289609624698
2019-11-29,24.91196060180664,5800,-0.005101987572993675
2019-12-02,24.685935974121094,7200,-0.009072936140929645
2019-12-03,23.978374481201172,2800,-0.028662534556586267
2019-12-04,24.037338256835938,4600,0.002459039735199427
2019-12-05,23.801485061645508,7600,-0.009811951417847015
2019-12-06,23.968547821044922,8300,0.007019005703498076
2019-12-09,24.096302032470703,6200,0.0053300772487188475
2019-12-10,24.16509246826172,3900,0.002854812979116789
2019-12-11,24.872650146484375,12400,0.029280156041279714
2019-12-12,26.002779006958008,23500,0.0454366082350646
2019-12-13,26.02243423461914,20100,0.0007558895014980255
2019-12-16,26.72999382019043,27900,0.02719036886372382
2019-12-17,26.87740135192871,9000,0.005514686338121686
2019-12-18,26.169841766357422,5900,-0.02632544628502617
2019-12-19,26.38604164123535,8200,0.008261413149080058
2019-12-20,25.953643798828125,22600,-0.016387370575944502
2019-12-23,25.89468002319336,12100,-0.002271888143792279
2019-12-24,25.914335250854492,2200,0.0007590450101537462
2019-12-26,26.061742782592773,2600,0.005688262126400509
2019-12-27,26.5137939453125,5300,0.017345392688844344
2019-12-30,27.24100685119629,11300,0.027427719600738486
2019-12-31,26.897056579589844,14700,-0.012626195260889952
