Date,Adj Close,Volume,LogReturn
2019-01-02,61.189998626708984,225800,
2019-01-03,59.560001373291016,209800,-0.026638295309692767
2019-01-04,60.689998626708984,218000,0.018972418189444548
2019-01-07,61.560001373291016,213800,0.014335191403335324
2019-01-08,62.880001068115234,257700,0.021442489690991558
2019-01-09,64.41000366210938,231700,0.02433210190847093
2019-01-10,65.20999908447266,266100,0.012420359833543938
2019-01-11,64.83999633789062,236400,-0.005674018582682877
2019-01-14,64.01000213623047,186100,-0.012800651581393313
2019-01-15,64.88999938964844,203900,0.013747808530690225
2019-01-16,65.2699966430664,134400,0.005856021836834656
2019-01-17,65.19999694824219,227000,-0.001072463588546159
2019-01-18,65.45999908447266,192600,0.0039877630122723265
2019-01-22,64.37999725341797,169800,-0.01649865331744051
2019-01-23,64.62000274658203,176400,0.0037279512799500854
2019-01-24,64.45999908447266,170000,-0.0024760701842872967
2019-01-25,65.44000244140625,209200,0.015203279101033376
2019-01-28,65.29000091552734,151400,-0.0022921992708239093
2019-01-29,64.87999725341797,149600,-0.006279731296678041
2019-01-30,65.41999816894531,250300,0.008323072416574366
2019-01-31,65.7300033569336,149400,0.004738691480664697
2019-02-01,66.33999633789062,185800,0.009280282212136622
2019-02-04,67.44000244140625,192800,0.016581341034644398
2019-02-05,67.44000244140625,202700,0.0
2019-02-06,66.86000061035156,231000,-0.00860026408745476
2019-02-07,66.63999938964844,210100,-0.003290475900310767
2019-02-08,67.26000213623047,213900,0.009303762789024572
2019-02-11,66.3499984741211,152800,-0.01352964069591056
2019-02-12,66.5999984741211,232700,0.00376789759983957
2019-02-13,65.7699966430664,349400,-0.012462490241305383
2019-02-14,66.13999938964844,201000,0.00562570724444514
2019-02-15,66.37999725341797,154200,0.003628634199943662
2019-02-19,66.5999984741211,153600,0.0033142698072618094
2019-02-20,66.73999786376953,103000,0.002102092985825478
2019-02-21,66.5999984741211,111500,-0.002097683460137441
2019-02-22,67.23999786376953,124400,0.009609600665338206
2019-02-25,67.31999969482422,96900,0.00118979526466931
2019-02-26,67.22000122070312,123800,-0.0014854200025907302
2019-02-27,67.4800033569336,129700,0.003867928168831847
2019-02-28,67.05000305175781,189300,-0.006372262652408398
2019-03-01,67.12999725341797,164600,0.0011930529160215913
2019-03-04,67.2300033569336,138000,0.0014897379354582518
2019-03-05,66.44000244140625,235900,-0.011750719560924565
2019-03-06,66.69000244140625,252800,0.003762793359625117
2019-03-07,65.9000015258789,196500,-0.011845867245565593
2019-03-08,65.87999725341797,135700,-0.000303554962029581
2019-03-11,66.80999755859375,106400,0.014116580812813122
2019-03-12,67.6500015258789,168100,0.012573027959602235
2019-03-13,67.37000274658203,125000,-0.0041389323426661555
2019-03-14,67.29000091552734,89900,-0.0011874992992893464
2019-03-15,67.5,138400,0.003120806681757652
2019-03-18,67.77999877929688,117200,0.004148130063657407
2019-03-19,67.4000015258789,192600,-0.005606333140478565
2019-03-20,67.3499984741211,122500,-0.0007418850241214509
2019-03-21,67.77999877929688,126000,0.00638456295349445
2019-03-22,67.44999694824219,188500,-0.004868719932103115
2019-03-25,67.5,104100,0.0007413351226121239
2019-03-26,67.5199966430664,134600,0.00029624656394675925
2019-03-27,68.05999755859375,200200,0.007997644288727852
2019-03-28,68.47000122070312,120000,0.006024150408709572
2019-03-29,68.76000213623047,218300,0.0042354448715805895
2019-04-01,69.31999969482422,124400,0.008144234165151087
2019-04-02,69.55999755859375,143300,0.003462173468351165
2019-04-03,70.0999984741211,319300,0.007763095665327976
2019-04-04,69.36000061035156,165300,-0.010556317829917174
2019-04-05,69.08000183105469,160700,-0.004036891246149829
2019-04-08,69.23999786376953,108100,0.002316097690705591
2019-04-09,69.2300033569336,141500,-0.00014434585708107334
2019-04-10,69.0999984741211,125900,-0.0018778690814476122
2019-04-11,69.18000030517578,145200,0.0011577689265022096
2019-04-12,70.05000305175781,191400,0.012575928631745626
2019-04-15,70.68000030517578,156400,0.008993536416443593
2019-04-16,70.68000030517578,206100,0.0
2019-04-17,70.55000305175781,103600,-0.0018392367410395903
2019-04-18,70.93000030517578,133200,0.005386211721907229
2019-04-22,71.01000213623047,81600,0.0011278983605030346
2019-04-23,71.44999694824219,131100,0.00619623713244794
2019-04-24,70.77999877929688,145600,-0.009377161617384727
2019-04-25,71.16000366210938,87700,0.005368817312323143
2019-04-26,71.0999984741211,135600,-0.0008432431829712266
2019-04-29,71.22000122070312,109000,0.0016878023791478663
2019-04-30,71.83000183105469,171800,0.008565018251842431
2019-05-01,71.55000305175781,274700,-0.0038980756252162793
2019-05-02,72.01000213623047,200400,0.0064290575101709265
2019-05-03,72.12999725341797,175500,0.001666367360474313
2019-05-06,71.91999816894531,186100,-0.002911397372369998
2019-05-07,71.73999786376953,197300,-0.002502785174617878
2019-05-08,71.37999725341797,185000,-0.0050181296497274035
2019-05-09,71.16000366210938,280800,-0.003082006161019564
2019-05-10,71.81999969482422,216000,0.009274817295523445
2019-05-13,70.86000061035156,198100,-0.013366737518126717
2019-05-14,71.23999786376953,115900,0.005362648181553317
2019-05-15,71.72000122070312,94800,0.006737835083199921
2019-05-16,72.37000274658203,138100,0.009063043987947855
2019-05-17,72.54000091552734,165900,0.0023490142668723523
2019-05-20,72.75,129900,0.0028949418503206206
2019-05-21,73.23999786376953,199600,0.006735365825010739
2019-05-22,73.25,90000,0.00013656658277179745
2019-05-23,73.16999816894531,136100,-0.001092175167982082
2019-05-24,73.06999969482422,116900,-0.0013666595137832725
2019-05-28,73.62999725341797,147700,0.007663850567025751
2019-05-29,72.8499984741211,201400,-0.01059349189722626
2019-05-30,73.0,130400,0.0020590463832637156
2019-05-31,72.86000061035156,153700,-0.001917799858197774
2019-06-03,71.94000244140625,153500,-0.012626930568740676
2019-06-04,72.72000122070312,135100,0.010842351304229786
2019-06-05,73.69000244140625,170200,0.013338850445824375
2019-06-06,74.70999908447266,211400,0.013841723561855555
2019-06-07,75.43000030517578,141800,0.009637280545125403
2019-06-10,75.3499984741211,136000,-0.001060610244345949
2019-06-11,75.22000122070312,131800,-0.0017252456012008576
2019-06-12,75.56999969482422,142800,0.004652997453352369
2019-06-13,76.26000213623047,130800,0.009130639727308458
2019-06-14,76.2300033569336,154600,-0.0003933750125430804
2019-06-17,76.80000305175781,181500,0.007477366781099239
2019-06-18,76.76000213623047,224600,-0.0005208452335657583
2019-06-19,77.16999816894531,120800,0.005341271773119545
2019-06-20,77.08999633789062,146100,-0.0010366960341186295
2019-06-21,76.62000274658203,143000,-0.00609668716610882
2019-06-24,77.01000213623047,127500,0.005090046667556862
2019-06-25,75.80000305175781,157800,-0.015712232838692452
2019-06-26,75.9800033569336,142100,0.002374674115156345
2019-06-27,76.69999694824219,120900,0.009476093175809138
2019-06-28,76.7699966430664,146000,0.0009126427328472404
2019-07-01,77.06999969482422,56800,0.003907816398021267
2019-07-02,78.1500015258789,136600,0.01401325853550272
2019-07-03,78.41000366210938,108400,0.00332696265072203
2019-07-05,77.58999633789062,289300,-0.010457942684869532
2019-07-08,77.0199966430664,180500,-0.007346303927402851
2019-07-09,78.02999877929688,183600,0.013113505326559794
2019-07-10,78.12000274658203,109200,0.0011534533986054135
2019-07-11,78.8499984741211,147900,0.009344543034735132
2019-07-12,78.30000305175781,147500,-0.006975211579031191
2019-07-15,78.69999694824219,118100,0.005108478683199684
2019-07-16,78.20999908447266,114700,-0.006226148446889815
2019-07-17,78.91999816894531,127100,0.009078111402428276
2019-07-18,79.47000122070312,103500,0.006969121446004245
2019-07-19,78.75,103900,-0.00906003787144216
2019-07-22,79.38999938964844,105500,0.008126976376488095
2019-07-23,79.13999938964844,110900,-0.003149011234689557
2019-07-24,79.41000366210938,107900,0.0034117295241760416
2019-07-25,79.38999938964844,101900,-0.0002519112396223522
2019-07-26,80.30000305175781,122400,0.011462447022364245
2019-07-29,79.79000091552734,108800,-0.006351209425256734
2019-07-30,79.37000274658203,183900,-0.005263794512171509
2019-07-31,76.93000030517578,375200,-0.030742123686159577
2019-08-01,77.18000030517578,250400,0.0032497075134312746
2019-08-02,76.12999725341797,212700,-0.013604600254029774
2019-08-05,74.62999725341797,161500,-0.019703140077712997
2019-08-06,75.20999908447266,221400,0.007771698410830695
2019-08-07,75.7300033569336,143900,0.006914031096807898
2019-08-08,76.5,84000,0.010167656264812615
2019-08-09,76.52999877929688,165900,0.0003921409058415033
2019-08-12,76.33000183105469,125300,-0.0026133144052302177
2019-08-13,77.05999755859375,129900,0.009563680204735242
2019-08-14,75.61000061035156,228500,-0.018816467612001415
2019-08-15,76.58999633789062,162700,0.012961191900914942
2019-08-16,77.86000061035156,145500,0.01658185576688219
2019-08-19,78.5199966430664,148400,0.008476702126137624
2019-08-20,77.52999877929688,119800,-0.012608226007316719
2019-08-21,78.20999908447266,79600,0.008770802474942954
2019-08-22,78.08999633789062,76700,-0.0015343657842575768
2019-08-23,76.52999877929688,152200,-0.01997691934628523
2019-08-26,77.33000183105469,106600,0.010453457004029533
2019-08-27,78.12000274658203,163500,0.010215969181706265
2019-08-28,77.52999877929688,129800,-0.0075525338778994165
2019-08-29,78.47000122070312,135100,0.0121243706462854
2019-08-30,78.4800033569336,123400,0.00012746445870871016
2019-09-03,78.20999908447266,159800,-0.003440421265439243
2019-09-04,79.0199966430664,109500,0.010356700780917948
2019-09-05,79.80000305175781,136000,0.009871000276230052
2019-09-06,80.08999633789062,147700,0.0036340009403849844
2019-09-09,78.55999755859375,120600,-0.01910349418474167
2019-09-10,77.79000091552734,156000,-0.009801383235686922
2019-09-11,78.16999816894531,172900,0.004884911286099742
2019-09-12,78.2300033569336,134700,0.0007676242726601416
2019-09-13,77.62999725341797,122300,-0.007669769625063501
2019-09-16,77.36000061035156,112100,-0.003477993721744188
2019-09-17,78.05999755859375,106500,0.009048564409505973
2019-09-18,77.83000183105469,115900,-0.0029463968067180895
2019-09-19,78.5999984741211,91400,0.009893313952861459
2019-09-20,77.7699966430664,170300,-0.01055981993852028
2019-09-23,77.55999755859375,121400,-0.0027002583713159867
2019-09-24,77.94000244140625,137800,0.0048994958067839055
2019-09-25,78.33999633789062,167000,0.005132074466960435
2019-09-26,78.6500015258789,197000,0.0039571764421737834
2019-09-27,78.41999816894531,177800,-0.0029243910040855333
2019-09-30,79.13999938964844,161400,0.009181347073637765
2019-10-01,77.91000366210938,180900,-0.015542023465063948
2019-10-02,76.61000061035156,176500,-0.016685958036863166
2019-10-03,76.25,140600,-0.00469913337010102
2019-10-04,77.16000366210938,126400,0.011934474257172131
2019-10-07,76.55999755859375,177200,-0.007776128499722549
2019-10-08,77.06999969482422,207400,0.00666147012139268
2019-10-09,77.80999755859375,158100,0.009601633147784056
2019-10-10,78.01000213623047,132900,0.0025704226180717723
2019-10-11,78.19999694824219,132900,0.0024355186105485156
2019-10-14,78.02999877929688,41700,-0.002173889713292806
2019-10-15,78.5199966430664,220900,0.006279608758619368
2019-10-16,77.76000213623047,236300,-0.009678993114208796
2019-10-17,78.08999633789062,143400,0.004243752476781416
2019-10-18,77.6500015258789,141000,-0.005634458095091824
2019-10-21,79.02999877929688,181900,0.01777201836831965
2019-10-22,77.63999938964844,142500,-0.01758825017232025
2019-10-23,77.80999755859375,146200,0.0021895694266063836
2019-10-24,78.12999725341797,149400,0.004112578137317732
2019-10-25,78.16000366210938,136700,0.0003840574650742555
2019-10-28,78.29000091552734,127900,0.001663219643386342
2019-10-29,77.37999725341797,177400,-0.011623497911198682
2019-10-30,78.11000061035156,225100,0.009434005981453412
2019-10-31,77.72000122070312,177200,-0.004992950795045221
2019-11-01,78.30999755859375,141100,0.007591306338444334
2019-11-04,77.94999694824219,153700,-0.004597121971331947
2019-11-05,77.68000030517578,125200,-0.0034637158901453277
2019-11-06,79.44000244140625,309200,0.022657081994285223
2019-11-07,79.58000183105469,157000,0.0017623286171434718
2019-11-08,80.26000213623047,175200,0.008544864155939528
2019-11-11,80.13999938964844,175500,-0.0014951749736854339
2019-11-12,80.02999877929688,105800,-0.0013726055801015031
2019-11-13,79.79000091552734,244900,-0.002998848774587471
2019-11-14,80.83999633789062,132700,0.013159486280428772
2019-11-15,81.5999984741211,178100,0.009401313343135905
2019-11-18,81.75,121800,0.0018382540279884717
2019-11-19,82.43000030517578,124200,0.008318046546492737
2019-11-20,81.73999786376953,123900,-0.008370768395628949
2019-11-21,81.81999969482422,130900,0.0009787354189563485
2019-11-22,81.44999694824219,104200,-0.004522155316085108
2019-11-25,81.63999938964844,144900,0.0023327495214884785
2019-11-26,82.86000061035156,189800,0.014943670135032061
2019-11-27,83.19000244140625,123700,0.003982643357758568
2019-11-29,83.13999938964844,64700,-0.0006010704446490607
2019-12-02,83.29000091552734,181500,0.0018042040772204117
2019-12-03,82.56999969482422,162100,-0.008644509698509304
2019-12-04,82.81999969482422,150700,0.003027734055031986
2019-12-05,82.55999755859375,381700,-0.0031393641292988004
2019-12-06,83.0,295000,0.005329487093237562
2019-12-09,82.37000274658203,115400,-0.007590328354433358
2019-12-10,82.62999725341797,150600,0.00315642221884867
2019-12-11,82.69000244140625,194900,0.0007261913346584209
2019-12-12,82.83000183105469,124900,0.001693063073104157
2019-12-13,83.0199966430664,148700,0.0022937921986195798
2019-12-16,83.31999969482422,112800,0.0036136239928753104
2019-12-17,83.08999633789062,107500,-0.0027604819704275803
2019-12-18,83.5199966430664,181800,0.005175115225991326
2019-12-19,84.0199966430664,140000,0.0059865902789342194
2019-12-20,84.51000213623047,185800,0.00583201038730938
2019-12-23,83.79000091552734,102400,-0.008519716039558017
2019-12-24,83.55999755859375,62200,-0.0027449976658368938
2019-12-26,83.80000305175781,47700,0.0028722534726711353
2019-12-27,84.08000183105469,127600,0.0033412740942734566
2019-12-30,83.48999786376953,117800,-0.007017173577977256
2019-12-31,83.70999908447266,134500,0.0026350608016795086
