Date,Adj Close,Volume,LogReturn
2019-07-01,34.928279876708984,0,
2019-07-19,42.639713287353516,2450600,0.22077907752298734
2019-07-22,41.46031951904297,513100,-0.0276595145085167
2019-07-23,40.507728576660156,190000,-0.022975967224403128
2019-07-24,39.600502014160156,335600,-0.02239638198382538
2019-07-25,39.69122314453125,195500,0.00229090859349849
2019-07-26,39.15596008300781,122700,-0.013485678170570243
2019-07-29,38.647911071777344,276000,-0.012975010960105216
2019-07-30,38.39388656616211,105900,-0.006572787469507916
2019-07-31,38.28501892089844,120000,-0.0028355463590815726
2019-08-01,38.049137115478516,105900,-0.006161203835559876
2019-08-02,36.26190185546875,252700,-0.04697176849465825
2019-08-05,35.2276611328125,104900,-0.02852141420432071
2019-08-06,35.427249908447266,142900,0.005665683420829218
2019-08-07,36.388912200927734,101600,0.027144706263275892
2019-08-08,37.640892028808594,45800,0.03440553048048906
2019-08-09,36.24375915527344,67500,-0.037117421990580234
2019-08-12,36.14396286010742,81900,-0.002753475287661913
2019-08-13,36.22561264038086,71600,0.002259015719705585
2019-08-14,35.363746643066406,157900,-0.023791619644100294
2019-08-15,35.38188934326172,44800,0.0005130310534805748
2019-08-16,36.062313079833984,36600,0.019230848018630425
2019-08-19,36.615718841552734,67900,0.015345819900504775
2019-08-20,36.01695251464844,25800,-0.01635271260125575
2019-08-21,36.08952713012695,78300,0.002015012665188673
2019-08-22,36.37076950073242,36200,0.007792908163950205
2019-08-23,35.10972213745117,23600,-0.03467200118644329
2019-08-26,35.0008544921875,69300,-0.0031007834478856185
2019-08-27,35.880863189697266,132100,0.02514249181276964
2019-08-28,35.363746643066406,31500,-0.014412043096536842
2019-08-29,35.38188934326172,27300,0.0005130310534805748
2019-08-30,36.24375915527344,58200,0.024359066969267342
2019-09-03,37.18727493286133,99500,0.02603250323857783
2019-09-04,36.74272918701172,15800,-0.011954243666743568
2019-09-05,37.649959564208984,93900,0.024691425957491606
2019-09-06,36.86067581176758,34600,-0.0209637343991126
2019-09-09,36.252830505371094,47300,-0.0164903462296921
2019-09-10,35.83550262451172,27400,-0.011511594406333188
2019-09-11,36.22561264038086,129800,0.010886132111966049
2019-09-12,37.296142578125,33700,0.029551741425921832
2019-09-13,37.95841979980469,28700,0.01775725787974994
2019-09-16,37.48666000366211,13900,-0.01242833075324715
2019-09-17,37.51387405395508,29200,0.0007259662581385
2019-09-18,38.049137115478516,17400,0.014268402691590442
2019-09-19,38.48461151123047,8000,0.011445053127756758
2019-09-20,38.439247131347656,33000,-0.0011787667356230008
2019-09-23,38.41203308105469,10300,-0.0007079756323004405
2019-09-24,37.72254180908203,221300,-0.01794987707413806
2019-09-25,37.867698669433594,7600,0.0038480137708168625
2019-09-26,37.8314094543457,6400,-0.0009583158301928418
2019-09-27,37.77696990966797,17400,-0.0014390038717280963
2019-09-30,37.40501022338867,49300,-0.009846202254143843
2019-10-01,36.05324172973633,53200,-0.03613870135522935
2019-10-02,35.54519271850586,48900,-0.014091631899259572
2019-10-03,35.2276611328125,41300,-0.008933179465588977
2019-10-04,35.71756362915039,24400,0.013906756241661902
2019-10-07,35.427249908447266,37200,-0.008128038175207155
2019-10-08,35.08250427246094,21200,-0.00973108657536884
2019-10-09,35.60869598388672,76500,0.01499869300490134
2019-10-10,35.20044708251953,9100,-0.011464865255159136
2019-10-11,35.771995544433594,56800,0.016236965984386384
2019-10-14,35.79921340942383,59700,0.0007608707475216515
2019-10-15,35.64498519897461,43900,-0.004308145228928956
2019-10-16,35.64498519897461,0,0.0
2019-10-17,36.41613006591797,26400,0.021634035268600495
2019-10-18,36.497779846191406,33300,0.0022421322673672546
2019-10-21,37.005828857421875,15500,0.013919997692229062
2019-10-22,36.969539642333984,23700,-0.0009806351109634037
2019-10-23,37.37779235839844,12800,0.011042948330277857
2019-10-24,37.55016326904297,21300,0.004611586179080507
2019-10-25,37.622745513916016,13500,0.0019329408597508013
2019-10-28,37.37779235839844,7900,-0.006510772995739349
2019-10-29,37.758827209472656,37700,0.01019415077864019
2019-10-30,37.76790237426758,31700,0.00024034551562144822
2019-10-31,37.858619689941406,10800,0.002401968602196891
2019-11-01,38.29409408569336,5900,0.01150264852016392
2019-11-04,37.72254180908203,24300,-0.014925337451052526
2019-11-05,37.559242248535156,10000,-0.0043289649295997126
2019-11-06,37.22356414794922,16700,-0.008937296933859981
2019-11-07,37.386863708496094,11000,0.004386994214144101
2019-11-08,36.724586486816406,13100,-0.017714168988429653
2019-11-11,36.76994705200195,20700,0.0012351552331795665
2019-11-12,36.92417907714844,16300,0.004194513114972983
2019-11-13,36.425201416015625,10900,-0.013513574942052504
2019-11-14,36.20746994018555,21100,-0.005977495452759386
2019-11-15,35.60869598388672,18500,-0.01653730451997883
2019-11-18,36.270973205566406,14300,0.018598749641923828
2019-11-19,36.479637145996094,23600,0.00575291815984867
2019-11-20,35.83550262451172,39900,-0.017657371944421147
2019-11-21,35.98066329956055,19100,0.004050750356980825
2019-11-22,35.60869598388672,24600,-0.010337978279526915
2019-11-25,35.71756362915039,3300,0.0030573331107922497
2019-11-26,35.33652877807617,29400,-0.01066799670409889
2019-11-27,35.86272048950195,18200,0.014890871560430298
2019-11-29,36.56128692626953,13500,0.019478902526986724
2019-12-02,36.56128692626953,10200,0.0
2019-12-03,35.83550262451172,15000,-0.019851169441093486
2019-12-04,35.83550262451172,36700,0.0
2019-12-05,35.79921340942383,40300,-0.0010126609766893172
2019-12-06,35.481685638427734,62900,-0.008869685692940598
2019-12-09,35.37281799316406,36000,-0.0030682771493179832
2019-12-10,35.064361572265625,51700,-0.008720154016512
2019-12-11,35.43632507324219,89500,0.010608021486715713
2019-12-12,36.18025207519531,17600,0.020993345117348555
2019-12-13,36.28004837036133,48300,0.002758308453976599
2019-12-16,36.26190185546875,123800,-0.0005001789056985592
2019-12-17,36.67922592163086,22700,0.011508609444299505
2019-12-18,37.44129943847656,86400,0.020776706642445394
2019-12-19,37.042118072509766,20300,-0.010661525426560865
2019-12-20,37.40501022338867,17400,0.009796744078417617
2019-12-23,37.06026077270508,24400,-0.009216665057025654
2019-12-24,37.24170684814453,3800,0.004895974061064577
2019-12-26,37.05118942260742,12800,-0.005115700693149122
2019-12-27,36.942325592041016,12000,-0.0029382006964662004
2019-12-30,37.73160934448242,67300,0.021365296845617436
2019-12-31,37.46851348876953,37100,-0.006972823589655969
