Date,Adj Close,Volume,LogReturn
2019-01-02,3.0,0,
2019-01-03,3.2799999713897705,50,0.09333332379659016
2019-01-04,3.4800000190734863,450,0.06097562482568367
2019-01-07,3.4800000190734863,0,0.0
2019-01-10,4.0,50000,0.1494252810564519
2019-01-11,4.0,0,0.0
2019-01-18,4.099999904632568,60,0.02499997615814209
2019-01-22,4.099999904632568,0,0.0
2019-01-28,4.099999904632568,110,0.0
2019-01-29,3.619999885559082,110,-0.11707317810694015
2019-01-30,3.619999885559082,0,0.0
2019-02-01,4.079999923706055,70,0.12707183775944486
2019-02-04,4.079999923706055,0,0.0
2019-02-05,4.079999923706055,15,0.0
2019-02-06,4.099999904632568,150,0.004901956201103738
2019-02-07,4.099999904632568,400,0.0
2019-02-08,4.099999904632568,145,0.0
2019-02-19,4.380000114440918,0,0.06829273568811034
2019-02-21,4.340000152587891,200,-0.009132411143357496
2019-02-22,4.340000152587891,0,0.0
2019-03-05,3.700000047683716,122,-0.147465456774823
2019-03-06,3.700000047683716,0,0.0
2019-03-11,3.9000000953674316,100,0.05405406624492354
2019-03-12,3.9000000953674316,0,0.0
2019-03-13,3.9000000953674316,53,0.0
2019-04-01,3.9000000953674316,257,0.0
2019-04-04,3.5999999046325684,122,-0.07692312394843655
2019-04-05,3.5999999046325684,0,0.0
2019-04-08,3.9000000953674316,353,0.0833333885228207
2019-04-24,4.139999866485596,200,0.06153840134600123
2019-04-25,4.139999866485596,0,0.0
2019-05-06,3.7200000286102295,122,-0.10144923947350265
2019-05-07,3.7200000286102295,0,0.0
2019-05-15,4.0,822,0.07526880893449264
2019-05-29,3.6600000858306885,1,-0.08499997854232788
2019-05-30,4.0,10,0.09289614923387188
2019-06-03,4.0,100,0.0
