Date,Adj Close,Volume,LogReturn
2019-01-02,25200.0,139920,
2019-01-03,24800.0,126270,-0.015873015873015872
2019-01-04,24750.0,141560,-0.0020161290322580645
2019-01-07,24950.0,117860,0.00808080808080808
2019-01-08,24900.0,28980,-0.002004008016032064
2019-01-09,25200.0,99760,0.012048192771084338
2019-01-10,25450.0,85380,0.00992063492063492
2019-01-11,25400.0,74790,-0.0019646365422396855
2019-01-14,25200.0,114640,-0.007874015748031496
2019-01-15,25200.0,110620,0.0
2019-01-16,24850.0,81630,-0.013888888888888888
2019-01-17,25400.0,182140,0.022132796780684104
2019-01-18,24950.0,53910,-0.017716535433070866
2019-01-22,24800.0,271720,-0.006012024048096192
2019-01-23,24700.0,128950,-0.004032258064516129
2019-01-24,24800.0,142000,0.004048582995951417
2019-01-25,24550.0,176290,-0.010080645161290322
2019-01-28,24550.0,230180,0.0
2019-01-29,24700.0,118370,0.006109979633401222
2019-01-30,24700.0,113590,0.0
2019-01-31,24700.0,98180,0.0
2019-02-01,24600.0,72380,-0.004048582995951417
2019-02-04,24600.0,0,0.0
2019-02-11,25050.0,102050,0.018292682926829267
2019-02-12,26300.0,517370,0.0499001996007984
2019-02-13,26500.0,358890,0.0076045627376425855
2019-02-14,26800.0,495530,0.011320754716981131
2019-02-15,26250.0,318640,-0.020522388059701493
2019-02-19,26600.0,276260,0.013333333333333334
2019-02-20,26300.0,149810,-0.011278195488721804
2019-02-21,26150.0,99410,-0.005703422053231939
2019-02-22,25600.0,307310,-0.021032504780114723
2019-02-25,25700.0,459980,0.00390625
2019-02-26,26300.0,668710,0.023346303501945526
2019-02-27,26100.0,316910,-0.0076045627376425855
2019-02-28,27500.0,1256510,0.05363984674329502
2019-03-01,28900.0,1166490,0.05090909090909091
2019-03-04,28700.0,612200,-0.006920415224913495
2019-03-05,29250.0,872000,0.01916376306620209
2019-03-06,29500.0,703520,0.008547008547008548
2019-03-07,29050.0,788610,-0.015254237288135594
2019-03-08,29050.0,0,0.0
2019-03-11,29750.0,518690,0.024096385542168676
2019-03-12,29800.0,674170,0.0016806722689075631
2019-03-13,29650.0,474900,-0.0050335570469798654
2019-03-14,29900.0,792670,0.008431703204047217
2019-03-15,29600.0,518560,-0.010033444816053512
2019-03-18,29100.0,332220,-0.016891891891891893
2019-03-19,28300.0,733760,-0.027491408934707903
2019-03-20,28100.0,373090,-0.007067137809187279
2019-03-21,27800.0,476960,-0.010676156583629894
2019-03-22,28050.0,480010,0.008992805755395683
2019-03-25,26900.0,389280,-0.040998217468805706
2019-03-26,27000.0,392090,0.0037174721189591076
2019-03-27,27000.0,390320,0.0
2019-03-28,27450.0,287070,0.016666666666666666
2019-03-29,27300.0,313170,-0.00546448087431694
2019-04-01,27500.0,255490,0.007326007326007326
2019-04-02,27050.0,377690,-0.016363636363636365
2019-04-03,26700.0,744080,-0.012939001848428836
2019-04-04,27150.0,467460,0.016853932584269662
2019-04-05,27950.0,550420,0.029465930018416207
2019-04-08,27400.0,414270,-0.01967799642218247
2019-04-09,27000.0,403990,-0.014598540145985401
2019-04-10,26650.0,551370,-0.012962962962962963
2019-04-11,26650.0,333040,0.0
2019-04-12,26800.0,430720,0.005628517823639775
2019-04-15,26800.0,0,0.0
2019-04-16,26900.0,370800,0.0037313432835820895
2019-04-17,26050.0,434080,-0.031598513011152414
2019-04-18,25000.0,465320,-0.04030710172744722
2019-04-22,24600.0,314070,-0.016
2019-04-23,24050.0,177300,-0.022357723577235773
2019-04-24,25000.0,367460,0.0395010395010395
2019-04-25,24550.0,143060,-0.018
2019-04-26,24450.0,179730,-0.004073319755600814
2019-04-29,24450.0,0,0.0
2019-05-02,24200.0,259530,-0.010224948875255624
2019-05-03,23750.0,268970,-0.01859504132231405
2019-05-06,22700.0,280940,-0.04421052631578947
2019-05-07,22800.0,219200,0.004405286343612335
2019-05-08,22000.0,322880,-0.03508771929824561
2019-05-09,22900.0,326550,0.04090909090909091
2019-05-10,22900.0,88180,0.0
2019-05-13,22700.0,164030,-0.008733624454148471
2019-05-14,22700.0,213540,0.0
2019-05-15,23700.0,327630,0.04405286343612335
2019-05-16,23400.0,129620,-0.012658227848101266
2019-05-17,23000.0,144350,-0.017094017094017096
2019-05-20,23400.0,148580,0.017391304347826087
2019-05-21,23000.0,198470,-0.017094017094017096
2019-05-22,22800.0,142710,-0.008695652173913044
2019-05-23,22950.0,219860,0.006578947368421052
2019-05-24,22650.0,127150,-0.013071895424836602
2019-05-28,22350.0,110490,-0.013245033112582781
2019-05-29,23200.0,542370,0.03803131991051454
2019-05-30,23450.0,492080,0.010775862068965518
2019-05-31,23000.0,182510,-0.019189765458422176
2019-06-03,22200.0,326760,-0.034782608695652174
2019-06-04,21500.0,308000,-0.03153153153153153
2019-06-05,21300.0,520270,-0.009302325581395349
2019-06-06,21300.0,423390,0.0
2019-06-07,21500.0,262890,0.009389671361502348
2019-06-10,21650.0,349170,0.0069767441860465115
2019-06-11,22200.0,546630,0.025404157043879907
2019-06-12,22100.0,465310,-0.0045045045045045045
2019-06-13,22100.0,321370,0.0
2019-06-14,21900.0,221410,-0.00904977375565611
2019-06-17,21900.0,356720,0.0
2019-06-18,22100.0,329380,0.0091324200913242
2019-06-19,22100.0,230710,0.0
2019-06-20,22000.0,193280,-0.004524886877828055
2019-06-21,22000.0,194090,0.0
2019-06-24,22700.0,438120,0.031818181818181815
2019-06-25,22900.0,1289600,0.00881057268722467
2019-06-26,22850.0,207970,-0.002183406113537118
2019-06-27,23000.0,791410,0.006564551422319475
2019-06-28,23000.0,213520,0.0
2019-07-01,23300.0,321250,0.013043478260869565
2019-07-02,23300.0,256330,0.0
2019-07-03,23000.0,436960,-0.012875536480686695
2019-07-05,23150.0,211120,0.006521739130434782
2019-07-08,23100.0,303900,-0.0021598272138228943
2019-07-09,23100.0,0,0.0
2019-07-10,21750.0,663420,-0.05844155844155844
2019-07-11,21700.0,178010,-0.0022988505747126436
2019-07-12,22000.0,104990,0.013824884792626729
2019-07-15,21500.0,185110,-0.022727272727272728
2019-07-16,21700.0,169000,0.009302325581395349
2019-07-17,21550.0,277270,-0.0069124423963133645
2019-07-18,21550.0,416970,0.0
2019-07-19,21650.0,165390,0.004640371229698376
2019-07-22,22300.0,411030,0.03002309468822171
2019-07-23,22150.0,319950,-0.006726457399103139
2019-07-24,21550.0,274790,-0.02708803611738149
2019-07-25,21550.0,0,0.0
2019-07-31,20050.0,223170,-0.06960556844547564
2019-08-01,21450.0,536400,0.06982543640897755
2019-08-02,22950.0,691300,0.06993006993006994
2019-08-05,23900.0,1242830,0.04139433551198257
2019-08-06,23900.0,0,0.0
2019-08-07,23900.0,516050,0.0
2019-08-08,24650.0,1367250,0.03138075313807531
2019-08-09,24650.0,0,0.0
2019-08-12,24050.0,341470,-0.02434077079107505
2019-08-13,24200.0,564800,0.006237006237006237
2019-08-14,23600.0,557890,-0.024793388429752067
2019-08-15,23350.0,546980,-0.01059322033898305
2019-08-16,23900.0,538430,0.023554603854389723
2019-08-19,23900.0,273050,0.0
2019-08-20,24700.0,732130,0.03347280334728033
2019-08-21,24700.0,925740,0.0
2019-08-22,24750.0,354210,0.0020242914979757085
2019-08-23,24750.0,429290,0.0
2019-08-26,24500.0,623910,-0.010101010101010102
2019-08-27,24050.0,422720,-0.018367346938775512
2019-08-28,23350.0,362020,-0.029106029106029108
2019-08-29,23600.0,259580,0.010706638115631691
2019-08-30,23350.0,203890,-0.01059322033898305
2019-09-03,22500.0,243410,-0.03640256959314775
2019-09-04,22050.0,308830,-0.02
2019-09-05,22300.0,230050,0.011337868480725623
2019-09-06,21900.0,173530,-0.017937219730941704
2019-09-09,22150.0,90840,0.01141552511415525
2019-09-10,21700.0,190700,-0.020316027088036117
2019-09-11,22100.0,382380,0.018433179723502304
2019-09-12,21900.0,350800,-0.00904977375565611
2019-09-13,22500.0,465340,0.0273972602739726
2019-09-16,22250.0,354280,-0.011111111111111112
2019-09-17,22250.0,285820,0.0
2019-09-18,22100.0,283190,-0.006741573033707865
2019-09-19,22300.0,496020,0.00904977375565611
2019-09-20,22200.0,251870,-0.004484304932735426
2019-09-23,22000.0,191310,-0.009009009009009009
2019-09-24,22050.0,401710,0.0022727272727272726
2019-09-25,22050.0,136940,0.0
2019-09-26,21800.0,1027320,-0.011337868480725623
2019-09-27,21500.0,187270,-0.013761467889908258
2019-09-30,21100.0,335520,-0.018604651162790697
2019-10-01,21500.0,207170,0.018957345971563982
2019-10-02,21950.0,316800,0.020930232558139535
2019-10-03,22100.0,221250,0.00683371298405467
2019-10-04,21850.0,461240,-0.011312217194570135
2019-10-07,21250.0,240410,-0.02745995423340961
2019-10-08,21300.0,204970,0.002352941176470588
2019-10-09,21200.0,171140,-0.004694835680751174
2019-10-10,21600.0,223500,0.018867924528301886
2019-10-11,21550.0,155890,-0.0023148148148148147
2019-10-14,21300.0,130210,-0.01160092807424594
2019-10-15,21300.0,197720,0.0
2019-10-16,21300.0,151060,0.0
2019-10-17,21250.0,216860,-0.002347417840375587
2019-10-18,20800.0,506730,-0.021176470588235293
2019-10-21,20200.0,408170,-0.028846153846153848
2019-10-22,21000.0,675830,0.039603960396039604
2019-10-23,20800.0,386360,-0.009523809523809525
2019-10-24,20700.0,152990,-0.004807692307692308
2019-10-25,20000.0,744190,-0.033816425120772944
2019-10-28,20000.0,209790,0.0
2019-10-29,19050.0,425750,-0.0475
2019-10-30,19350.0,135890,0.015748031496062992
2019-10-31,19000.0,151950,-0.01808785529715762
2019-11-01,18550.0,201620,-0.02368421052631579
2019-11-04,18450.0,252810,-0.005390835579514825
2019-11-05,18250.0,470200,-0.01084010840108401
2019-11-06,18800.0,290000,0.030136986301369864
2019-11-07,18300.0,392070,-0.026595744680851064
2019-11-08,17900.0,738640,-0.02185792349726776
2019-11-11,18400.0,237140,0.027932960893854747
2019-11-12,18150.0,294920,-0.01358695652173913
2019-11-13,17700.0,181920,-0.024793388429752067
2019-11-14,17000.0,320120,-0.03954802259887006
2019-11-15,17100.0,366120,0.0058823529411764705
2019-11-18,16950.0,397130,-0.008771929824561403
2019-11-19,17000.0,483620,0.0029498525073746312
2019-11-20,17600.0,679140,0.03529411764705882
2019-11-21,17600.0,381280,0.0
2019-11-22,17100.0,464020,-0.028409090909090908
2019-11-25,16600.0,212050,-0.029239766081871343
2019-11-26,17000.0,101260,0.024096385542168676
2019-11-27,17000.0,91610,0.0
2019-11-29,17000.0,133210,0.0
2019-12-02,16900.0,178630,-0.0058823529411764705
2019-12-06,16550.0,372320,-0.020710059171597635
2019-12-09,16000.0,441820,-0.03323262839879154
2019-12-10,16300.0,677270,0.01875
2019-12-11,16600.0,466780,0.018404907975460124
2019-12-12,17750.0,781190,0.06927710843373494
2019-12-13,18600.0,784410,0.04788732394366197
2019-12-16,18400.0,526290,-0.010752688172043012
2019-12-17,17800.0,340670,-0.03260869565217391
2019-12-18,17350.0,249140,-0.025280898876404494
2019-12-19,17850.0,236540,0.02881844380403458
2019-12-20,17600.0,206240,-0.014005602240896359
2019-12-23,17300.0,176160,-0.017045454545454544
2019-12-24,17750.0,299120,0.02601156069364162
2019-12-26,17600.0,85660,-0.008450704225352112
2019-12-27,17250.0,196200,-0.019886363636363636
2019-12-30,17250.0,262090,0.0
2019-12-31,17000.0,125420,-0.014492753623188406
