Date,Adj Close,Volume,LogReturn
2019-01-02,488.3429870605469,0,
2019-01-03,475.6990051269531,0,-0.025891601330656756
2019-01-07,500.510009765625,0,0.05215694035780123
2019-01-08,505.5429992675781,0,0.010055721971094913
2019-01-09,508.6090087890625,0,0.006064784847038444
2019-01-10,513.010986328125,0,0.008654934267765105
2019-01-11,514.4010009765625,0,0.0027095221846739127
2019-01-14,509.781005859375,0,-0.008981310511481683
2019-01-15,517.1890258789062,0,0.014531769395846772
2019-01-16,515.3880004882812,0,-0.0034823348920916372
2019-01-17,516.3900146484375,0,0.0019441938097257533
2019-01-18,525.4320068359375,0,0.017510005869605865
2019-01-22,517.8619995117188,0,-0.01440720630972607
2019-01-23,520.9630126953125,0,0.0059881072303386434
2019-01-24,525.291015625,0,0.008307697138220351
2019-01-25,530.3699951171875,0,0.009668887038062979
2019-01-28,530.9110107421875,0,0.001020072081718085
2019-01-29,531.3469848632812,0,0.0008211811627042348
2019-01-30,530.802978515625,0,-0.0010238250392937227
2019-01-31,535.0679931640625,0,0.008035023956279388
2019-02-01,543.7030029296875,0,0.016138154170954745
2019-02-04,544.9879760742188,0,0.002363373271082383
2019-02-05,544.39599609375,0,-0.0010862257636086482
2019-02-06,545.3800048828125,0,0.001807523927661372
2019-02-07,537.0089721679688,0,-0.01534899086856413
2019-02-08,552.5549926757812,0,0.02894927517700752
2019-02-11,556.5490112304688,0,0.007228273398356644
2019-02-12,556.93798828125,0,0.0006989088884036726
2019-02-13,561.2109985351562,0,0.007672326800858138
2019-02-14,565.8060302734375,0,0.0081877079213967
2019-02-15,575.0390014648438,0,0.016318262261970282
2019-02-20,579.8400268554688,0,0.008349043070809034
2019-02-21,579.1209716796875,0,-0.0012400923400903506
2019-02-22,588.7639770507812,0,0.016651107182537515
2019-02-25,589.9509887695312,0,0.0020161079227298236
2019-02-26,589.9719848632812,0,3.5589555996493604e-05
2019-02-27,594.1820068359375,0,0.007135969301376015
2019-02-28,588.7739868164062,0,-0.00910162199008575
2019-03-01,589.458984375,0,0.0011634304061183813
2019-03-04,586.9990234375,0,-0.004173252088282754
2019-03-05,579.4349975585938,0,-0.012885925831036106
2019-03-06,576.7990112304688,0,-0.004549235616128698
2019-03-07,570.0170288085938,0,-0.011757964715312517
2019-03-08,568.822021484375,0,-0.002096441446173044
2019-03-11,582.7160034179688,0,0.024425886145083793
2019-03-12,577.5289916992188,0,-0.00890144030423938
2019-03-13,580.8209838867188,0,0.00570013321377032
2019-03-14,579.6640014648438,0,-0.001991977655718881
2019-03-15,584.8380126953125,0,0.00892587985004025
2019-03-19,583.6690063476562,0,-0.001998854934665945
2019-03-20,578.7520141601562,0,-0.008424281800173652
2019-03-21,589.2849731445312,0,0.018199433827733077
2019-03-22,574.6599731445312,0,-0.024818213031902635
2019-03-25,572.7459716796875,0,-0.003330667793635184
2019-03-26,578.2429809570312,0,0.009597639353486355
2019-03-27,575.02197265625,0,-0.005570337050093134
2019-03-28,578.5460205078125,0,0.0061285446802729175
2019-03-29,583.9769897460938,0,0.009387272655534431
2019-04-02,597.2490234375,0,0.022726980556505783
2019-04-03,604.2269897460938,0,0.011683512295142279
2019-04-04,601.9130249023438,0,-0.0038296284062424397
2019-04-05,605.1810302734375,0,0.005429364768479568
2019-04-08,607.322021484375,0,0.0035377698636226934
2019-04-09,605.0020141601562,0,-0.0038200612560505324
2019-04-10,613.989990234375,0,0.014856109341545846
2019-04-12,623.781005859375,0,0.015946539488799368
2019-04-15,626.780029296875,0,0.004807814616554867
2019-04-16,630.6599731445312,0,0.006190279948786483
2019-04-17,626.7509765625,0,-0.0061982633249112315
2019-04-22,625.0599975585938,0,-0.002698007768860053
2019-04-23,630.1279907226562,0,0.008108010725142303
2019-04-24,631.6320190429688,0,0.0023868616256637314
2019-04-25,616.9190063476562,0,-0.02329364606564
2019-04-26,617.8090209960938,0,0.0014426766549253379
2019-04-29,618.8280029296875,0,0.001649347774091814
2019-04-30,619.5540161132812,0,0.0011732067394439503
2019-05-01,617.4559936523438,0,-0.0033863430893391073
2019-05-02,616.4869995117188,0,-0.0015693331194232257
2019-05-03,617.7869873046875,0,0.002108702687969722
2019-05-06,612.3679809570312,0,-0.00877164210159001
2019-05-07,600.1610107421875,0,-0.01993404389917031
2019-05-08,601.593994140625,0,0.002387664931224714
2019-05-09,588.3800048828125,0,-0.02196496206164531
2019-05-10,585.10498046875,0,-0.005566172179346553
2019-05-13,564.0590209960938,0,-0.03596954422742313
2019-05-14,568.1719970703125,0,0.007291747709229942
2019-05-15,569.260009765625,0,0.0019149354437083533
2019-05-16,573.1959838867188,0,0.00691419395982912
2019-05-17,567.0150146484375,0,-0.010783343589341687
2019-05-20,559.9349975585938,0,-0.01248647197505612
2019-05-21,566.4749755859375,0,0.01167988794388474
2019-05-22,563.7030029296875,0,-0.004893371774071379
2019-05-24,556.177978515625,0,-0.013349271469112824
2019-05-28,550.6929931640625,0,-0.009861924713742342
2019-05-29,547.8189697265625,0,-0.005218921383014167
2019-05-30,547.7550048828125,0,-0.00011676273967279248
2019-05-31,538.0070190429688,0,-0.017796251522939982
2019-06-03,538.7329711914062,0,0.001349335831582377
2019-06-04,551.4509887695312,0,0.023607275326028673
2019-06-05,558.6170043945312,0,0.01299483684123904
2019-06-06,569.635009765625,0,0.019723719980625807
2019-06-07,572.7760009765625,0,0.0055140417233657275
2019-09-25,562.2540283203125,0,-0.01837013533791642
2019-11-12,584.3200073242188,0,0.03924556853745724
2019-12-02,568.6209716796875,0,-0.026867188266275474
2019-12-05,562.843017578125,0,-0.010161345411680149
