Date,Adj Close,Volume,LogReturn
2019-01-02,5110.0,260,
2019-01-03,5250.0,10,0.0273972602739726
2019-01-04,5250.0,30,0.0
2019-01-07,5000.0,750,-0.047619047619047616
2019-01-08,5200.0,12040,0.04
2019-01-09,5000.0,59520,-0.038461538461538464
2019-01-10,5200.0,5040,0.04
2019-01-11,5200.0,2520,0.0
2019-01-14,5200.0,300,0.0
2019-01-15,5560.0,1050,0.06923076923076923
2019-01-16,5300.0,150,-0.046762589928057555
2019-01-17,5200.0,10,-0.018867924528301886
2019-01-18,5560.0,10,0.06923076923076923
2019-01-22,5700.0,5120,0.025179856115107913
2019-01-23,5700.0,1480,0.0
2019-01-24,5310.0,30,-0.06842105263157895
2019-01-25,4940.0,10,-0.0696798493408663
2019-01-28,5280.0,10,0.06882591093117409
2019-01-29,5200.0,280,-0.015151515151515152
2019-01-30,5200.0,0,0.0
2019-01-31,5100.0,10,-0.019230769230769232
2019-02-01,5100.0,0,0.0
2019-02-12,5200.0,20,0.0196078431372549
2019-02-14,5200.0,2000,0.0
2019-02-21,5500.0,1750,0.057692307692307696
2019-02-22,5500.0,0,0.0
2019-02-25,5600.0,60,0.01818181818181818
2019-02-26,5500.0,10,-0.017857142857142856
2019-02-27,5120.0,210,-0.06909090909090909
2019-02-28,5120.0,0,0.0
2019-03-01,4770.0,10,-0.068359375
2019-03-04,5100.0,250,0.06918238993710692
2019-03-05,5450.0,5440,0.06862745098039216
2019-03-06,5450.0,0,0.0
2019-03-07,5450.0,300,0.0
2019-03-11,5300.0,4950,-0.027522935779816515
2019-03-12,5310.0,800,0.0018867924528301887
2019-03-13,5310.0,140,0.0
2019-03-14,5680.0,2310,0.0696798493408663
2019-03-15,5300.0,20,-0.06690140845070422
2019-03-18,5300.0,1300,0.0
2019-03-19,5300.0,1400,0.0
2019-03-20,5310.0,130,0.0018867924528301887
2019-03-21,5100.0,550,-0.03954802259887006
2019-03-22,5000.0,3040,-0.0196078431372549
2019-03-25,5000.0,0,0.0
2019-03-27,5010.0,2520,0.002
2019-03-28,5100.0,230,0.017964071856287425
2019-03-29,5100.0,3340,0.0
2019-04-02,5450.0,810,0.06862745098039216
2019-04-03,5130.0,10,-0.05871559633027523
2019-04-04,5130.0,0,0.0
2019-04-05,5480.0,6460,0.0682261208576998
2019-04-08,5120.0,4420,-0.06569343065693431
2019-04-09,5470.0,10,0.068359375
2019-04-10,5850.0,8530,0.06946983546617916
2019-04-11,5850.0,0,0.0
2019-04-12,5550.0,10,-0.05128205128205128
2019-04-15,5550.0,0,0.0
2019-04-16,5600.0,4000,0.009009009009009009
2019-04-17,5600.0,0,0.0
2019-04-22,5600.0,1000,0.0
2019-04-24,5600.0,40,0.0
2019-04-25,5500.0,610,-0.017857142857142856
2019-04-26,5500.0,1000,0.0
2019-05-02,5500.0,1310,0.0
2019-05-06,5400.0,1500,-0.01818181818181818
2019-05-07,5400.0,120,0.0
2019-05-08,5400.0,0,0.0
2019-05-13,5350.0,130,-0.009259259259259259
2019-05-14,5300.0,1040,-0.009345794392523364
2019-05-15,5300.0,250,0.0
2019-05-16,5300.0,0,0.0
2019-05-20,5500.0,2800,0.03773584905660377
2019-05-28,5030.0,10,-0.08545454545454545
2019-05-29,5030.0,0,0.0
2019-06-04,5000.0,10,-0.005964214711729622
2019-06-07,5350.0,750,0.07
2019-06-10,5720.0,10,0.0691588785046729
2019-06-11,5720.0,50,0.0
2019-06-12,5320.0,680,-0.06993006993006994
2019-06-14,4710.0,30,-0.11466165413533834
2019-06-28,4680.0,10,-0.006369426751592357
2019-07-01,4680.0,0,0.0
2019-07-12,4400.0,10,-0.05982905982905983
2019-07-15,4500.0,10,0.022727272727272728
2019-07-16,4810.0,30,0.06888888888888889
2019-07-17,5140.0,20,0.06860706860706861
2019-07-18,5480.0,10,0.06614785992217899
2019-07-19,5480.0,0,0.0
2019-07-22,5100.0,50,-0.06934306569343066
2019-07-23,5000.0,230,-0.0196078431372549
2019-08-06,4900.0,120,-0.02
2019-08-07,4900.0,0,0.0
2019-08-12,4560.0,610,-0.06938775510204082
2019-08-13,4870.0,1620,0.06798245614035088
2019-08-14,5210.0,2080,0.06981519507186858
2019-08-15,5570.0,240,0.0690978886756238
2019-08-16,5190.0,124000,-0.06822262118491922
2019-08-19,5190.0,0,0.0
2019-08-20,5200.0,20000,0.0019267822736030828
2019-08-21,4840.0,250,-0.06923076923076923
2019-08-22,4840.0,160,0.0
2019-08-23,4840.0,270,0.0
2019-08-26,4600.0,100,-0.049586776859504134
2019-08-27,4920.0,730,0.06956521739130435
2019-08-28,5260.0,10,0.06910569105691057
2019-08-29,5260.0,0,0.0
2019-08-30,4900.0,240,-0.06844106463878327
2019-09-03,4570.0,500,-0.0673469387755102
2019-09-04,4570.0,0,0.0
2019-09-05,4310.0,70,-0.05689277899343545
2019-09-06,4310.0,0,0.0
2019-09-10,4060.0,30,-0.058004640371229696
2019-09-11,4340.0,30,0.06896551724137931
2019-09-12,4610.0,10,0.06221198156682028
2019-09-13,4300.0,170,-0.06724511930585683
2019-09-16,4590.0,1570,0.06744186046511629
2019-09-17,4610.0,30,0.004357298474945534
2019-09-18,4900.0,60,0.06290672451193059
2019-09-19,4560.0,2410,-0.06938775510204082
2019-09-20,4260.0,3410,-0.06578947368421052
2019-09-23,4550.0,10,0.06807511737089202
2019-09-24,4550.0,0,0.0
2019-09-30,4550.0,7000,0.0
2019-10-01,4550.0,6140,0.0
2019-10-02,4500.0,1190,-0.01098901098901099
2019-10-03,4500.0,0,0.0
2019-10-04,4600.0,20,0.022222222222222223
2019-10-07,4280.0,430,-0.06956521739130435
2019-10-08,4100.0,30,-0.04205607476635514
2019-10-09,4100.0,10,0.0
2019-10-10,4380.0,60,0.06829268292682927
2019-10-11,4100.0,20,-0.0639269406392694
2019-10-14,4000.0,250,-0.024390243902439025
2019-10-15,3900.0,60,-0.025
2019-10-16,3930.0,10,0.007692307692307693
2019-10-17,4200.0,2940,0.06870229007633588
2019-10-18,4300.0,2040,0.023809523809523808
2019-10-21,4300.0,140,0.0
2019-10-23,4280.0,360,-0.004651162790697674
2019-10-24,4000.0,2180,-0.06542056074766354
2019-10-25,4000.0,20,0.0
2019-10-28,4010.0,4210,0.0025
2019-10-29,4010.0,0,0.0
2019-10-30,3740.0,10,-0.06733167082294264
2019-10-31,3990.0,7070,0.06684491978609626
2019-11-01,3730.0,30,-0.06516290726817042
2019-11-04,3650.0,1530,-0.021447721179624665
2019-11-05,3900.0,1490,0.0684931506849315
2019-11-06,4100.0,80,0.05128205128205128
2019-11-07,3830.0,60,-0.06585365853658537
2019-11-08,3600.0,20,-0.06005221932114883
2019-11-11,3850.0,2930,0.06944444444444445
2019-11-12,3600.0,1300,-0.06493506493506493
2019-11-13,3600.0,330,0.0
2019-11-14,3850.0,120,0.06944444444444445
2019-11-15,3700.0,4440,-0.03896103896103896
2019-11-18,3950.0,2690,0.06756756756756757
2019-11-19,4100.0,110,0.0379746835443038
2019-11-20,3990.0,820,-0.026829268292682926
2019-11-21,4000.0,460,0.002506265664160401
2019-11-22,4000.0,250,0.0
2019-11-26,4120.0,110,0.03
2019-11-27,3840.0,150,-0.06796116504854369
2019-11-29,3590.0,20,-0.06510416666666667
2019-12-02,3370.0,30,-0.06128133704735376
2019-12-06,3410.0,950,0.011869436201780416
2019-12-09,3640.0,1140,0.06744868035190615
2019-12-10,3400.0,1340,-0.06593406593406594
2019-12-11,3210.0,20,-0.05588235294117647
2019-12-13,2990.0,640,-0.06853582554517133
2019-12-16,2990.0,10,0.0
2019-12-17,2790.0,70,-0.06688963210702341
2019-12-18,2900.0,400,0.03942652329749104
2019-12-19,3100.0,620,0.06896551724137931
2019-12-20,3100.0,140,0.0
2019-12-23,3100.0,30,0.0
2019-12-24,3200.0,110,0.03225806451612903
2019-12-26,3100.0,20,-0.03125
2019-12-27,3310.0,1070,0.06774193548387097
2019-12-30,3540.0,150,0.06948640483383686
2019-12-31,3780.0,1530,0.06779661016949153
