Date,Adj Close,Volume,LogReturn
2019-01-02,10.223115921020508,97300,
2019-01-03,10.223115921020508,101600,0.0
2019-01-04,10.346378326416016,53700,0.012057224661031068
2019-01-07,10.438826560974121,88800,0.008935323225332852
2019-01-08,10.569794654846191,78300,0.01254624675552122
2019-01-09,10.392602920532227,87000,-0.01676397130692822
2019-01-10,10.408012390136719,42600,0.0014827343758172795
2019-01-11,10.492753028869629,65200,0.008141865666226116
2019-01-14,10.46964168548584,77600,-0.00220260053011834
2019-01-15,10.646830558776855,89200,0.016924062791628693
2019-01-16,10.700760841369629,103800,0.005065383758579242
2019-01-17,10.669944763183594,38500,-0.0028798025339374744
2019-01-18,10.68535041809082,70300,0.001443836425506478
2019-01-22,10.654536247253418,37200,-0.002883777286819948
2019-01-23,10.723872184753418,37100,0.006507644808836591
2019-01-24,10.739278793334961,68200,0.0014366646968664168
2019-01-25,10.716168403625488,57200,-0.0021519498798946803
2019-01-28,10.808615684509277,82300,0.008626896984234808
2019-01-29,10.947286605834961,111500,0.012829665275676734
2019-01-30,11.081633567810059,114300,0.012272169973469959
2019-01-31,11.182585716247559,148800,0.009109861630034936
2019-02-01,11.120460510253906,47600,-0.005555531392295837
2019-02-04,11.182585716247559,55500,0.005586567744777134
2019-02-05,11.283540725708008,92800,0.009027877095882061
2019-02-06,11.306838989257812,47200,0.002064800767433114
2019-02-07,11.260242462158203,51400,-0.00412109230032186
2019-02-08,11.236947059631348,66000,-0.002068818909108156
2019-02-11,11.229180335998535,42400,-0.0006911773804394255
2019-02-12,11.198119163513184,36900,-0.002766112178800404
2019-02-13,11.31460189819336,60500,0.010401990993247448
2019-02-14,11.368962287902832,76300,0.004804445635701294
2019-02-15,11.376727104187012,76300,0.0006829837312805458
2019-02-19,11.500981330871582,118000,0.010921790207909676
2019-02-20,11.586400985717773,210800,0.00742716229065629
2019-02-21,11.617464065551758,80900,0.002680994717192591
2019-02-22,11.803838729858398,210600,0.016042628860740874
2019-02-25,11.578636169433594,168700,-0.01907875612152711
2019-02-26,11.547574996948242,136100,-0.0026826279046015676
2019-02-27,11.229089736938477,190600,-0.02758027205659491
2019-02-28,11.025636672973633,110300,-0.01811839327417412
2019-03-01,10.736105918884277,189300,-0.026259776435320223
2019-03-04,10.978683471679688,80000,0.022594556595117814
2019-03-05,10.923911094665527,74400,-0.0049889749673036375
2019-03-06,11.385591506958008,130600,0.04226328906301085
2019-03-07,11.440369606018066,151500,0.004811177269673023
2019-03-08,11.565572738647461,153600,0.010943976194924066
2019-03-11,11.628172874450684,110800,0.005412627391468331
2019-03-12,11.299515724182129,83800,-0.028263868607481507
2019-03-13,11.487318992614746,73900,0.01662047055969831
2019-03-14,11.5186185836792,111200,0.002724708096343088
2019-03-15,10.95521068572998,1143900,-0.048912800945376804
2019-03-18,11.025636672973633,322900,0.006428537913505188
2019-03-19,10.963034629821777,258400,-0.005677861969214663
2019-03-20,10.963034629821777,246900,0.0
2019-03-21,10.95521068572998,237900,-0.0007136659105786357
2019-03-22,10.95521068572998,146700,0.0
2019-03-25,10.970861434936523,166000,0.0014286123430678787
2019-03-26,11.01780891418457,204300,0.004279288324483201
2019-03-27,11.080410957336426,148600,0.005681895886872772
2019-03-28,11.153770446777344,84300,0.0066206469889409725
2019-03-29,11.16165828704834,226900,0.0007071904795454281
2019-04-01,11.201098442077637,119100,0.00353353901499225
2019-04-02,11.216876983642578,184900,0.001408660199402258
2019-04-03,11.264204978942871,159300,0.00421935583044289
2019-04-04,11.295754432678223,123400,0.002800859341101269
2019-04-05,11.256316184997559,59200,-0.003491422190143457
2019-04-08,11.232651710510254,54000,-0.0021023285147981846
2019-04-09,11.240538597106934,118200,0.0007021393344992639
2019-04-10,11.177434921264648,106500,-0.005613937027761877
2019-04-11,11.185325622558594,51500,0.0007059492047619576
2019-04-12,11.145883560180664,78000,-0.0035262328258359177
2019-04-15,11.177434921264648,75500,0.0028307635651877343
2019-04-16,11.335197448730469,146000,0.014114376740023157
2019-04-17,11.335197448730469,70700,0.0
2019-04-18,11.264204978942871,64900,-0.00626301130692247
2019-04-22,11.287866592407227,114200,0.0021006021737519976
2019-04-23,11.390414237976074,118600,0.009084767677696177
2019-04-24,11.374639511108398,110200,-0.0013849124832600243
2019-04-25,11.382523536682129,126400,0.0006931231153331041
2019-04-26,11.500846862792969,145400,0.010395175176183267
2019-04-29,11.423734664916992,106000,-0.006704914759403199
2019-04-30,11.415782928466797,98900,-0.0006960715285707393
2019-05-01,11.264741897583008,221400,-0.01323089549181492
2019-05-02,11.312437057495117,79900,0.004234021546675914
2019-05-03,11.463484764099121,117700,0.013352357748936726
2019-05-06,11.558879852294922,166900,0.008321648273529814
2019-05-07,11.495280265808105,151900,-0.005502227490857535
2019-05-08,11.352188110351562,70900,-0.012447904892076483
2019-05-09,11.368086814880371,64300,0.0014004969239640472
2019-05-10,11.256792068481445,130500,-0.00979010348981901
2019-05-13,11.042150497436523,130900,-0.01906773881396543
2019-05-14,11.177294731140137,119300,0.012238941475665227
2019-05-15,11.232942581176758,92300,0.004978651039914446
2019-05-16,11.185242652893066,115500,-0.004246432129335641
2019-05-17,11.153446197509766,62600,-0.0028427148493802784
2019-05-20,11.248841285705566,73800,0.008552969773333348
2019-05-21,11.272692680358887,131200,0.0021203423577172706
2019-05-22,11.296541213989258,78800,0.0021156022173764995
2019-05-23,11.193191528320312,81700,-0.00914879021031327
2019-05-24,11.256792068481445,94200,0.005682073785677187
2019-05-28,11.240890502929688,68700,-0.001412619639327046
2019-05-29,11.153446197509766,125000,-0.0077791261641710205
2019-05-30,11.067692756652832,173300,-0.007688515221069502
2019-05-31,11.15584945678711,313900,0.007965228351797716
2019-06-03,11.083720207214355,90400,-0.006465599043098523
2019-06-04,10.883365631103516,128100,-0.0180764736356688
2019-06-05,10.811234474182129,135200,-0.006627651717888026
2019-06-06,11.04365062713623,149000,0.021497651679752684
2019-06-07,10.947478294372559,114500,-0.00870838240095709
2019-06-10,10.995563507080078,85600,0.004392355153810833
2019-06-11,10.931451797485352,102300,-0.005830688854959078
2019-06-12,11.067692756652832,87400,0.01246320815308549
2019-06-13,11.235994338989258,91400,0.015206564370451923
2019-06-14,11.244007110595703,124900,0.0007131341797352763
2019-06-17,11.284075736999512,145600,0.0035635539901117843
2019-06-18,11.260035514831543,103500,-0.002130455584336689
2019-06-19,11.252019882202148,103800,-0.0007118656614214463
2019-06-20,11.227975845336914,114200,-0.0021368640579160336
2019-06-21,11.244007110595703,60200,0.0014277965574219684
2019-06-24,11.260035514831543,117300,0.0014255064122767763
2019-06-25,11.139819145202637,135900,-0.010676375706858041
2019-06-26,11.123791694641113,124600,-0.0014387532106771822
2019-06-27,11.150457382202148,97100,0.002397176097236822
2019-06-28,11.174695014953613,94700,0.0021736895555649447
2019-07-01,11.182775497436523,82100,0.0007231054155927404
2019-07-02,11.174695014953613,61800,-0.0007225829119758758
2019-07-03,11.215097427368164,58800,0.003615527077963702
2019-07-05,11.312057495117188,91200,0.008645494912278881
2019-07-08,11.352458000183105,83200,0.003571455067599923
2019-07-09,11.360536575317383,40600,0.0007116146242643702
2019-07-10,11.384779930114746,77200,0.00213399733688952
2019-07-11,11.457499504089355,89100,0.006387437826729818
2019-07-12,11.473657608032227,121000,0.00141026442437148
2019-07-15,11.409017562866211,113200,-0.005633778466664705
2019-07-16,11.425175666809082,95000,0.0014162572591230021
2019-07-17,11.449420928955078,56800,0.002122090972870574
2019-07-18,11.465577125549316,45400,0.0014110929010724006
2019-07-19,11.505979537963867,87900,0.0035238010238943904
2019-07-22,11.554459571838379,108400,0.004213464287377908
2019-07-23,11.651416778564453,108300,0.008391323378064993
2019-07-24,11.716058731079102,105800,0.0055479907502384304
2019-07-25,11.643339157104492,95600,-0.006206829074841244
2019-07-26,11.732219696044922,49300,0.007633595289217086
2019-07-29,11.732219696044922,95300,0.0
2019-07-30,11.905674934387207,94200,0.014784520136522766
2019-07-31,11.824239730834961,76900,-0.006840032505594158
2019-08-01,11.750947952270508,68600,-0.006198434760530492
2019-08-02,11.750947952270508,50300,0.0
2019-08-05,11.417071342468262,201500,-0.02841273837296971
2019-08-06,11.474074363708496,145100,0.004992788389453198
2019-08-07,11.482217788696289,87500,0.000709723915817551
2019-08-08,11.628796577453613,89700,0.012765721000486879
2019-08-09,11.335634231567383,121000,-0.0252100330359743
2019-08-12,10.63530158996582,325300,-0.061781513702275415
2019-08-13,10.64344596862793,261000,0.0007657872786412961
2019-08-14,10.586440086364746,160800,-0.0053559610704288045
2019-08-15,10.42357063293457,228600,-0.015384723486032892
2019-08-16,10.586440086364746,144500,0.015625111505990993
2019-08-19,10.749309539794922,104800,0.015384723486032892
2019-08-20,10.773736953735352,77800,0.002272463533587639
2019-08-21,10.733022689819336,97000,-0.0037790289563269523
2019-08-22,10.790024757385254,73400,0.005310905344492238
2019-08-23,10.765596389770508,93000,-0.002263976975402772
2019-08-26,10.855171203613281,111900,0.008320469261497451
2019-08-27,10.684161186218262,235400,-0.015753783536651793
2019-08-28,10.724879264831543,118000,0.003811069292534112
2019-08-29,10.78484058380127,59300,0.0055908619098723605
2019-08-30,10.916263580322266,290100,0.012185900709408
2019-09-03,10.78484058380127,73200,-0.012039192307329416
2019-09-04,10.84233570098877,103400,0.005331104965413873
2019-09-05,10.883407592773438,57700,0.0037881036814717338
2019-09-06,10.809481620788574,127500,-0.006792539133970319
2019-09-09,11.0148286819458,73800,0.01899693883213671
2019-09-10,10.99018669128418,81200,-0.002237165131947201
2019-09-11,11.088754653930664,90500,0.008968725046741396
2019-09-12,11.04768180847168,64000,-0.003704008857696672
2019-09-13,11.080541610717773,79200,0.0029743617544176473
2019-09-16,11.13803768157959,93500,0.0051889224265177355
2019-09-17,11.162678718566895,73700,0.0022123319826845935
2019-09-18,11.220175743103027,39500,0.005150826785016929
2019-09-19,11.228387832641602,75700,0.000731903824556593
2019-09-20,11.39266586303711,93400,0.014630598162804962
2019-09-23,11.34338665008545,74300,-0.004325520781886872
2019-09-24,11.425520896911621,90000,0.007240716494976671
2019-09-25,11.425520896911621,100300,0.0
2019-09-26,11.48302173614502,75500,0.005032666759984765
2019-09-27,11.452381134033203,90100,-0.002668339642288512
2019-09-30,11.286765098571777,96900,-0.014461275216318313
2019-10-01,11.071463584899902,123500,-0.01907557318607784
2019-10-02,10.831319808959961,145600,-0.021690336972924485
2019-10-03,10.781635284423828,133300,-0.00458711638216355
2019-10-04,10.938970565795898,62300,0.014592895903219038
2019-10-07,10.963811874389648,58400,0.0022709000307052744
2019-10-08,10.889284133911133,61400,-0.006797612119978532
2019-10-09,10.81475830078125,62700,-0.006843960742818378
2019-10-10,10.938970565795898,72700,0.011485440687627337
2019-10-11,10.980374336242676,73700,0.003784978686773245
2019-10-14,11.013496398925781,42200,0.0030164784613745106
2019-10-15,11.02177906036377,74800,0.0007520465016719072
2019-10-16,11.17911434173584,81300,0.014274944227277726
2019-10-17,11.245362281799316,53200,0.00592604548431427
2019-10-18,11.336447715759277,73200,0.008099822102430905
2019-10-21,11.328170776367188,60500,-0.0007301175464853703
2019-10-22,11.435819625854492,58900,0.009502756589076284
2019-10-23,11.460660934448242,72900,0.002172236831856627
2019-10-24,11.518627166748047,77300,0.005057843751887892
2019-10-25,11.493786811828613,60700,-0.0021565378026248377
2019-10-28,11.576594352722168,81000,0.007204548183226686
2019-10-29,11.535189628601074,79800,-0.0035765893543084778
2019-10-30,11.470908164978027,64200,-0.00557264038934075
2019-10-31,11.571088790893555,61700,0.008733452005255353
2019-11-01,11.62952995300293,88300,0.0050506191046920485
2019-11-04,11.55439281463623,79800,-0.006460892114328113
2019-11-05,11.571088790893555,54300,0.0014449894966505742
2019-11-06,11.571088790893555,76600,0.0
2019-11-07,11.71301555633545,116600,0.012265636190916699
2019-11-08,11.846590995788574,171700,0.011404017932928931
2019-11-11,11.771454811096191,88500,-0.006342430891645832
2019-11-12,11.804847717285156,96900,0.0028367696877608962
2019-11-13,11.896681785583496,80100,0.0077793522201792175
2019-11-14,11.829896926879883,73200,-0.0056137383437912716
2019-11-15,11.82154655456543,87400,-0.0007058702511160022
2019-11-18,11.813197135925293,75100,-0.0007062881833267585
2019-11-19,11.896681785583496,70800,0.007067066493313371
2019-11-20,11.846590995788574,70700,-0.00421048412470966
2019-11-21,11.796500205993652,69000,-0.004228287261097222
2019-11-22,11.871637344360352,141300,0.006369443229316691
2019-11-25,11.980169296264648,95800,0.009142121575660769
2019-11-26,11.938427925109863,120200,-0.003484205450068213
2019-11-27,12.008270263671875,77900,0.005850212356277973
2019-11-29,12.084004402160645,64200,0.006306831610701243
2019-12-02,12.008270263671875,154400,-0.0062673047748334244
2019-12-03,11.99985408782959,108200,-0.0007008649586898678
2019-12-04,11.974608421325684,74300,-0.0021038311232059676
2019-12-05,11.966196060180664,75000,-0.0007025165958694636
2019-12-06,12.033515930175781,77300,0.005625837121216348
2019-12-09,12.058759689331055,56700,0.0020977874880250967
2019-12-10,12.075590133666992,65400,0.001395702772883697
2019-12-11,11.991440773010254,95000,-0.0069685505822301924
2019-12-12,12.092421531677246,107400,0.008421069709511031
2019-12-13,12.100836753845215,137600,0.0006959087678116643
2019-12-16,12.151325225830078,153300,0.004172312461683267
2019-12-17,12.126080513000488,171700,-0.0020775275420928693
2019-12-18,12.084004402160645,71100,-0.0034698854914193868
2019-12-19,12.142910957336426,183000,0.0048747545279980735
2019-12-20,12.050346374511719,193500,-0.007622931861225743
2019-12-23,12.075590133666992,94200,0.0020948575560174564
2019-12-24,12.11766529083252,45300,0.0034843147788049668
2019-12-26,12.15974235534668,129300,0.003472373885916215
2019-12-27,12.1681547164917,129300,0.0006918206734306823
2019-12-30,12.119812965393066,143400,-0.003972808714629051
2019-12-31,12.068922996520996,88800,-0.004198907113284802
