Date,Adj Close,Volume,LogReturn
2019-01-02,9.032177925109863,700,
2019-01-03,8.826900482177734,4500,-0.022727347117625786
2019-01-04,9.088162422180176,2500,0.029598378335628863
2019-01-07,9.237454414367676,9600,0.016427082313487756
2019-01-08,9.190800666809082,4600,-0.005050498272124605
2019-01-09,9.368084907531738,1900,0.019289314081512646
2019-01-10,9.293438911437988,1600,-0.007968116944983731
2019-01-11,9.293438911437988,100,0.0
2019-01-14,9.330761909484863,2300,0.004016058899460712
2019-01-15,9.237454414367676,2600,-0.009999986713018471
2019-01-16,9.190800666809082,3100,-0.005050498272124605
2019-01-17,9.256115913391113,400,0.007106589398452027
2019-01-18,9.041507720947266,2500,-0.023185555847822437
2019-01-22,8.86422348022461,200,-0.01960781831905381
2019-01-23,9.0508394241333,400,0.021052711985998212
2019-01-24,9.032177925109863,2700,-0.002061852845789992
2019-01-25,9.032177925109863,0,0.0
2019-01-28,9.022847175598145,6300,-0.0010330564332417373
2019-01-29,9.022847175598145,200,0.0
2019-01-30,8.957531929016113,200,-0.0072388731972179675
2019-01-31,8.98552417755127,200,0.00312499567481094
2019-02-01,8.798909187316895,1600,-0.02076840332816635
2019-02-04,8.86422348022461,1100,0.007422998864661716
2019-02-05,8.98552417755127,100,0.013684300446313491
2019-02-06,9.069500923156738,1600,0.009345781497674857
2019-02-07,8.873555183410645,500,-0.021604908738229966
2019-02-08,8.873555183410645,200,0.0
2019-02-11,8.733592987060547,3700,-0.015772956099012133
2019-02-12,8.733592987060547,100,0.0
2019-02-13,8.724263191223145,600,-0.0010682654723233743
2019-02-14,8.85489273071289,5200,0.014973131441193006
2019-02-15,8.93886947631836,1300,0.009483654761191888
2019-02-19,8.64028549194336,3000,-0.03340287999126008
2019-02-20,8.677608489990234,9900,0.004319648706246669
2019-02-21,8.70560073852539,900,0.003225802197396411
2019-02-22,8.733592987060547,200,0.003215429856699097
2019-02-25,8.770915985107422,2300,0.004273498673704137
2019-02-26,8.63095474243164,2700,-0.015957425987596786
2019-02-27,8.658946990966797,1500,0.0032432389429109506
2019-02-28,8.696269989013672,21300,0.0043103391308217005
2019-03-01,8.453670501708984,5900,-0.027896958996348163
2019-03-04,8.425678253173828,49200,-0.0033112537955551223
2019-03-05,8.248394012451172,18000,-0.021040945950656958
2019-03-06,8.192408561706543,2400,-0.006787436519171777
2019-03-07,7.90315580368042,1500,-0.03530741366808364
2019-03-08,8.080439567565918,3400,0.022432021876999917
2019-03-11,8.005793571472168,22200,-0.009237863295627086
2019-03-12,8.080439567565918,1600,0.009323997106263571
2019-03-13,8.220401763916016,2900,0.017321111701879686
2019-03-14,8.108431816101074,1200,-0.013620982408237116
2019-03-15,8.127093315124512,12100,0.002301492994783651
2019-03-18,8.323040008544922,500,0.02411030436376971
2019-03-19,8.043116569519043,5300,-0.03363235533392763
2019-03-20,8.108431816101074,100,0.008120639060430394
2019-03-21,8.099102020263672,9200,-0.0011506288822551339
2019-03-22,7.996462821960449,600,-0.012672910903754879
2019-03-25,8.024456024169922,400,0.00350069810023949
2019-03-26,8.024456024169922,300,0.0
2019-03-27,7.819178581237793,3600,-0.025581477711863157
2019-03-28,8.117762565612793,3600,0.0381861062863375
2019-03-29,8.015124320983887,500,-0.01264366182175449
2019-04-01,8.117762565612793,3400,0.012805571132589372
2019-04-02,8.136425018310547,1100,0.002298965083902416
2019-04-03,8.173748016357422,1700,0.004587149511349491
2019-04-04,8.164416313171387,500,-0.0011416675884013574
2019-04-05,8.397686004638672,1600,0.028571508668777553
2019-04-08,8.397686004638672,100,0.0
2019-04-09,8.463001251220703,3100,0.007777767178476635
2019-04-10,8.71493148803711,600,0.029768427220788585
2019-04-11,8.537647247314453,300,-0.02034258570661311
2019-04-12,8.537647247314453,100,0.0
2019-04-16,8.49099349975586,1100,-0.005464473549579933
2019-04-17,8.537647247314453,1700,0.005494498089055795
2019-04-18,8.518985748291016,200,-0.002185789419831973
2019-04-22,8.56563949584961,3400,0.005476443902720803
2019-04-23,8.500324249267578,1100,-0.00762526214343705
2019-04-24,8.500324249267578,100,0.0
2019-04-26,8.537647247314453,400,0.004390773451976364
2019-04-29,8.537647247314453,200,0.0
2019-04-30,8.528316497802734,1000,-0.0010928947099159865
2019-05-01,7.837839603424072,23900,-0.08096285996850129
2019-05-02,8.444339752197266,12500,0.07738103603296947
2019-05-03,8.304377555847168,500,-0.016574676109364108
2019-05-06,8.612293243408203,2300,0.03707871968612863
2019-05-07,8.612293243408203,200,0.0
2019-05-08,8.677608489990234,1200,0.007583955252803676
2019-05-09,8.537647247314453,1600,-0.016129010986982054
2019-05-13,8.136425018310547,2100,-0.04699447252638742
2019-05-14,8.136425018310547,100,0.0
2019-05-15,8.341700553894043,2700,0.02522920510193796
2019-05-16,8.379023551940918,100,0.004474267303859524
2019-05-17,8.397686004638672,400,0.0022272825206978842
2019-05-20,8.397686004638672,1500,0.0
2019-05-21,8.668277740478516,1500,0.032222178310831774
2019-05-22,8.808238983154297,1900,0.016146372655112335
2019-05-23,8.584300994873047,1300,-0.025423695781816323
2019-05-24,8.63095474243164,1900,0.005434775363358949
2019-05-28,7.6045708656311035,3300,-0.11891892698204197
2019-05-29,7.791186809539795,1000,0.024539970394924334
2019-05-30,7.791186809539795,2300,0.0
2019-05-31,7.250001907348633,5600,-0.06946116367387274
2019-06-03,6.867441177368164,3000,-0.05276698335661175
2019-06-04,7.128702163696289,600,0.03804342543029237
2019-06-05,7.128702163696289,100,0.0
2019-06-06,6.998071670532227,1200,-0.01832458281527216
2019-06-07,7.147363662719727,900,0.021333304260964484
2019-06-10,7.548586845397949,1200,0.05613582876312587
2019-06-11,7.707209587097168,2300,0.021013567830371355
2019-06-12,7.697878837585449,2400,-0.001210652105184682
2019-06-13,7.847170829772949,400,0.019393912964513167
2019-06-14,7.6792168617248535,300,-0.02140312371063232
2019-06-17,7.6792168617248535,200,0.0
2019-06-18,7.613901615142822,600,-0.00850545670973024
2019-06-19,7.5672478675842285,300,-0.006127442921748157
2019-06-20,7.33397912979126,3100,-0.030826099775615987
2019-06-21,7.548586845397949,800,0.029262111578001945
2019-06-24,7.539255619049072,1200,-0.0012361553943789894
2019-06-25,7.33397912979126,600,-0.027227686608628884
2019-06-26,7.324647903442383,1100,-0.0012723279114570563
2019-06-27,7.82850980758667,4900,0.06878991465343827
2019-06-28,7.5672478675842285,3400,-0.033373138237528986
2019-07-01,7.539255619049072,1400,-0.0036991319730739184
2019-07-02,7.6418938636779785,4400,0.013613843304314442
2019-07-03,7.763193607330322,1600,0.015872995073758223
2019-07-05,7.781855583190918,400,0.002403904475984511
2019-07-08,7.82850980758667,100,0.005995257030537385
2019-07-09,7.651224613189697,600,-0.02264609724639601
2019-07-10,7.697878837585449,1600,0.006097615317073067
2019-07-11,7.735201835632324,200,0.004848478241128292
2019-07-12,7.893824577331543,1000,0.020506606688466832
2019-07-15,7.921816825866699,500,0.003546094578227738
2019-07-16,7.949809551239014,200,0.00353362441819044
2019-07-17,7.856501579284668,300,-0.011737132990790105
2019-07-18,8.024456024169922,400,0.02137776505106311
2019-07-19,7.847170829772949,200,-0.02209311059378778
2019-07-22,7.893824577331543,1500,0.005945295262540325
2019-07-23,7.837839603424072,300,-0.0070922495628090165
2019-07-24,7.735201835632324,400,-0.013095160527004058
2019-07-25,7.912485599517822,2600,0.022919087006733
2019-07-26,7.707209587097168,300,-0.02594330313007629
2019-07-29,8.0711088180542,2000,0.047215432102202595
2019-07-30,8.136425018310547,800,0.008092593189952087
2019-07-31,8.220401763916016,2600,0.010321086400536356
2019-08-01,8.099102020263672,4400,-0.014755938594728643
2019-08-02,7.940478801727295,2200,-0.0195852846574234
2019-08-05,7.651224613189697,7700,-0.036427801869413225
2019-08-06,8.127093315124512,2400,0.06219510287470582
2019-08-07,8.248394012451172,2600,0.014925471213788045
2019-08-08,8.397686004638672,2100,0.01809952239940766
2019-08-09,8.537647247314453,1200,0.016666643953878502
2019-08-12,8.649617195129395,700,0.0131148482212312
2019-08-13,9.07883071899414,1900,0.04962225659031899
2019-08-14,9.07883071899414,100,0.0
2019-08-15,8.798909187316895,3600,-0.030832332966800716
2019-08-16,8.994854927062988,1000,0.022269321750534476
2019-08-19,8.463001251220703,600,-0.05912865523179113
2019-08-20,8.677608489990234,6900,0.025358289854745832
2019-08-21,8.957531929016113,1200,0.032258131874556825
2019-08-22,8.901546478271484,2800,-0.006250097815814126
2019-08-23,8.71493148803711,200,-0.020964333634599208
2019-08-26,8.518985748291016,12900,-0.022483910517835545
2019-08-27,8.574970245361328,2100,0.006571732683264964
2019-08-28,8.425678253173828,2900,-0.017410205273687127
2019-08-29,8.612293243408203,300,0.022148364158586273
2019-08-30,8.948201179504395,8300,0.039003309177064224
2019-09-03,8.658946990966797,900,-0.03232540068501436
2019-09-04,8.76158618927002,900,0.011853542747206805
2019-09-05,8.798909187316895,100,0.004259844877470138
2019-09-06,8.593631744384766,200,-0.023329874028933512
2019-09-09,8.71493148803711,100,0.014115073493997831
2019-09-10,8.71493148803711,0,0.0
2019-09-11,8.808238983154297,800,0.010706624056112165
2019-09-12,8.808238983154297,0,0.0
2019-09-13,8.70560073852539,1400,-0.011652527233332481
2019-09-16,8.70560073852539,0,0.0
2019-09-17,8.948201179504395,2800,0.027867168305273908
2019-09-18,9.032177925109863,1200,0.009384762805491583
2019-09-19,8.733592987060547,200,-0.03305791145004316
2019-09-20,8.733592987060547,0,0.0
2019-09-23,8.733592987060547,800,0.0
2019-09-24,8.920208930969238,700,0.021367602564623344
2019-09-25,8.68694019317627,300,-0.02615059126957272
2019-09-26,8.85489273071289,100,0.019333912033669864
2019-09-27,8.733592987060547,800,-0.013698612432832729
2019-09-30,8.68694019317627,500,-0.005341764146027511
2019-10-01,8.798909187316895,3300,0.012889347877469957
2019-10-02,8.742923736572266,400,-0.006362771742812008
2019-10-03,8.901546478271484,500,0.018142985856743624
2019-10-04,9.181469917297363,1800,0.03144660758770029
2019-10-07,8.85489273071289,2800,-0.03556916153144715
2019-10-08,8.957531929016113,2900,0.011591241297279878
2019-10-09,8.817569732666016,800,-0.015625084840246946
2019-10-10,8.97619342803955,1900,0.017989502797566746
2019-10-11,9.013516426086426,400,0.004157998415039341
2019-10-14,9.032177925109863,600,0.002070390526989934
2019-10-15,8.826900482177734,1700,-0.022727347117625786
2019-10-16,9.00418472290039,3000,0.020084540556519048
2019-10-17,8.435009002685547,1300,-0.06321235489174896
2019-10-18,8.724263191223145,1100,0.034292101934390896
2019-10-21,8.770915985107422,1300,0.005347476670718895
2019-10-22,8.658946990966797,500,-0.01276594079007743
2019-10-24,8.63095474243164,1600,-0.0032327543481162754
2019-10-25,8.63095474243164,0,0.0
2019-10-29,8.724263191223145,200,0.01081090697101902
2019-10-30,8.677608489990234,700,-0.0053476952964745614
2019-10-31,8.593631744384766,200,-0.009677406592189233
2019-11-01,8.826900482177734,1000,0.027144372103841984
2019-11-04,8.92953872680664,700,0.011627891901142606
2019-11-05,8.86422348022461,500,-0.0073145151816133205
2019-11-06,8.86422348022461,0,0.0
2019-11-07,8.85489273071289,1400,-0.0010526302199549598
2019-11-08,8.892215728759766,400,0.004214957671640839
2019-11-11,8.892215728759766,0,0.0
2019-11-12,8.276386260986328,100,-0.06925489513054468
2019-11-13,8.677608489990234,800,0.04847794875103994
2019-11-14,8.677608489990234,0,0.0
2019-11-15,8.752254486083984,200,0.008602139193057096
2019-11-18,8.752254486083984,100,0.0
2019-11-21,8.817569732666016,200,0.007462676809258915
2019-11-22,8.658946990966797,300,-0.01798939464142562
2019-11-25,8.658946990966797,100,0.0
2019-11-27,8.658946990966797,0,0.0
2019-12-02,8.649617195129395,800,-0.0010774746452582966
2019-12-03,8.453670501708984,200,-0.02265379946880746
2019-12-04,8.63095474243164,1800,0.020971274038515775
2019-12-05,8.472332000732422,6300,-0.01837835400982872
2019-12-06,8.528316497802734,5000,0.006607920589688024
2019-12-09,8.798909187316895,800,0.03172873445584209
2019-12-10,8.68694019317627,500,-0.01272532671459113
2019-12-11,8.770915985107422,500,0.009666901125567397
2019-12-12,8.770915985107422,0,0.0
2019-12-16,8.86422348022461,1000,0.010638283991731192
2019-12-17,8.64028549194336,2000,-0.025263125278919035
2019-12-18,9.097493171691895,1800,0.05291580702684637
2019-12-19,9.097493171691895,400,0.0
2019-12-20,9.638676643371582,6300,0.05948709841999712
2019-12-23,9.144146919250488,500,-0.05130680719133541
2019-12-24,9.144146919250488,0,0.0
2019-12-26,9.041507720947266,300,-0.011224578871009173
2019-12-27,8.71493148803711,2400,-0.03611966532457281
2019-12-30,9.28410816192627,4400,0.06531051617221119
2019-12-31,9.480053901672363,700,0.021105499454396583
