Date,Adj Close,Volume,LogReturn
2019-01-02,7.999253749847412,72400,
2019-01-03,8.05091667175293,97100,0.0064584676922523005
2019-01-04,8.137024879455566,92300,0.010695453848721594
2019-01-07,8.093969345092773,96800,-0.005291311628098861
2019-01-08,8.154245376586914,107400,0.007447029871775446
2019-01-09,8.214517593383789,106200,0.007391513746929071
2019-01-10,8.266181945800781,50600,0.006289395795877796
2019-01-11,8.171466827392578,52500,-0.011458145856119026
2019-01-14,8.059529304504395,85100,-0.013698583773594243
2019-01-15,8.042306900024414,93600,-0.0021368995420557664
2019-01-16,8.076748847961426,81600,0.0042825955742757296
2019-01-17,8.042306900024414,59800,-0.004264333159957658
2019-01-18,8.02508544921875,58600,-0.0021413570782298527
2019-01-22,7.895926475524902,88900,-0.016094404789972847
2019-01-23,7.870094299316406,108300,-0.003271582668426359
2019-01-24,7.956202030181885,104500,0.010941130765479876
2019-01-25,8.111452102661133,81200,0.019513088266274067
2019-01-28,7.998065948486328,48000,-0.013978527240222003
2019-01-29,7.91956901550293,80300,-0.009814489338920037
2019-01-30,7.858514308929443,128000,-0.007709347119012267
2019-01-31,7.9806227684021,118900,0.015538364463357572
2019-02-01,7.998065948486328,75600,0.0021856915920511594
2019-02-04,7.998065948486328,54200,0.0
2019-02-05,8.006787300109863,78800,0.001090432572037708
2019-02-06,8.346944808959961,150200,0.04248364495025742
2019-02-07,8.277170181274414,76300,-0.008359301430943674
2019-02-08,8.172505378723145,79400,-0.012644998261368907
2019-02-11,8.16378402709961,64100,-0.0010671576486496926
2019-02-12,8.207393646240234,56700,0.005341838906549126
2019-02-13,8.198671340942383,48800,-0.0010627375356666616
2019-02-14,8.155061721801758,38600,-0.005319108100217171
2019-02-15,8.45160961151123,104200,0.03636365975216116
2019-02-19,8.521385192871094,44800,0.008255892613026967
2019-02-20,8.530105590820312,56900,0.0010233545077288782
2019-02-21,8.512663841247559,32300,-0.00204472844879246
2019-02-22,8.442888259887695,20700,-0.008196679988909022
2019-02-25,8.425444602966309,46400,-0.002066076961395051
2019-02-26,8.45160961151123,35700,0.003105475114715024
2019-02-27,8.564993858337402,39900,0.013415698551875927
2019-02-28,8.591161727905273,32700,0.0030552117141798723
2019-03-01,8.521385192871094,42300,-0.008121897508637966
2019-03-04,8.495218276977539,30700,-0.0030707350156457744
2019-03-05,8.425444602966309,51700,-0.0082132879622788
2019-03-06,8.530105590820312,96300,0.012422013648651416
2019-03-07,8.477775573730469,46500,-0.006134744351366387
2019-03-08,8.434165000915527,107800,-0.0051441056012469415
2019-03-11,8.495218276977539,39100,0.007238805033501763
2019-03-12,8.547552108764648,39100,0.006160386947200244
2019-03-13,8.495218276977539,25900,-0.006122668937396279
2019-03-14,8.45160961151123,68000,-0.005133319008940622
2019-03-15,8.45160961151123,69600,0.0
2019-03-18,8.503939628601074,72400,0.006191721990870166
2019-03-19,8.538829803466797,60700,0.004102824854068514
2019-03-20,8.503939628601074,67900,-0.004086060463643053
2019-03-21,8.521385192871094,25000,0.0020514684995346544
2019-03-22,8.45160961151123,20600,-0.008188290962159162
2019-03-25,8.521385192871094,29200,0.008255892613026967
2019-03-26,8.48649787902832,45900,-0.004094089523374652
2019-03-27,8.469054222106934,45100,-0.0020554599989346806
2019-03-28,8.416720390319824,45800,-0.006179418671154729
2019-03-29,8.373111724853516,36200,-0.005181194508547945
2019-04-01,8.416720390319824,30600,0.005208179097487381
2019-04-02,8.38183307647705,46600,-0.004145000929684889
2019-04-03,8.45160961151123,36900,0.00832473450586865
2019-04-04,8.399277687072754,38900,-0.00619194766961309
2019-04-05,8.407999038696289,32500,0.0010383454326028658
2019-04-08,8.407999038696289,42700,0.0
2019-04-09,8.346944808959961,44700,-0.007261445851187318
2019-04-10,8.329501152038574,50200,-0.0020898253577359186
2019-04-11,8.329501152038574,42600,0.0
2019-04-12,8.320777893066406,38300,-0.001047272677311897
2019-04-15,8.38183307647705,35900,0.007337677341624634
2019-04-16,8.503939628601074,39900,0.014568000938446958
2019-04-17,8.477775573730469,63700,-0.003076698096798406
2019-04-18,8.442888259887695,35800,-0.004115149491675209
2019-04-22,8.38183307647705,97300,-0.007231551754713934
2019-04-23,8.48649787902832,33700,0.012487101758802976
2019-04-24,8.48649787902832,43200,0.0
2019-04-25,8.411396980285645,49800,-0.00884945708031858
2019-04-26,8.464407920837402,32600,0.006302275433676845
2019-04-29,8.420231819152832,55100,-0.0052190421465651525
2019-04-30,8.384888648986816,73800,-0.004197410585017781
2019-05-01,8.323041915893555,64400,-0.007375975481884895
2019-05-02,8.234684944152832,59200,-0.0106159469859208
2019-05-03,8.340710639953613,73500,0.012875501190372373
2019-05-06,8.376052856445312,90800,0.0042373147825561985
2019-05-07,8.420231819152832,62800,0.005274436953143644
2019-05-08,8.367218971252441,17900,-0.006295889357797313
2019-05-09,8.287698745727539,24500,-0.009503782056871331
2019-05-10,8.455574035644531,47200,0.020255959472891674
2019-05-13,8.384888648986816,44800,-0.008359620099089677
2019-05-14,8.543929100036621,66100,0.018967509016237474
2019-05-15,8.535091400146484,451700,-0.0010343835706804775
2019-05-16,8.623448371887207,100400,0.010352199829893587
2019-05-17,8.65878963470459,70500,0.0040982749931682515
2019-05-20,8.729474067687988,137100,0.008163315655584692
2019-05-21,8.968032836914062,187300,0.02732796585181412
2019-05-22,8.83549976348877,72600,-0.014778388508989687
2019-05-23,8.83549976348877,98500,0.0
2019-05-24,8.844334602355957,70300,0.0009999251998959922
2019-05-28,8.879676818847656,759200,0.003996028879581823
2019-05-29,8.614611625671387,229000,-0.029850770313357856
2019-05-30,8.694131851196289,94200,0.009230854387902237
2019-05-31,8.561599731445312,63700,-0.015243858963645749
2019-06-03,8.667624473571777,74100,0.012383753673633426
2019-06-04,8.879676818847656,83900,0.024464874536551745
2019-06-05,8.65878963470459,59400,-0.02487558822796567
2019-06-06,8.570435523986816,53300,-0.01020397936030788
2019-06-07,8.667624473571777,45700,0.011340024589526383
2019-06-10,8.614611625671387,105700,-0.006116191127341832
2019-06-11,8.614611625671387,50700,0.0
2019-06-12,8.65878963470459,83400,0.005128264738198233
2019-06-13,8.632284164428711,57600,-0.003061105696533438
2019-06-14,8.588106155395508,69400,-0.005117765841774377
2019-06-17,8.605777740478516,79600,0.0020576812586213292
2019-06-18,8.605777740478516,62800,0.0
2019-06-19,8.694131851196289,51800,0.01026683623284705
2019-06-20,8.65878963470459,16000,-0.00406506562088039
2019-06-21,8.755979537963867,40400,0.01122442135211813
2019-06-24,8.755979537963867,71300,0.0
2019-06-25,8.800158500671387,46700,0.005045576284865667
2019-06-26,8.80899429321289,84800,0.001004049249889056
2019-06-27,8.800158500671387,67200,-0.0010030421461745824
2019-06-28,8.82666301727295,46400,0.003011822639278645
2019-07-01,8.791321754455566,46800,-0.004003921158904932
2019-07-02,8.82666301727295,14300,0.0040200169899903115
2019-07-03,8.800158500671387,14700,-0.003002778802101729
2019-07-05,8.800158500671387,31100,0.0
2019-07-08,8.676459312438965,67900,-0.01405647275818777
2019-07-09,8.676459312438965,31800,0.0
2019-07-10,8.605777740478516,23200,-0.008146361253503133
2019-07-11,8.570435523986816,58700,-0.004106800983885746
2019-07-12,8.561599731445312,42000,-0.0010309619058184864
2019-07-15,8.57927131652832,45900,0.002064051770383876
2019-07-16,8.64995288848877,22400,0.00823864514277317
2019-07-17,8.552764892578125,37500,-0.011235667657795096
2019-07-18,8.588106155395508,45200,0.004132144781397075
2019-07-19,8.543929100036621,50800,-0.005143981054674357
2019-07-22,8.570435523986816,76600,0.0031023693712628887
2019-07-23,8.552764892578125,54200,-0.0020618125367415797
2019-07-24,8.57927131652832,88900,0.003099164338446497
2019-07-25,8.614611625671387,65800,0.004119266991239902
2019-07-26,8.699640274047852,23300,0.009870282268219848
2019-07-29,8.663839340209961,31100,-0.004115220021762213
2019-07-30,8.663839340209961,41300,0.0
2019-07-31,8.610137939453125,61400,-0.006198337555453161
2019-08-01,8.502735137939453,50900,-0.012473993130996643
2019-08-02,8.592236518859863,36400,0.010526187099613673
2019-08-05,8.601186752319336,51100,0.001041665163642434
2019-08-06,8.529585838317871,71100,-0.008324538934369428
2019-08-07,8.6459379196167,68600,0.013641000102974993
2019-08-08,8.6459379196167,39300,0.0
2019-08-09,8.565386772155762,31000,-0.009316646523470362
2019-08-12,8.636987686157227,44400,0.008359332264390451
2019-08-13,8.71753978729248,48700,0.009326411483063396
2019-08-14,8.556436538696289,39000,-0.018480357133675594
2019-08-15,8.466933250427246,104800,-0.010460346180827309
2019-08-16,8.583287239074707,44600,0.013742164394834416
2019-08-19,8.610137939453125,61400,0.003128253736654923
2019-08-20,8.71753978729248,63000,0.012473882369203614
2019-08-21,8.610137939453125,66000,-0.012320201623388594
2019-08-22,8.636987686157227,30600,0.0031183875209561313
2019-08-23,8.457983016967773,49900,-0.020725358851251992
2019-08-26,8.341629981994629,81700,-0.013756593592080495
2019-08-27,8.07312297821045,133900,-0.03218879336097991
2019-08-28,8.440083503723145,100900,0.045454593780267005
2019-08-29,8.449031829833984,16800,0.001060217722596287
2019-08-30,8.23422622680664,20900,-0.0254236943774852
2019-09-03,8.359530448913574,33800,0.01521748597324226
2019-09-04,8.502735137939453,59500,0.017130709661388955
2019-09-05,8.377431869506836,42300,-0.014736818964701174
2019-09-06,8.350580215454102,30900,-0.0032052369354947773
2019-09-09,8.395331382751465,33000,0.005359048849628915
2019-09-10,8.466933250427246,44800,0.008528772053345039
2019-09-11,8.53853702545166,19100,0.008456872507032094
2019-09-12,8.466933250427246,33300,-0.008385953566867207
2019-09-13,8.422182083129883,42200,-0.00528540452295465
2019-09-16,8.422182083129883,54600,0.0
2019-09-17,8.440083503723145,75900,0.0021255086171930787
2019-09-18,8.413230895996094,45300,-0.003181557115543393
2019-09-19,8.466933250427246,42000,0.006383083395073539
2019-09-20,8.502735137939453,76500,0.004228436253516047
2019-09-23,8.502735137939453,29900,0.0
2019-09-24,8.457983016967773,73800,-0.005263261791137585
2019-09-25,8.457983016967773,30100,0.0
2019-09-26,8.314778327941895,66000,-0.01693130486767263
2019-09-27,8.413230895996094,33200,0.011840672615810862
2019-09-30,8.475884437561035,50000,0.007447025089345711
2019-10-01,8.466933250427246,23800,-0.0010560770618959498
2019-10-02,8.502735137939453,43200,0.004228436253516047
2019-10-03,8.493783950805664,36400,-0.0010527420869372497
2019-10-04,8.493783950805664,54100,0.0
2019-10-07,8.493783950805664,20700,0.0
2019-10-08,8.475884437561035,45700,-0.0021073662043088674
2019-10-09,8.404281616210938,33500,-0.008447828881761113
2019-10-10,8.466933250427246,33900,0.007454728087105085
2019-10-11,8.422182083129883,26500,-0.00528540452295465
2019-10-14,8.457983016967773,21700,0.004250790767110339
2019-10-15,8.431133270263672,32400,-0.003174485766906555
2019-10-16,8.368481636047363,55600,-0.0074309861092196035
2019-10-17,8.27897834777832,40200,-0.010695284062464352
2019-10-18,8.287928581237793,47000,0.0010810794621626796
2019-10-21,8.27897834777832,126000,-0.001079911991487739
2019-10-22,8.413230895996094,52100,0.016216076740169318
2019-10-23,8.386382102966309,72200,-0.0031912583122570256
2019-10-24,8.323731422424316,36300,-0.007470525403300227
2019-10-25,8.482494354248047,68700,0.01907352889787141
2019-10-28,8.400843620300293,30800,-0.00962579290216245
2019-10-29,8.337336540222168,52200,-0.007559607457120468
2019-10-30,8.437132835388184,54700,0.011969805307074281
2019-10-31,8.428058624267578,49000,-0.0010755088603731785
2019-11-01,8.482494354248047,36700,0.006458869403652181
2019-11-04,8.518780708312988,38300,0.004277792893168169
2019-11-05,8.437132835388184,82900,-0.009584455301816753
2019-11-06,8.418986320495605,75300,-0.0021507916547746546
2019-11-07,8.255687713623047,131100,-0.01939646896384856
2019-11-08,8.192182540893555,111800,-0.007692293474800375
2019-11-11,8.455275535583496,32500,0.03211512846260928
2019-11-12,8.391770362854004,48000,-0.0075107159384971735
2019-11-13,8.50063705444336,45600,0.012973030347833588
2019-11-14,8.536925315856934,45500,0.0042688872823485645
2019-11-15,8.473420143127441,51100,-0.0074388811404422555
2019-11-18,8.50063705444336,66200,0.003212033730912406
2019-11-19,8.545998573303223,34800,0.005336249338648379
2019-11-20,8.50063705444336,32700,-0.005307924927763008
2019-11-21,8.491565704345703,47300,-0.001067137679159537
2019-11-22,8.491565704345703,22700,0.0
2019-11-25,8.50063705444336,48000,0.0010682776785220932
2019-11-26,8.34640884399414,137600,-0.01814313556283435
2019-11-27,8.409914016723633,48900,0.007608682238851606
2019-11-29,8.518780708312988,36000,0.012945042169618778
2019-12-02,8.527853012084961,69800,0.0010649767945217227
2019-12-03,8.509709358215332,55900,-0.0021275758205397343
2019-12-04,8.391770362854004,76600,-0.013859344708109097
2019-12-05,8.673009872436523,69200,0.03351372802423436
2019-12-06,8.80909252166748,112800,0.015690360236235625
2019-12-09,8.564140319824219,34400,-0.027806746408981356
2019-12-10,8.700224876403809,42700,0.015890042841145674
2019-12-11,8.68208122253418,33200,-0.0020854235525379302
2019-12-12,8.66393756866455,27100,-0.002089781632373744
2019-12-13,8.509709358215332,65200,-0.01780116825945588
2019-12-16,8.455275535583496,64900,-0.006396672358649377
2019-12-17,8.473420143127441,102600,0.002145951065412933
2019-12-18,8.618576049804688,55200,0.017130734015942554
2019-12-19,8.709297180175781,58500,0.01052623192588173
2019-12-20,8.600430488586426,19700,-0.012500054750360257
2019-12-23,8.582286834716797,31500,-0.0021096215932106224
2019-12-24,8.564140319824219,10900,-0.0021144148689102786
2019-12-26,8.573214530944824,47600,0.0010595589027891732
2019-12-27,8.582286834716797,35100,0.0010582149483401332
2019-12-30,8.555070877075195,34500,-0.0031711778184234565
2019-12-31,8.582286834716797,59200,0.003181266179165326
