Date,Adj Close,Volume,LogReturn
2019-01-02,13000.0,6710,
2019-01-03,13300.0,1120,0.023076923076923078
2019-01-04,13850.0,650,0.041353383458646614
2019-01-07,13050.0,700,-0.05776173285198556
2019-01-08,13050.0,3270,0.0
2019-01-09,13400.0,2410,0.02681992337164751
2019-01-10,13400.0,940,0.0
2019-01-11,13500.0,4110,0.007462686567164179
2019-01-14,13000.0,1090,-0.037037037037037035
2019-01-15,13000.0,810,0.0
2019-01-16,13000.0,290,0.0
2019-01-17,12300.0,1130,-0.05384615384615385
2019-01-18,12300.0,470,0.0
2019-01-22,12900.0,1060,0.04878048780487805
2019-01-23,12100.0,680,-0.06201550387596899
2019-01-24,12100.0,520,0.0
2019-01-25,12050.0,1210,-0.004132231404958678
2019-01-28,12800.0,270,0.06224066390041494
2019-01-29,12100.0,1860,-0.0546875
2019-01-30,12500.0,2850,0.03305785123966942
2019-01-31,12100.0,7180,-0.032
2019-02-01,12800.0,610,0.05785123966942149
2019-02-04,12800.0,0,0.0
2019-02-11,12800.0,220,0.0
2019-02-13,13250.0,320,0.03515625
2019-02-14,13000.0,1030,-0.018867924528301886
2019-02-15,13450.0,10,0.03461538461538462
2019-02-19,13800.0,10,0.026022304832713755
2019-02-20,12850.0,690,-0.06884057971014493
2019-02-21,13600.0,70,0.058365758754863814
2019-02-22,13450.0,220,-0.011029411764705883
2019-02-25,13450.0,0,0.0
2019-02-26,13800.0,90,0.026022304832713755
2019-02-27,13800.0,0,0.0
2019-02-28,14300.0,10,0.036231884057971016
2019-03-01,13300.0,390,-0.06993006993006994
2019-03-04,13050.0,660,-0.018796992481203006
2019-03-05,13050.0,500,0.0
2019-03-06,13000.0,1280,-0.0038314176245210726
2019-03-07,13100.0,31550,0.007692307692307693
2019-03-08,13100.0,0,0.0
2019-03-11,13400.0,40,0.022900763358778626
2019-03-12,13400.0,600,0.0
2019-03-13,13000.0,100,-0.029850746268656716
2019-03-14,13000.0,0,0.0
2019-03-18,13600.0,30,0.046153846153846156
2019-03-19,14000.0,10,0.029411764705882353
2019-03-20,13800.0,210,-0.014285714285714285
2019-03-21,13800.0,20,0.0
2019-03-25,14700.0,20,0.06521739130434782
2019-03-26,13700.0,800,-0.06802721088435375
2019-03-27,13600.0,220,-0.0072992700729927005
2019-03-28,13600.0,0,0.0
2019-04-01,13400.0,30,-0.014705882352941176
2019-04-02,13300.0,70,-0.007462686567164179
2019-04-03,13350.0,120,0.0037593984962406013
2019-04-04,13300.0,70,-0.003745318352059925
2019-04-05,13450.0,1220,0.011278195488721804
2019-04-08,13400.0,270,-0.0037174721189591076
2019-04-09,12800.0,350,-0.04477611940298507
2019-04-10,13550.0,90,0.05859375
2019-04-11,13550.0,0,0.0
2019-04-12,13400.0,120,-0.01107011070110701
2019-04-15,13400.0,0,0.0
2019-04-16,13000.0,120,-0.029850746268656716
2019-04-18,13400.0,1250,0.03076923076923077
2019-04-22,13400.0,440,0.0
2019-04-23,13400.0,40,0.0
2019-04-25,13400.0,40,0.0
2019-05-02,13250.0,30,-0.011194029850746268
2019-05-03,13000.0,60,-0.018867924528301886
2019-05-06,13350.0,10,0.026923076923076925
2019-05-07,13350.0,0,0.0
2019-05-13,13900.0,10,0.04119850187265917
2019-05-14,13400.0,280,-0.03597122302158273
2019-05-15,12800.0,110,-0.04477611940298507
2019-05-16,13000.0,50,0.015625
2019-05-17,13000.0,10,0.0
2019-05-20,13000.0,20,0.0
2019-05-21,13300.0,10,0.023076923076923078
2019-05-22,13300.0,0,0.0
2019-05-30,13350.0,2040,0.0037593984962406013
2019-06-03,13350.0,20,0.0
2019-06-04,13000.0,8520,-0.026217228464419477
2019-06-05,13000.0,20,0.0
2019-06-11,13000.0,310,0.0
2019-06-14,13000.0,20,0.0
2019-06-17,13000.0,30,0.0
2019-06-18,13250.0,10,0.019230769230769232
2019-06-20,13000.0,50,-0.018867924528301886
2019-06-21,13200.0,10,0.015384615384615385
2019-06-24,13200.0,0,0.0
2019-06-25,12950.0,230,-0.01893939393939394
2019-06-27,12100.0,680,-0.06563706563706563
2019-06-28,12900.0,10,0.06611570247933884
2019-07-01,12900.0,80,0.0
2019-07-02,12800.0,50,-0.007751937984496124
2019-07-03,12800.0,20,0.0
2019-07-15,12750.0,2000,-0.00390625
2019-07-16,12700.0,5000,-0.00392156862745098
2019-07-17,12600.0,40,-0.007874015748031496
2019-07-18,12600.0,20,0.0
2019-07-19,12600.0,20,0.0
2019-07-22,12500.0,30,-0.007936507936507936
2019-07-23,12500.0,0,0.0
2019-07-24,12600.0,10,0.008
2019-07-25,12600.0,0,0.0
2019-07-31,12850.0,620,0.01984126984126984
2019-08-01,12500.0,30,-0.027237354085603113
2019-08-05,11650.0,780,-0.068
2019-08-06,11650.0,0,0.0
2019-08-07,12800.0,90,0.09871244635193133
2019-08-08,12800.0,40,0.0
2019-08-12,12600.0,30,-0.015625
2019-08-15,12500.0,90,-0.007936507936507936
2019-08-16,12500.0,6000,0.0
2019-08-19,11900.0,20000,-0.048
2019-08-20,12500.0,25000,0.05042016806722689
2019-08-21,12500.0,50,0.0
2019-08-22,12000.0,50,-0.04
2019-08-23,12400.0,20,0.03333333333333333
2019-08-26,12400.0,10,0.0
2019-08-27,11550.0,100,-0.06854838709677419
2019-08-28,12200.0,20,0.05627705627705628
2019-08-29,12200.0,30,0.0
2019-08-30,12200.0,10,0.0
2019-09-04,12200.0,50,0.0
2019-09-05,12950.0,10,0.06147540983606557
2019-09-06,12950.0,0,0.0
2019-09-10,12950.0,50,0.0
2019-09-11,12700.0,130,-0.019305019305019305
2019-09-12,12000.0,30,-0.05511811023622047
2019-09-13,12600.0,40,0.05
2019-09-16,12550.0,30,-0.003968253968253968
2019-09-17,12550.0,50,0.0
2019-09-18,12450.0,30,-0.00796812749003984
2019-09-19,12900.0,40,0.03614457831325301
2019-09-20,12000.0,1310,-0.06976744186046512
2019-09-23,12000.0,0,0.0
2019-09-24,11350.0,720,-0.05416666666666667
2019-09-25,11950.0,10,0.05286343612334802
2019-09-26,11150.0,5040,-0.06694560669456066
2019-09-27,11700.0,4800,0.04932735426008968
2019-09-30,11950.0,1040,0.021367521367521368
2019-10-01,11800.0,390,-0.012552301255230125
2019-10-02,11500.0,20,-0.025423728813559324
2019-10-03,11800.0,90,0.02608695652173913
2019-10-04,11600.0,60,-0.01694915254237288
2019-10-07,11600.0,100,0.0
2019-10-08,11300.0,110,-0.02586206896551724
2019-10-09,11800.0,2010,0.04424778761061947
2019-10-10,11750.0,120,-0.00423728813559322
2019-10-11,11750.0,100,0.0
2019-10-14,11300.0,590,-0.03829787234042553
2019-10-15,11300.0,160,0.0
2019-10-16,11750.0,70,0.03982300884955752
2019-10-17,11750.0,90,0.0
2019-10-18,11350.0,110,-0.03404255319148936
2019-10-21,11950.0,340,0.05286343612334802
2019-10-22,12400.0,110,0.03765690376569038
2019-10-23,12500.0,20,0.008064516129032258
2019-10-24,12750.0,110,0.02
2019-10-25,12850.0,110,0.00784313725490196
2019-10-28,12850.0,0,0.0
2019-10-29,12800.0,160,-0.0038910505836575876
2019-10-30,12850.0,10,0.00390625
2019-10-31,12000.0,90,-0.06614785992217899
2019-11-01,12700.0,100,0.058333333333333334
2019-11-04,12700.0,0,0.0
2019-11-05,11850.0,10,-0.06692913385826772
2019-11-06,12300.0,40,0.0379746835443038
2019-11-07,12300.0,0,0.0
2019-11-13,12000.0,20,-0.024390243902439025
2019-11-14,12000.0,80,0.0
2019-11-15,12400.0,20,0.03333333333333333
2019-11-18,12400.0,0,0.0
2019-11-20,12400.0,120,0.0
2019-11-25,12300.0,6020,-0.008064516129032258
2019-11-26,12100.0,1010,-0.016260162601626018
2019-11-27,12400.0,1160,0.024793388429752067
2019-11-29,12500.0,10,0.008064516129032258
2019-12-02,12000.0,1430,-0.04
2019-12-06,12300.0,80,0.025
2019-12-09,12700.0,10,0.032520325203252036
2019-12-10,12000.0,1130,-0.05511811023622047
2019-12-11,12650.0,10,0.05416666666666667
2019-12-13,12350.0,9430,-0.023715415019762844
2019-12-16,12750.0,40,0.032388663967611336
2019-12-17,12750.0,0,0.0
2019-12-23,12750.0,110,0.0
2019-12-24,12750.0,30,0.0
2019-12-26,11900.0,130,-0.06666666666666667
2019-12-27,12400.0,410,0.04201680672268908
2019-12-30,11800.0,110,-0.04838709677419355
2019-12-31,12450.0,1120,0.05508474576271186
