Date,Adj Close,Volume,LogReturn
2019-01-02,59090.8984375,11,
2019-01-03,58545.5,22,-0.009229821375568758
2019-01-04,59909.1015625,231,0.023291312953173174
2019-01-07,58181.80078125,121,-0.02883202612290886
2019-01-08,58090.8984375,1727,-0.0015623845004689974
2019-01-09,57727.30078125,1815,-0.006259115731205203
2019-01-10,60454.5,407,0.04724279815341379
2019-01-11,57909.1015625,506,-0.04210436671380956
2019-01-14,59363.6015625,418,0.025116949853386875
2019-01-15,57363.6015625,1749,-0.033690678249942985
2019-01-16,57272.69921875,55,-0.001584669394423538
2019-01-17,56181.80078125,693,-0.01904744236574868
2019-01-18,57909.1015625,1771,0.030744845434475036
2019-01-22,58545.5,55,0.010989609928814892
2019-01-23,57818.19921875,143,-0.012422829786234638
2019-01-24,55909.1015625,1342,-0.03301897468350924
2019-01-25,55454.5,605,-0.00813108330835557
2019-01-28,55636.3984375,1386,0.0032801384468347924
2019-01-29,54636.3984375,759,-0.017973844966319402
2019-01-30,55454.5,847,0.014973563153798428
2019-01-31,55545.5,253,0.0016409849516270095
2019-02-01,56090.8984375,2299,0.009818949104787967
2019-02-04,56090.8984375,0,0.0
2019-02-11,56727.30078125,1837,0.01134591103865308
2019-02-12,55454.5,2552,-0.02243718216310227
2019-02-13,56818.19921875,121,0.024591317544112742
2019-02-14,56363.6015625,176,-0.008000916299719383
2019-02-15,56636.3984375,99,0.004839947544826483
2019-02-19,57454.5,55,0.014444802019019626
2019-02-20,61181.80078125,66,0.06487395732710231
2019-02-21,58272.69921875,2046,-0.04754847888347108
2019-02-22,58272.69921875,0,0.0
2019-02-25,57454.5,913,-0.014040866987790635
2019-02-26,57181.80078125,176,-0.004746350916812434
2019-02-27,57000.0,363,-0.003179346903492636
2019-02-28,57727.30078125,3036,0.012759662828947369
2019-03-01,57363.6015625,847,-0.006300298365381577
2019-03-04,57636.3984375,7535,0.004755574398563113
2019-03-05,57545.5,1628,-0.001577101275656022
2019-03-06,57272.69921875,330,-0.004740610147622316
2019-03-07,57636.3984375,352,0.006350306930023856
2019-03-08,57272.69921875,594,-0.006310235000967135
2019-03-11,57272.69921875,649,0.0
2019-03-12,56181.80078125,3267,-0.01904744236574868
2019-03-13,57181.80078125,572,0.017799358263605854
2019-03-14,56818.19921875,3850,-0.006358693806985272
2019-03-15,56818.19921875,550,0.0
2019-03-18,56727.30078125,4994,-0.001599812010057572
2019-03-19,56363.6015625,3465,-0.006411361262410233
2019-03-20,55909.1015625,25344,-0.008063714656275431
2019-03-21,54545.5,9878,-0.024389616795677693
2019-03-22,55090.8984375,649,0.009998963021697482
2019-03-25,54727.30078125,1001,-0.0065999587329746935
2019-03-26,54545.5,616,-0.00332193948275787
2019-03-27,54545.5,132,0.0
2019-03-28,55000.0,1034,0.008332493056255786
2019-03-29,54545.5,143,-0.008263636363636364
2019-04-01,54454.5,1573,-0.0016683319430567142
2019-04-02,54454.5,638,0.0
2019-04-03,54545.5,242,0.0016711199258096208
2019-04-04,54545.5,6116,0.0
2019-04-05,54545.5,3729,0.0
2019-04-08,54545.5,1518,0.0
2019-04-09,54363.6015625,7304,-0.0033348019084984094
2019-04-10,54181.80078125,242,-0.0033441636687920645
2019-04-11,54090.8984375,770,-0.0016777283596941172
2019-04-12,54545.5,363,0.0084044002897322
2019-04-15,54545.5,0,0.0
2019-04-16,54545.5,66,0.0
2019-04-17,54545.5,10747,0.0
2019-04-18,53636.3984375,7502,-0.01666684809012659
2019-04-22,57181.80078125,6985,0.06610067877471848
2019-04-23,56909.1015625,902,-0.004768986198829515
2019-04-24,56272.69921875,3377,-0.01118278669451627
2019-04-25,55454.5,99,-0.014539896434848409
2019-04-26,55545.5,176,0.0016409849516270095
2019-04-29,55545.5,0,0.0
2019-05-02,53636.3984375,1375,-0.0343700491038878
2019-05-03,53818.19921875,286,0.003389503891873799
2019-05-06,53818.19921875,264,0.0
2019-05-07,52727.30078125,1947,-0.020270065764666764
2019-05-08,53272.69921875,55,0.010343757966346448
2019-05-09,52818.19921875,330,-0.008531574458686955
2019-05-10,54545.5,110,0.0327027578902543
2019-05-13,52545.5,913,-0.036666636111136575
2019-05-14,48909.1015625,6435,-0.06920475468879352
2019-05-15,51545.5,2618,0.05390404553089157
2019-05-16,51545.5,242,0.0
2019-05-17,50363.6015625,1056,-0.022929226363116083
2019-05-20,49727.30078125,2574,-0.01263413976580619
2019-05-21,49545.5,1848,-0.003655955147248796
2019-05-22,49090.8984375,3542,-0.009175435962902786
2019-05-23,49090.8984375,1650,0.0
2019-05-24,48636.3984375,627,-0.00925833534252069
2019-05-28,48181.80078125,30789,-0.009346861010569663
2019-05-29,48000.0,1122,-0.003773225124469569
2019-05-30,50909.1015625,10923,0.060606282552083335
2019-05-31,51818.19921875,38335,0.017857271653751748
2019-06-03,51818.19921875,9669,0.0
2019-06-04,51818.19921875,1496,0.0
2019-06-05,52727.30078125,5291,0.017544059349925246
2019-06-06,52727.30078125,3795,0.0
2019-06-07,52727.30078125,4488,0.0
2019-06-10,51000.0,8173,-0.03275913531807859
2019-06-11,52727.30078125,10032,0.03386864276960784
2019-06-12,52727.30078125,4070,0.0
2019-06-13,52727.30078125,24695,0.0
2019-06-14,52727.30078125,1056,0.0
2019-06-17,52727.30078125,275,0.0
2019-06-18,52545.5,4081,-0.0034479440167862517
2019-06-19,52727.30078125,15114,0.0034598734668049593
2019-06-20,52727.30078125,34408,0.0
2019-06-21,52727.30078125,5786,0.0
2019-06-24,52727.30078125,231,0.0
2019-06-25,52727.30078125,440,0.0
2019-06-26,52727.30078125,0,0.0
2019-06-27,52636.3984375,330,-0.0017240090503992795
2019-06-28,50909.1015625,5159,-0.032815635686985256
2019-07-01,50909.1015625,3124,0.0
2019-07-02,50909.1015625,4224,0.0
2019-07-03,50909.1015625,308,0.0
2019-07-05,50909.1015625,0,0.0
2019-07-15,49909.1015625,1100,-0.019642853032327073
2019-07-16,49909.1015625,0,0.0
2019-07-17,48818.19921875,3168,-0.02185778364260652
2019-07-18,47727.30078125,770,-0.02234614252385225
2019-07-19,46727.30078125,1386,-0.020952368636628554
2019-07-22,46181.80078125,1254,-0.011674117504747668
2019-07-23,46000.0,2211,-0.003936632573319052
2019-07-24,46727.30078125,1485,0.015810886548913043
2019-07-25,46727.30078125,0,0.0
2019-07-31,54818.19921875,16797,0.17315141902539744
2019-08-01,58636.3984375,25410,0.06965203660765318
2019-08-02,5727270.0,7183,96.67431412256066
2019-08-05,53363.6015625,12386,-0.9906825413220435
2019-08-06,53363.6015625,0,0.0
2019-08-07,55454.5,7590,0.03918210870851958
2019-08-08,55454.5,3905,0.0
2019-08-09,55454.5,0,0.0
2019-08-12,54545.5,7293,-0.016391816714603866
2019-08-13,55454.5,9526,0.016664986112511573
2019-08-14,53181.80078125,40227,-0.04098313425871661
2019-08-15,51000.0,29535,-0.04102532725855392
2019-08-16,51000.0,0,0.0
2019-08-21,51636.3984375,37620,0.012478400735294118
2019-08-22,51000.0,10879,-0.01232460932127728
2019-08-23,50454.5,11176,-0.010696078431372548
2019-08-26,49090.8984375,48906,-0.02702636162284831
2019-08-27,50000.0,3355,0.018518739551231095
2019-08-28,50636.3984375,11110,0.01272796875
2019-08-29,49545.5,8536,-0.02154376044035764
2019-08-30,51636.3984375,10153,0.04220158112240264
2019-09-03,51454.5,4906,-0.003522678633758073
2019-09-04,50545.5,1485,-0.01766609334460543
2019-09-05,50272.69921875,2387,-0.00539713290500638
2019-09-06,50363.6015625,3927,0.0018081850619251518
2019-09-09,51363.6015625,7392,0.019855609388042362
2019-09-10,50909.1015625,3861,-0.00884867856174294
2019-09-11,52727.30078125,12496,0.03571462003739815
2019-09-12,51818.19921875,24134,-0.017241572184238937
2019-09-13,51818.19921875,3784,0.0
2019-09-16,51818.19921875,2970,0.0
2019-09-17,51727.30078125,10857,-0.0017541797837526767
2019-09-18,51363.6015625,6039,-0.007031088289103864
2019-09-19,53900.0,27330,0.04938124197567557
2019-09-20,53000.0,9320,-0.016697588126159554
2019-09-23,51500.0,7850,-0.02830188679245283
2019-09-24,51000.0,2210,-0.009708737864077669
2019-09-25,51000.0,610,0.0
2019-09-26,51000.0,1360,0.0
2019-09-27,50000.0,5410,-0.0196078431372549
2019-09-30,51300.0,1990,0.026
2019-10-01,51000.0,3890,-0.005847953216374269
2019-10-02,50900.0,1420,-0.00196078431372549
2019-10-03,51000.0,680,0.0019646365422396855
2019-10-04,50200.0,2800,-0.01568627450980392
2019-10-07,50900.0,7490,0.013944223107569721
2019-10-08,50100.0,520,-0.015717092337917484
2019-10-09,50900.0,1470,0.015968063872255488
2019-10-10,50100.0,1130,-0.015717092337917484
2019-10-11,50700.0,12920,0.011976047904191617
2019-10-14,50400.0,1720,-0.005917159763313609
2019-10-15,50500.0,970,0.001984126984126984
2019-10-16,50000.0,3820,-0.009900990099009901
2019-10-17,50000.0,3270,0.0
2019-10-18,50000.0,3100,0.0
2019-10-21,50000.0,760,0.0
2019-10-22,50200.0,5070,0.004
2019-10-23,49500.0,6990,-0.013944223107569721
2019-10-24,50000.0,220,0.010101010101010102
2019-10-25,49950.0,2810,-0.001
2019-10-28,50100.0,470,0.003003003003003003
2019-10-29,50100.0,980,0.0
2019-10-30,49000.0,6010,-0.021956087824351298
2019-10-31,49000.0,250,0.0
2019-11-01,46000.0,142580,-0.061224489795918366
2019-11-04,45900.0,5160,-0.002173913043478261
2019-11-05,45000.0,21190,-0.0196078431372549
2019-11-06,42000.0,74970,-0.06666666666666667
2019-11-07,43150.0,3070,0.02738095238095238
2019-11-08,43600.0,6560,0.010428736964078795
2019-11-11,43500.0,13050,-0.0022935779816513763
2019-11-12,43500.0,6070,0.0
2019-11-13,42550.0,3410,-0.021839080459770115
2019-11-14,42300.0,17240,-0.005875440658049354
2019-11-15,42850.0,4710,0.013002364066193853
2019-11-18,41900.0,9350,-0.022170361726954493
2019-11-19,41150.0,20740,-0.017899761336515514
2019-11-20,41000.0,10930,-0.0036452004860267314
2019-11-21,41000.0,18580,0.0
2019-11-22,41750.0,7540,0.018292682926829267
2019-11-25,40000.0,68380,-0.041916167664670656
2019-11-26,39800.0,94740,-0.005
2019-11-27,41000.0,49680,0.03015075376884422
2019-11-29,40400.0,5520,-0.014634146341463415
2019-12-02,40300.0,11180,-0.0024752475247524753
2019-12-06,42700.0,9390,0.05955334987593052
2019-12-09,43400.0,3670,0.01639344262295082
2019-12-10,43000.0,7210,-0.009216589861751152
2019-12-11,42000.0,1170,-0.023255813953488372
2019-12-12,41800.0,12150,-0.004761904761904762
2019-12-13,41850.0,410,0.0011961722488038277
2019-12-16,41000.0,840,-0.02031063321385902
2019-12-17,40500.0,640,-0.012195121951219513
2019-12-18,39950.0,13660,-0.013580246913580247
2019-12-19,40000.0,3480,0.0012515644555694619
2019-12-20,39900.0,50410,-0.0025
2019-12-23,40000.0,3680,0.002506265664160401
2019-12-24,40000.0,730,0.0
2019-12-26,40950.0,550,0.02375
2019-12-27,41700.0,40,0.018315018315018316
2019-12-30,40000.0,6920,-0.0407673860911271
2019-12-31,39900.0,1490,-0.0025
