Date,Adj Close,Volume,LogReturn
2019-01-02,41000.0,19350,
2019-01-03,41000.0,46390,0.0
2019-01-04,41000.0,30470,0.0
2019-01-07,40800.0,10200,-0.004878048780487805
2019-01-08,41000.0,22560,0.004901960784313725
2019-01-09,40850.0,42850,-0.003658536585365854
2019-01-10,40800.0,14810,-0.0012239902080783353
2019-01-11,40700.0,18390,-0.0024509803921568627
2019-01-14,43000.0,98700,0.056511056511056514
2019-01-15,45800.0,117520,0.06511627906976744
2019-01-16,46000.0,36510,0.004366812227074236
2019-01-17,44800.0,33940,-0.02608695652173913
2019-01-18,44300.0,18750,-0.011160714285714286
2019-01-22,45500.0,118490,0.02708803611738149
2019-01-23,45450.0,48220,-0.001098901098901099
2019-01-24,45000.0,31970,-0.009900990099009901
2019-01-25,45000.0,38220,0.0
2019-01-28,46900.0,92430,0.042222222222222223
2019-01-29,48100.0,75160,0.0255863539445629
2019-01-30,48000.0,52900,-0.002079002079002079
2019-01-31,48000.0,26410,0.0
2019-02-01,48750.0,24390,0.015625
2019-02-04,48750.0,0,0.0
2019-02-11,49500.0,20300,0.015384615384615385
2019-02-12,50100.0,87140,0.012121212121212121
2019-02-13,51600.0,47830,0.029940119760479042
2019-02-14,51200.0,35200,-0.007751937984496124
2019-02-15,50800.0,74280,-0.0078125
2019-02-19,53600.0,42270,0.05511811023622047
2019-02-20,53400.0,23830,-0.0037313432835820895
2019-02-21,53000.0,78340,-0.00749063670411985
2019-02-22,52600.0,52280,-0.007547169811320755
2019-02-25,53000.0,210950,0.0076045627376425855
2019-02-26,54300.0,146270,0.024528301886792454
2019-02-27,54400.0,82440,0.001841620626151013
2019-02-28,53900.0,66120,-0.009191176470588236
2019-03-01,55100.0,119120,0.022263450834879406
2019-03-04,55400.0,43470,0.0054446460980036296
2019-03-05,53100.0,49960,-0.04151624548736462
2019-03-06,53800.0,109700,0.013182674199623353
2019-03-07,52000.0,46990,-0.03345724907063197
2019-03-08,52000.0,0,0.0
2019-03-11,52900.0,22300,0.01730769230769231
2019-03-12,54200.0,129880,0.024574669187145556
2019-03-13,53700.0,25680,-0.00922509225092251
2019-03-14,53500.0,11320,-0.0037243947858473
2019-03-15,52800.0,39930,-0.013084112149532711
2019-03-18,53400.0,79540,0.011363636363636364
2019-03-19,53000.0,77290,-0.00749063670411985
2019-03-20,52800.0,15480,-0.0037735849056603774
2019-03-21,51500.0,50160,-0.02462121212121212
2019-03-22,51100.0,66190,-0.007766990291262136
2019-03-25,50700.0,35870,-0.007827788649706457
2019-03-26,51600.0,17130,0.01775147928994083
2019-03-27,51700.0,25360,0.001937984496124031
2019-03-28,52000.0,19170,0.005802707930367505
2019-03-29,51000.0,13710,-0.019230769230769232
2019-04-01,50600.0,18150,-0.00784313725490196
2019-04-02,51000.0,41120,0.007905138339920948
2019-04-03,52900.0,121610,0.03725490196078431
2019-04-04,53000.0,95960,0.001890359168241966
2019-04-05,54500.0,425970,0.02830188679245283
2019-04-08,54700.0,122410,0.003669724770642202
2019-04-09,54000.0,138850,-0.012797074954296161
2019-04-10,56800.0,1075690,0.05185185185185185
2019-04-11,57000.0,209810,0.0035211267605633804
2019-04-12,60500.0,434420,0.06140350877192982
2019-04-15,60500.0,0,0.0
2019-04-16,60100.0,200400,-0.006611570247933884
2019-04-17,60700.0,141720,0.009983361064891847
2019-04-18,60000.0,182580,-0.011532125205930808
2019-04-22,59000.0,119820,-0.016666666666666666
2019-04-23,60400.0,94930,0.023728813559322035
2019-04-24,61800.0,161730,0.023178807947019868
2019-04-25,60900.0,43010,-0.014563106796116505
2019-04-26,60500.0,65800,-0.006568144499178982
2019-05-02,61200.0,91170,0.011570247933884297
2019-05-03,61500.0,125400,0.004901960784313725
2019-05-06,61600.0,49750,0.0016260162601626016
2019-05-07,59700.0,79610,-0.030844155844155844
2019-05-08,58100.0,217690,-0.02680067001675042
2019-05-09,57000.0,101180,-0.0189328743545611
2019-05-10,58400.0,92460,0.02456140350877193
2019-05-13,58000.0,26130,-0.00684931506849315
2019-05-14,58800.0,53470,0.013793103448275862
2019-05-15,57800.0,96180,-0.017006802721088437
2019-05-16,58600.0,80980,0.01384083044982699
2019-05-17,59100.0,62040,0.008532423208191127
2019-05-20,59000.0,96590,-0.001692047377326565
2019-05-21,60200.0,224820,0.020338983050847456
2019-05-22,59900.0,67430,-0.0049833887043189366
2019-05-23,59900.0,43130,0.0
2019-05-24,59900.0,98460,0.0
2019-05-28,59000.0,120910,-0.015025041736227046
2019-05-29,58000.0,146300,-0.01694915254237288
2019-05-30,57800.0,60520,-0.0034482758620689655
2019-05-31,57800.0,62700,0.0
2019-06-03,57000.0,76750,-0.01384083044982699
2019-06-04,57400.0,50670,0.007017543859649123
2019-06-05,58100.0,41900,0.012195121951219513
2019-06-06,58400.0,54900,0.0051635111876075735
2019-06-07,62400.0,420550,0.0684931506849315
2019-06-10,62000.0,137240,-0.00641025641025641
2019-06-11,62100.0,247290,0.0016129032258064516
2019-06-12,60100.0,114760,-0.0322061191626409
2019-06-13,61200.0,63390,0.018302828618968387
2019-06-14,61000.0,150030,-0.0032679738562091504
2019-06-17,60000.0,101730,-0.01639344262295082
2019-06-18,60200.0,59790,0.0033333333333333335
2019-06-19,60500.0,103970,0.0049833887043189366
2019-06-20,60800.0,69620,0.0049586776859504135
2019-06-21,59600.0,236390,-0.019736842105263157
2019-06-24,57900.0,354830,-0.028523489932885907
2019-06-25,58000.0,120410,0.0017271157167530224
2019-06-26,60000.0,157370,0.034482758620689655
2019-06-27,59500.0,139670,-0.008333333333333333
2019-06-28,60000.0,107820,0.008403361344537815
2019-07-01,60100.0,72480,0.0016666666666666668
2019-07-02,60800.0,95060,0.011647254575707155
2019-07-03,60800.0,38700,0.0
2019-07-05,62700.0,404470,0.03125
2019-07-08,62000.0,123920,-0.011164274322169059
2019-07-09,62000.0,0,0.0
2019-07-10,61400.0,84030,-0.00967741935483871
2019-07-11,61000.0,102580,-0.006514657980456026
2019-07-12,61500.0,55350,0.00819672131147541
2019-07-15,61200.0,53540,-0.004878048780487805
2019-07-16,62700.0,235200,0.024509803921568627
2019-07-17,61500.0,110350,-0.019138755980861243
2019-07-18,61200.0,51680,-0.004878048780487805
2019-07-19,59600.0,378000,-0.026143790849673203
2019-07-22,60000.0,109460,0.006711409395973154
2019-07-23,60500.0,132110,0.008333333333333333
2019-07-24,60400.0,59940,-0.001652892561983471
2019-07-25,60400.0,0,0.0
2019-07-31,60000.0,89750,-0.006622516556291391
2019-08-01,60300.0,85510,0.005
2019-08-02,63900.0,876890,0.05970149253731343
2019-08-05,64800.0,366320,0.014084507042253521
2019-08-06,64800.0,0,0.0
2019-08-07,64500.0,258570,-0.004629629629629629
2019-08-08,65300.0,351780,0.012403100775193798
2019-08-09,65300.0,0,0.0
2019-08-12,61400.0,381590,-0.05972434915773354
2019-08-13,62000.0,356250,0.009771986970684038
2019-08-14,61700.0,67280,-0.004838709677419355
2019-08-15,61000.0,152860,-0.011345218800648298
2019-08-16,61000.0,0,0.0
2019-08-21,60600.0,130270,-0.006557377049180328
2019-08-22,61200.0,111380,0.009900990099009901
2019-08-23,60700.0,24800,-0.008169934640522876
2019-08-26,60200.0,127980,-0.008237232289950576
2019-08-27,59900.0,257930,-0.0049833887043189366
2019-08-28,57500.0,328480,-0.04006677796327212
2019-08-29,57700.0,135840,0.0034782608695652175
2019-08-30,58000.0,141490,0.005199306759098787
2019-09-03,57500.0,105970,-0.008620689655172414
2019-09-04,54500.0,237010,-0.05217391304347826
2019-09-05,55000.0,170810,0.009174311926605505
2019-09-06,55500.0,60610,0.00909090909090909
2019-09-09,56500.0,31890,0.018018018018018018
2019-09-10,56600.0,180960,0.0017699115044247787
2019-09-11,56600.0,94810,0.0
2019-09-12,56600.0,36130,0.0
2019-09-13,56500.0,77470,-0.0017667844522968198
2019-09-16,55200.0,82940,-0.023008849557522124
2019-09-17,55400.0,20010,0.0036231884057971015
2019-09-18,55400.0,17250,0.0
2019-09-19,55700.0,16320,0.005415162454873646
2019-09-20,55800.0,22350,0.0017953321364452424
2019-09-23,55500.0,14300,-0.005376344086021506
2019-09-24,56400.0,30720,0.016216216216216217
2019-09-25,57500.0,38380,0.01950354609929078
2019-09-26,58000.0,94100,0.008695652173913044
2019-09-27,57900.0,56550,-0.0017241379310344827
2019-09-30,56500.0,49250,-0.024179620034542316
2019-10-01,55800.0,46700,-0.012389380530973451
2019-10-02,56800.0,18170,0.017921146953405017
2019-10-03,56700.0,15090,-0.0017605633802816902
2019-10-04,59400.0,123790,0.047619047619047616
2019-10-07,58000.0,16140,-0.02356902356902357
2019-10-08,58100.0,14210,0.0017241379310344827
2019-10-09,58100.0,68690,0.0
2019-10-10,57300.0,40190,-0.013769363166953529
2019-10-11,57300.0,8460,0.0
2019-10-14,56000.0,57980,-0.02268760907504363
2019-10-15,56000.0,14260,0.0
2019-10-16,55800.0,36820,-0.0035714285714285713
2019-10-17,55500.0,24950,-0.005376344086021506
2019-10-18,55500.0,38140,0.0
2019-10-21,54700.0,29840,-0.014414414414414415
2019-10-22,55500.0,36300,0.014625228519195612
2019-10-23,55500.0,18870,0.0
2019-10-24,55800.0,57740,0.005405405405405406
2019-10-25,55700.0,51170,-0.0017921146953405018
2019-10-28,55100.0,40850,-0.010771992818671455
2019-10-29,55300.0,82010,0.003629764065335753
2019-10-30,54500.0,58280,-0.014466546112115732
2019-10-31,54000.0,28470,-0.009174311926605505
2019-11-01,54600.0,67090,0.011111111111111112
2019-11-04,53700.0,30360,-0.016483516483516484
2019-11-05,51900.0,141220,-0.0335195530726257
2019-11-06,51000.0,106000,-0.017341040462427744
2019-11-07,50900.0,31540,-0.00196078431372549
2019-11-08,52000.0,115250,0.021611001964636542
2019-11-11,52900.0,80990,0.01730769230769231
2019-11-12,53000.0,35260,0.001890359168241966
2019-11-13,56100.0,226380,0.05849056603773585
2019-11-14,56700.0,147990,0.0106951871657754
2019-11-15,55000.0,65050,-0.029982363315696647
2019-11-18,53800.0,53480,-0.02181818181818182
2019-11-19,54700.0,31780,0.016728624535315983
2019-11-20,55200.0,52880,0.009140767824497258
2019-11-21,55000.0,23650,-0.0036231884057971015
2019-11-22,54200.0,42590,-0.014545454545454545
2019-11-25,54200.0,24400,0.0
2019-11-26,54800.0,20410,0.01107011070110701
2019-11-27,54800.0,29480,0.0
2019-11-29,55000.0,15250,0.0036496350364963502
2019-12-02,54300.0,9010,-0.012727272727272728
2019-12-06,54300.0,75710,0.0
2019-12-09,54500.0,59690,0.003683241252302026
2019-12-10,54000.0,95040,-0.009174311926605505
2019-12-11,48000.0,34390,-0.1111111111111111
2019-12-12,45950.0,107910,-0.042708333333333334
2019-12-13,46050.0,34520,0.002176278563656148
2019-12-16,46850.0,26920,0.01737242128121607
2019-12-17,46400.0,21590,-0.0096051227321238
2019-12-18,45800.0,24780,-0.01293103448275862
2019-12-19,45900.0,16080,0.002183406113537118
2019-12-20,45200.0,32310,-0.015250544662309368
2019-12-23,44000.0,39630,-0.02654867256637168
2019-12-24,44450.0,21270,0.010227272727272727
2019-12-26,44300.0,19120,-0.003374578177727784
2019-12-27,44250.0,25080,-0.001128668171557562
2019-12-30,44300.0,29440,0.0011299435028248588
2019-12-31,44300.0,10000,0.0
