Date,Adj Close,Volume,LogReturn
2019-01-02,19.209999084472656,1039300,
2019-01-03,19.1200008392334,773400,-0.004684968741721749
2019-01-04,19.690000534057617,1044300,0.029811698211571442
2019-01-07,19.649999618530273,799000,-0.0020315345069775153
2019-01-08,20.059999465942383,724600,0.02086513258888172
2019-01-09,20.170000076293945,1680700,0.005483579924232808
2019-01-10,20.579999923706055,1837900,0.020327210999566993
2019-01-11,20.459999084472656,713600,-0.005830944590780574
2019-01-14,20.280000686645508,520700,-0.008797576045042516
2019-01-15,20.639999389648438,637100,0.017751414734418172
2019-01-16,20.5,554900,-0.006782916365717108
2019-01-17,20.84000015258789,795900,0.016585373296970275
2019-01-18,21.489999771118164,1665500,0.031190000660799282
2019-01-22,21.239999771118164,1375400,-0.011633317946144958
2019-01-23,20.959999084472656,848500,-0.013182706669622877
2019-01-24,20.8799991607666,493100,-0.003816790419867876
2019-01-25,21.0,454200,0.005747166860948889
2019-01-28,20.979999542236328,495700,-0.0009524027506510416
2019-01-29,21.040000915527344,506400,0.0028599320591128994
2019-01-30,21.200000762939453,768600,0.007604555154464411
2019-01-31,21.270000457763672,1487900,0.0033018722785419868
2019-02-01,21.309999465942383,1356900,0.001880536310196038
2019-02-04,21.34000015258789,1050000,0.0014078220270936598
2019-02-05,21.260000228881836,1065700,-0.0037488248891297754
2019-02-06,21.530000686645508,992300,0.012699927321584628
2019-02-07,21.549999237060547,571000,0.0009288690096254217
2019-02-08,21.290000915527344,594200,-0.012064887737261344
2019-02-11,21.06999969482422,1278300,-0.010333546793916409
2019-02-12,21.209999084472656,2506700,0.006644489400862589
2019-02-13,21.100000381469727,929500,-0.005186171982603109
2019-02-14,21.540000915527344,1708000,0.020853105502501836
2019-02-15,21.5,895400,-0.0018570526382154728
2019-02-19,21.6299991607666,724700,0.0060464725937954215
2019-02-20,21.829999923706055,881100,0.009246452644446833
2019-02-21,21.979999542236328,713700,0.006871260607169446
2019-02-22,22.15999984741211,1182900,0.00818927702113443
2019-02-25,21.700000762939453,1353200,-0.020758081572206145
2019-02-26,21.649999618530273,965400,-0.0023042001221757836
2019-02-27,21.75,1238300,0.004618955345575898
2019-02-28,21.979999542236328,1822400,0.010574691597072557
2019-03-01,22.06999969482422,1285400,0.004094638510567215
2019-03-04,21.729999542236328,1251900,-0.015405534992718024
2019-03-05,21.770000457763672,1028100,0.001840815295444184
2019-03-06,21.190000534057617,1102600,-0.02664216405651079
2019-03-07,21.290000915527344,1238300,0.004719225056601627
2019-03-08,20.979999542236328,869600,-0.014560890557074786
2019-03-11,21.229999542236328,1693100,0.011916110841504417
2019-03-12,21.280000686645508,971700,0.002355211751639664
2019-03-13,21.3799991607666,936500,0.004699176263835784
2019-03-14,21.200000762939453,695200,-0.008419008647926178
2019-03-15,21.309999465942383,1867400,0.005188617879449453
2019-03-18,21.290000915527344,859500,-0.0009384585131970896
2019-03-19,21.079999923706055,694300,-0.009863831977016495
2019-03-20,20.649999618530273,1941900,-0.020398496524291414
2019-03-21,21.1200008392334,952000,0.022760350091307967
2019-03-22,20.809999465942383,742900,-0.014678094743024067
2019-03-25,20.989999771118164,2094000,0.008649702537012052
2019-03-26,21.079999923706055,1280300,0.004287763390628003
2019-03-27,21.290000915527344,1228700,0.00996209642226455
2019-03-28,21.540000915527344,716500,0.011742601655675299
2019-03-29,21.649999618530273,949300,0.00510671765680548
2019-04-01,21.459999084472656,744500,-0.00877600634666965
2019-04-02,21.100000381469727,651600,-0.016775336363523245
2019-04-03,21.299999237060547,754200,0.009478618577014895
2019-04-04,21.780000686645508,592100,0.02253528013042325
2019-04-05,21.969999313354492,656100,0.008723536304821275
2019-04-08,21.860000610351562,633200,-0.005006768613600585
2019-04-09,21.530000686645508,631100,-0.015096061962129446
2019-04-10,21.829999923706055,774100,0.01393400963738141
2019-04-11,21.790000915527344,278500,-0.0018322953879296373
2019-04-12,22.049999237060547,1217200,0.011932001404732885
2019-04-15,22.149999618530273,580800,0.004535164849423254
2019-04-16,22.059999465942383,699600,-0.004063212376428133
2019-04-17,21.780000686645508,1055100,-0.012692601363347935
2019-04-18,21.729999542236328,511000,-0.0022957365855290394
2019-04-22,21.600000381469727,548200,-0.005982474160384763
2019-04-23,21.739999771118164,709400,0.006481453109998118
2019-04-24,21.43000030517578,841800,-0.014259405207272386
2019-04-25,20.920000076293945,1207300,-0.023798423780640846
2019-04-26,21.0,789900,0.003824088117318352
2019-04-29,21.6299991607666,920400,0.029999960036504836
2019-04-30,21.809999465942383,1120000,0.008321789743860617
2019-05-01,21.459999084472656,1572300,-0.016047702431917665
2019-05-02,21.170000076293945,677500,-0.013513467872817347
2019-05-03,21.170000076293945,878600,0.0
2019-05-06,21.149999618530273,799100,-0.0009447547327157681
2019-05-07,20.760000228881836,1025300,-0.0184396877864123
2019-05-08,20.350000381469727,647800,-0.019749510736599474
2019-05-09,20.600000381469727,1194400,0.012285012054724315
2019-05-10,20.540000915527344,1095300,-0.0029125953801609635
2019-05-13,20.18000030517578,1159800,-0.0175268059544933
2019-05-14,20.190000534057617,1662400,0.0004955514732708438
2019-05-15,20.219999313354492,578900,0.0014858236009588702
2019-05-16,20.59000015258789,1432200,0.018298756270927658
2019-05-17,20.18000030517578,767100,-0.019912571363462462
2019-05-20,19.959999084472656,623500,-0.010901943378400194
2019-05-21,20.040000915527344,891200,0.004008107952115226
2019-05-22,20.1299991607666,1065800,0.0044909301959924364
2019-05-23,19.350000381469727,1139200,-0.03874807808323678
2019-05-24,19.260000228881836,614300,-0.0046511705846826795
2019-05-28,18.979999542236328,599000,-0.01453793786698016
2019-05-29,19.309999465942383,1629000,0.01738671926580944
2019-05-30,19.18000030517578,1004000,-0.0067322198012426115
2019-05-31,18.899999618530273,1535900,-0.014598575713783944
2019-06-03,19.229999542236328,1145600,0.017460313776012478
2019-06-04,19.510000228881836,928000,0.014560618476902236
2019-06-05,19.239999771118164,1083900,-0.013839080194574976
2019-06-06,19.350000381469727,849300,0.005717287508323584
2019-06-07,19.239999771118164,770900,-0.005684785952609238
2019-06-10,19.420000076293945,791100,0.009355525328331137
2019-06-11,19.440000534057617,555600,0.0010298896851234566
2019-06-12,19.25,719200,-0.0097736897550362
2019-06-13,19.739999771118164,1135600,0.02545453356457995
2019-06-14,19.489999771118164,565600,-0.012664640471059077
2019-06-17,19.450000762939453,872800,-0.0020522836659025855
2019-06-18,19.81999969482422,630400,0.01902308058464303
2019-06-19,20.139999389648438,943200,0.016145292621158984
2019-06-20,20.3799991607666,1083300,0.011916572909208688
2019-06-21,20.190000534057617,993600,-0.009322798554121114
2019-06-24,20.15999984741211,828200,-0.0014859180709233257
2019-06-25,19.940000534057617,754900,-0.01091266443549765
2019-06-26,19.81999969482422,618500,-0.00601809608923713
2019-06-27,20.020000457763672,808100,0.010090856004991825
2019-06-28,19.889999389648438,1750100,-0.0064935596974384936
2019-07-01,19.860000610351562,825100,-0.0015082342995187611
2019-07-02,19.860000610351562,539800,0.0
2019-07-03,19.760000228881836,252800,-0.005035265780284201
2019-07-05,19.940000534057617,388500,0.009109327079495027
2019-07-08,19.889999389648438,483700,-0.002507579893178914
2019-07-09,19.940000534057617,627400,0.00251388365729173
2019-07-10,19.989999771118164,402700,0.002507484238786651
2019-07-11,19.959999084472656,654900,-0.0015007847418214196
2019-07-12,20.280000686645508,636700,0.016032145132801545
2019-07-15,19.940000534057617,463200,-0.016765292952469306
2019-07-16,19.75,503400,-0.009528612285295347
2019-07-17,19.719999313354492,584900,-0.0015190221086333069
2019-07-18,19.81999969482422,435900,0.0050710134356853525
2019-07-19,19.760000228881836,558800,-0.0030272183080835785
2019-07-22,19.6200008392334,421600,-0.007084989272611951
2019-07-23,19.860000610351562,422900,0.012232403713166275
2019-07-24,19.889999389648438,460300,0.0015105125062906007
2019-07-25,20.079999923706055,953900,0.00955256610799602
2019-07-26,20.43000030517578,888400,0.0174302979481849
2019-07-29,20.399999618530273,791300,-0.0014684623689363025
2019-07-30,20.459999084472656,971300,0.0029411503462913055
2019-07-31,20.329999923706055,1397100,-0.006353820458636262
2019-08-01,20.229999542236328,666700,-0.00491885793630131
2019-08-02,20.0,791000,-0.011369231213086958
2019-08-05,19.559999465942383,1188400,-0.02200002670288086
2019-08-06,19.6299991607666,542900,0.0035787166020173626
2019-08-07,19.68000030517578,751600,0.002547180160308627
2019-08-08,20.350000381469727,849300,0.034044718795951306
2019-08-09,19.950000762939453,938300,-0.019656000542118145
2019-08-12,19.459999084472656,429900,-0.02456148670315136
2019-08-13,19.520000457763672,484900,0.0030833184025631003
2019-08-14,18.899999618530273,754300,-0.031762337330622656
2019-08-15,18.639999389648438,685500,-0.013756626144421817
2019-08-16,18.969999313354492,665600,0.017703859147619783
2019-08-19,19.139999389648438,768600,0.008961522532806247
2019-08-20,18.90999984741211,795700,-0.012016695379871312
2019-08-21,18.989999771118164,544700,0.00423056183773597
2019-08-22,18.93000030517578,480500,-0.0031595295769110973
2019-08-23,18.40999984741211,747100,-0.027469648673037528
2019-08-26,18.559999465942383,523600,0.008147725137073202
2019-08-27,18.290000915527344,741900,-0.01454733610906006
2019-08-28,18.40999984741211,647100,0.006560903547188575
2019-08-29,18.59000015258789,551800,0.009777311606066302
2019-08-30,18.600000381469727,573800,0.0005379359225257358
2019-09-03,18.440000534057617,966700,-0.008602142157561965
2019-09-04,18.549999237060547,893900,0.005965222332817639
2019-09-05,18.860000610351562,1015400,0.016711665015687556
2019-09-06,18.920000076293945,1029400,0.0031813077412866735
2019-09-09,19.200000762939453,1375500,0.014799190566406934
2019-09-10,19.200000762939453,903700,0.0
2019-09-11,19.799999237060547,1819800,0.031249919285380075
2019-09-12,20.139999389648438,1553900,0.017171725539842298
2019-09-13,20.299999237060547,1002900,0.007944381939472459
2019-09-16,20.209999084472656,843300,-0.004433505220216093
2019-09-17,20.209999084472656,710000,0.0
2019-09-18,20.139999389648438,447800,-0.0034636169220808883
2019-09-19,19.940000534057617,620600,-0.009930430072089068
2019-09-20,19.799999237060547,1512500,-0.007021128046508696
2019-09-23,19.739999771118164,635400,-0.003030276174459599
2019-09-24,19.219999313354492,844400,-0.026342475369452178
2019-09-25,19.479999542236328,617700,0.013527587834052723
2019-09-26,19.3700008392334,435500,-0.005646750800195435
2019-09-27,18.889999389648438,571100,-0.024780662301920574
2019-09-30,19.1299991607666,1433400,0.01270512328601143
2019-10-01,18.639999389648438,746000,-0.025614207664112
2019-10-02,18.6200008392334,1551600,-0.001072883641087729
2019-10-03,18.530000686645508,791900,-0.004833520329293176
2019-10-04,18.780000686645508,612900,0.013491634686240133
2019-10-07,18.68000030517578,771400,-0.005324833749385164
2019-10-08,18.459999084472656,1081300,-0.011777367082920653
2019-10-09,18.6200008392334,715500,0.008667484436406348
2019-10-10,18.479999542236328,1070500,-0.00751886630972001
2019-10-11,18.940000534057617,1132500,0.02489182917834763
2019-10-14,19.010000228881836,887300,0.0036958655148053654
2019-10-15,19.020000457763672,735900,0.0005260509606224318
2019-10-16,18.90999984741211,663100,-0.0057834178603640325
2019-10-17,19.1299991607666,998300,0.011634019837636315
2019-10-18,18.920000076293945,716900,-0.010977474839797165
2019-10-21,18.969999313354492,839800,0.002642665795926399
2019-10-22,18.8799991607666,1239000,-0.004744341372987418
2019-10-23,18.84000015258789,787700,-0.0021185916290627008
2019-10-24,18.920000076293945,707700,0.004246280417097862
2019-10-25,18.989999771118164,423200,0.003699772438792205
2019-10-28,19.40999984741211,744200,0.02211690791764633
2019-10-29,19.299999237060547,868600,-0.005667213354781589
2019-10-30,19.270000457763672,514000,-0.0015543409576550798
2019-10-31,19.299999237060547,672500,0.001556760694563908
2019-11-01,19.770000457763672,687700,0.024352395817747594
2019-11-04,20.149999618530273,662600,0.019220999087907257
2019-11-05,20.06999969482422,635400,-0.003970219613924232
2019-11-06,20.25,1186200,0.008968625207413476
2019-11-07,22.030000686645508,1930800,0.08790126847632138
2019-11-08,22.600000381469727,1232100,0.025873793783844506
2019-11-11,22.969999313354492,866400,0.016371633877853228
2019-11-12,22.610000610351562,953200,-0.015672560459922633
2019-11-13,22.700000762939453,825500,0.003980546225491288
2019-11-14,22.850000381469727,587200,0.0066079124884949915
2019-11-15,23.079999923706055,1191500,0.010065625312761348
2019-11-18,22.899999618530273,761300,-0.007798973386949554
2019-11-19,22.969999313354492,579800,0.003056755283418269
2019-11-20,22.719999313354492,735500,-0.010883761753299352
2019-11-21,22.940000534057617,686600,0.009683152612324747
2019-11-22,23.049999237060547,484200,0.00479506104804232
2019-11-25,23.510000228881836,950700,0.019956659741735883
2019-11-26,23.510000228881836,987800,0.0
2019-11-27,23.670000076293945,453400,0.0068056080754755124
2019-11-29,23.799999237060547,581300,0.005492148726133666
2019-12-02,23.84000015258789,1132600,0.0016807107903203497
2019-12-03,23.809999465942383,1076900,-0.0012584180559349185
2019-12-04,23.790000915527344,659500,-0.0008399223378246949
2019-12-05,23.65999984741211,741800,-0.005464525561677671
2019-12-06,24.049999237060547,765500,0.01648349079305235
2019-12-09,24.079999923706055,727600,0.0012474298377222973
2019-12-10,24.219999313354492,641300,0.005813928159966986
2019-12-11,24.639999389648438,1176600,0.017341044104091468
2019-12-12,25.270000457763672,4036200,0.025568225800358804
2019-12-13,25.1200008392334,1337900,-0.005935877159202394
2019-12-16,25.190000534057617,1132400,0.002786611962006406
2019-12-17,27.079999923706055,3317000,0.07502974789909604
2019-12-18,27.170000076293945,1310400,0.0033234916115750706
2019-12-19,27.149999618530273,1203400,-0.0007361228453261008
2019-12-20,27.68000030517578,3405500,0.019521204202293047
2019-12-23,27.809999465942383,859300,0.004696501421002279
2019-12-24,27.719999313354492,326100,-0.0032362515036402514
2019-12-26,27.989999771118164,543700,0.009740276495374782
2019-12-27,28.0,645100,0.0003572786339267784
2019-12-30,27.959999084472656,957600,-0.0014286041259765625
2019-12-31,28.079999923706055,991400,0.004291875649596851
